Kanalnummer	Impulse
Kanal/#	Impulse/#

0	0
1	0
2	0
3	0
4	0
5	0
6	0
7	0
8	0
9	0
10	0
11	0
12	0
13	0
14	0
15	0
16	0
17	0
18	0
19	0
20	0
21	0
22	0
23	0
24	0
25	0
26	0
27	0
28	0
29	0
30	0
31	0
32	0
33	0
34	0
35	0
36	0
37	0
38	0
39	0
40	0
41	0
42	0
43	0
44	0
45	0
46	0
47	0
48	0
49	0
50	0
51	0
52	0
53	0
54	0
55	0
56	0
57	0
58	0
59	1
60	0
61	0
62	0
63	1
64	0
65	1
66	2
67	3
68	1
69	1
70	2
71	0
72	1
73	0
74	0
75	3
76	2
77	2
78	0
79	2
80	3
81	3
82	4
83	4
84	2
85	2
86	2
87	2
88	2
89	3
90	2
91	2
92	2
93	2
94	1
95	4
96	5
97	1
98	2
99	1
100	2
101	2
102	1
103	3
104	4
105	0
106	4
107	3
108	4
109	3
110	1
111	0
112	4
113	1
114	3
115	1
116	4
117	4
118	2
119	4
120	0
121	5
122	5
123	8
124	4
125	3
126	2
127	5
128	0
129	1
130	4
131	2
132	5
133	3
134	0
135	3
136	4
137	2
138	1
139	1
140	1
141	2
142	3
143	1
144	3
145	3
146	2
147	1
148	2
149	5
150	3
151	2
152	2
153	1
154	1
155	2
156	2
157	3
158	5
159	2
160	4
161	1
162	0
163	2
164	4
165	1
166	4
167	4
168	3
169	1
170	6
171	3
172	3
173	2
174	4
175	3
176	1
177	5
178	2
179	5
180	1
181	2
182	0
183	3
184	6
185	2
186	3
187	4
188	2
189	0
190	0
191	2
192	3
193	3
194	3
195	3
196	1
197	0
198	4
199	1
200	2
201	1
202	1
203	6
204	4
205	4
206	3
207	4
208	2
209	2
210	1
211	3
212	3
213	2
214	3
215	1
216	4
217	8
218	1
219	5
220	4
221	1
222	2
223	2
224	5
225	0
226	1
227	2
228	3
229	1
230	2
231	1
232	3
233	8
234	1
235	3
236	0
237	1
238	3
239	3
240	3
241	3
242	1
243	3
244	0
245	4
246	2
247	3
248	2
249	5
250	2
251	2
252	2
253	5
254	5
255	3
256	4
257	2
258	1
259	1
260	3
261	2
262	2
263	5
264	2
265	3
266	1
267	0
268	1
269	3
270	4
271	2
272	3
273	3
274	2
275	0
276	3
277	0
278	1
279	4
280	0
281	5
282	8
283	1
284	3
285	0
286	1
287	3
288	4
289	1
290	1
291	1
292	5
293	1
294	4
295	1
296	1
297	3
298	5
299	1
300	1
301	3
302	2
303	2
304	1
305	4
306	1
307	2
308	1
309	2
310	2
311	1
312	0
313	2
314	2
315	2
316	4
317	1
318	4
319	4
320	1
321	2
322	2
323	2
324	1
325	3
326	1
327	1
328	2
329	4
330	1
331	4
332	2
333	1
334	0
335	1
336	1
337	1
338	1
339	2
340	4
341	2
342	1
343	3
344	2
345	2
346	0
347	1
348	3
349	2
350	0
351	3
352	1
353	3
354	4
355	3
356	2
357	2
358	0
359	1
360	2
361	2
362	3
363	1
364	1
365	2
366	0
367	1
368	2
369	3
370	1
371	1
372	4
373	2
374	4
375	2
376	5
377	0
378	3
379	3
380	0
381	0
382	0
383	3
384	1
385	2
386	1
387	3
388	3
389	1
390	2
391	0
392	2
393	2
394	1
395	5
396	1
397	0
398	4
399	1
400	1
401	1
402	1
403	0
404	1
405	2
406	2
407	1
408	1
409	0
410	2
411	1
412	3
413	0
414	1
415	1
416	0
417	1
418	2
419	2
420	2
421	2
422	1
423	1
424	3
425	1
426	0
427	1
428	2
429	3
430	1
431	2
432	1
433	3
434	1
435	2
436	3
437	2
438	3
439	1
440	2
441	2
442	2
443	1
444	0
445	2
446	2
447	4
448	1
449	0
450	2
451	2
452	2
453	2
454	5
455	3
456	1
457	2
458	4
459	1
460	2
461	3
462	1
463	1
464	1
465	0
466	0
467	5
468	0
469	0
470	2
471	3
472	2
473	2
474	2
475	4
476	4
477	1
478	1
479	0
480	2
481	2
482	2
483	0
484	1
485	0
486	1
487	2
488	2
489	3
490	2
491	5
492	2
493	4
494	3
495	3
496	0
497	2
498	3
499	2
500	3
501	1
502	2
503	1
504	0
505	0
506	3
507	1
508	4
509	1
510	3
511	5
512	1
513	3
514	2
515	3
516	0
517	2
518	1
519	3
520	1
521	2
522	0
523	3
524	2
525	1
526	1
527	1
528	0
529	2
530	0
531	3
532	1
533	5
534	2
535	2
536	3
537	2
538	2
539	0
540	0
541	0
542	3
543	4
544	1
545	4
546	0
547	4
548	2
549	1
550	1
551	1
552	2
553	3
554	2
555	1
556	4
557	2
558	3
559	2
560	1
561	2
562	1
563	1
564	0
565	0
566	4
567	4
568	2
569	5
570	1
571	2
572	1
573	1
574	6
575	4
576	3
577	1
578	0
579	1
580	6
581	0
582	5
583	2
584	1
585	7
586	2
587	3
588	3
589	2
590	1
591	2
592	3
593	3
594	2
595	2
596	1
597	1
598	4
599	2
600	3
601	2
602	3
603	4
604	1
605	5
606	1
607	2
608	3
609	1
610	1
611	1
612	3
613	2
614	0
615	2
616	2
617	1
618	2
619	1
620	2
621	1
622	1
623	1
624	0
625	3
626	0
627	0
628	1
629	2
630	1
631	3
632	1
633	3
634	3
635	3
636	0
637	3
638	4
639	3
640	1
641	5
642	4
643	1
644	2
645	2
646	3
647	2
648	2
649	2
650	2
651	0
652	1
653	3
654	1
655	1
656	3
657	5
658	2
659	4
660	1
661	0
662	0
663	2
664	3
665	3
666	2
667	4
668	2
669	4
670	1
671	2
672	2
673	3
674	3
675	3
676	1
677	4
678	3
679	2
680	1
681	1
682	0
683	2
684	6
685	6
686	1
687	0
688	0
689	1
690	1
691	1
692	1
693	1
694	2
695	1
696	3
697	0
698	2
699	4
700	2
701	0
702	1
703	2
704	3
705	4
706	2
707	4
708	0
709	2
710	4
711	1
712	2
713	1
714	5
715	3
716	2
717	1
718	0
719	2
720	3
721	4
722	2
723	5
724	4
725	3
726	4
727	2
728	7
729	8
730	2
731	4
732	1
733	2
734	3
735	2
736	1
737	4
738	6
739	3
740	6
741	5
742	9
743	2
744	5
745	4
746	3
747	3
748	5
749	2
750	6
751	4
752	2
753	4
754	2
755	3
756	3
757	4
758	3
759	1
760	2
761	3
762	6
763	0
764	2
765	2
766	2
767	6
768	2
769	1
770	4
771	1
772	4
773	5
774	5
775	7
776	6
777	4
778	7
779	4
780	5
781	7
782	8
783	3
784	5
785	5
786	5
787	12
788	8
789	6
790	9
791	7
792	6
793	10
794	4
795	4
796	6
797	7
798	8
799	7
800	8
801	3
802	5
803	9
804	5
805	9
806	5
807	2
808	9
809	12
810	7
811	6
812	4
813	6
814	6
815	16
816	5
817	5
818	4
819	5
820	14
821	6
822	16
823	17
824	9
825	7
826	7
827	11
828	9
829	9
830	6
831	8
832	9
833	8
834	9
835	10
836	9
837	8
838	10
839	10
840	14
841	10
842	8
843	10
844	9
845	8
846	7
847	9
848	7
849	12
850	10
851	11
852	6
853	7
854	11
855	4
856	11
857	11
858	11
859	8
860	9
861	11
862	9
863	9
864	5
865	8
866	8
867	6
868	12
869	8
870	10
871	8
872	4
873	10
874	14
875	11
876	7
877	6
878	10
879	9
880	10
881	7
882	10
883	7
884	15
885	8
886	4
887	9
888	6
889	11
890	6
891	10
892	11
893	8
894	10
895	2
896	11
897	13
898	9
899	12
900	11
901	6
902	8
903	4
904	6
905	11
906	7
907	7
908	6
909	10
910	4
911	5
912	7
913	11
914	7
915	11
916	6
917	7
918	5
919	5
920	6
921	6
922	12
923	9
924	9
925	5
926	6
927	12
928	4
929	5
930	4
931	7
932	13
933	14
934	11
935	10
936	7
937	12
938	11
939	7
940	5
941	5
942	11
943	3
944	10
945	14
946	9
947	12
948	7
949	6
950	9
951	13
952	4
953	10
954	11
955	7
956	14
957	8
958	11
959	11
960	5
961	4
962	7
963	15
964	6
965	10
966	9
967	6
968	13
969	8
970	7
971	9
972	21
973	10
974	8
975	10
976	12
977	8
978	8
979	15
980	15
981	10
982	13
983	14
984	14
985	9
986	13
987	10
988	10
989	10
990	6
991	14
992	7
993	8
994	11
995	9
996	18
997	8
998	15
999	12
1000	8
1001	10
1002	14
1003	13
1004	10
1005	9
1006	12
1007	8
1008	10
1009	10
1010	12
1011	11
1012	9
1013	9
1014	19
1015	7
1016	11
1017	15
1018	9
1019	16
1020	8
1021	21
1022	13
1023	23
1024	6
1025	15
1026	17
1027	17
1028	21
1029	13
1030	15
1031	16
1032	23
1033	18
1034	15
1035	16
1036	19
1037	22
1038	18
1039	23
1040	20
1041	26
1042	20
1043	26
1044	22
1045	24
1046	33
1047	27
1048	26
1049	29
1050	27
1051	35
1052	29
1053	28
1054	32
1055	48
1056	16
1057	36
1058	42
1059	28
1060	32
1061	33
1062	31
1063	46
1064	32
1065	47
1066	29
1067	33
1068	40
1069	34
1070	44
1071	44
1072	37
1073	52
1074	41
1075	69
1076	48
1077	55
1078	64
1079	46
1080	35
1081	73
1082	43
1083	58
1084	58
1085	50
1086	57
1087	76
1088	42
1089	70
1090	59
1091	68
1092	68
1093	57
1094	76
1095	66
1096	59
1097	82
1098	65
1099	88
1100	90
1101	85
1102	79
1103	89
1104	48
1105	89
1106	85
1107	91
1108	84
1109	72
1110	85
1111	71
1112	77
1113	100
1114	72
1115	98
1116	80
1117	74
1118	99
1119	115
1120	94
1121	86
1122	109
1123	85
1124	96
1125	77
1126	109
1127	84
1128	66
1129	115
1130	78
1131	92
1132	107
1133	119
1134	101
1135	92
1136	82
1137	108
1138	111
1139	110
1140	103
1141	89
1142	107
1143	115
1144	95
1145	99
1146	92
1147	108
1148	90
1149	93
1150	87
1151	108
1152	44
1153	94
1154	72
1155	90
1156	101
1157	69
1158	99
1159	80
1160	67
1161	96
1162	64
1163	67
1164	75
1165	70
1166	74
1167	63
1168	59
1169	72
1170	47
1171	59
1172	55
1173	46
1174	57
1175	49
1176	47
1177	65
1178	42
1179	38
1180	36
1181	39
1182	35
1183	41
1184	31
1185	41
1186	29
1187	38
1188	25
1189	37
1190	30
1191	28
1192	20
1193	34
1194	20
1195	28
1196	26
1197	25
1198	24
1199	14
1200	15
1201	24
1202	17
1203	27
1204	20
1205	21
1206	17
1207	19
1208	16
1209	9
1210	16
1211	12
1212	15
1213	12
1214	11
1215	11
1216	7
1217	11
1218	9
1219	3
1220	8
1221	10
1222	15
1223	6
1224	5
1225	12
1226	6
1227	8
1228	8
1229	10
1230	7
1231	12
1232	3
1233	9
1234	10
1235	8
1236	8
1237	5
1238	8
1239	6
1240	6
1241	7
1242	7
1243	6
1244	4
1245	11
1246	8
1247	5
1248	4
1249	7
1250	11
1251	4
1252	11
1253	8
1254	11
1255	4
1256	7
1257	8
1258	8
1259	7
1260	6
1261	9
1262	10
1263	6
1264	6
1265	14
1266	9
1267	5
1268	7
1269	8
1270	14
1271	12
1272	11
1273	14
1274	9
1275	16
1276	15
1277	9
1278	17
1279	21
1280	9
1281	12
1282	13
1283	13
1284	10
1285	12
1286	12
1287	12
1288	11
1289	9
1290	12
1291	17
1292	14
1293	8
1294	17
1295	18
1296	11
1297	30
1298	21
1299	25
1300	19
1301	26
1302	21
1303	21
1304	26
1305	21
1306	23
1307	25
1308	13
1309	18
1310	22
1311	25
1312	26
1313	24
1314	25
1315	34
1316	38
1317	35
1318	30
1319	32
1320	28
1321	43
1322	31
1323	33
1324	38
1325	44
1326	32
1327	35
1328	28
1329	32
1330	35
1331	33
1332	33
1333	35
1334	60
1335	46
1336	32
1337	62
1338	40
1339	61
1340	40
1341	65
1342	49
1343	76
1344	39
1345	57
1346	49
1347	42
1348	55
1349	60
1350	61
1351	48
1352	52
1353	57
1354	49
1355	67
1356	75
1357	62
1358	62
1359	74
1360	41
1361	61
1362	60
1363	80
1364	69
1365	56
1366	75
1367	67
1368	56
1369	80
1370	65
1371	87
1372	67
1373	58
1374	87
1375	81
1376	49
1377	62
1378	93
1379	82
1380	66
1381	73
1382	102
1383	87
1384	81
1385	95
1386	70
1387	74
1388	93
1389	81
1390	94
1391	83
1392	63
1393	69
1394	78
1395	78
1396	96
1397	61
1398	90
1399	72
1400	64
1401	78
1402	71
1403	92
1404	88
1405	67
1406	61
1407	91
1408	62
1409	69
1410	56
1411	62
1412	79
1413	47
1414	80
1415	55
1416	64
1417	77
1418	57
1419	65
1420	71
1421	55
1422	57
1423	50
1424	51
1425	50
1426	48
1427	52
1428	48
1429	40
1430	31
1431	28
1432	46
1433	59
1434	32
1435	31
1436	35
1437	47
1438	44
1439	40
1440	18
1441	32
1442	36
1443	29
1444	28
1445	23
1446	40
1447	17
1448	17
1449	36
1450	20
1451	13
1452	25
1453	15
1454	24
1455	11
1456	21
1457	20
1458	12
1459	13
1460	20
1461	11
1462	19
1463	13
1464	8
1465	20
1466	11
1467	10
1468	11
1469	9
1470	15
1471	6
1472	6
1473	5
1474	11
1475	7
1476	6
1477	7
1478	12
1479	4
1480	1
1481	6
1482	7
1483	7
1484	0
1485	8
1486	1
1487	4
1488	3
1489	3
1490	4
1491	3
1492	2
1493	6
1494	0
1495	3
1496	0
1497	2
1498	1
1499	2
1500	2
1501	4
1502	4
1503	1
1504	0
1505	1
1506	3
1507	3
1508	3
1509	1
1510	6
1511	2
1512	1
1513	1
1514	0
1515	1
1516	3
1517	1
1518	2
1519	1
1520	2
1521	2
1522	1
1523	1
1524	1
1525	2
1526	0
1527	0
1528	0
1529	2
1530	1
1531	2
1532	2
1533	2
1534	1
1535	4
1536	0
1537	4
1538	3
1539	2
1540	2
1541	2
1542	3
1543	0
1544	2
1545	2
1546	2
1547	1
1548	1
1549	2
1550	2
1551	2
1552	3
1553	2
1554	2
1555	1
1556	2
1557	0
1558	0
1559	0
1560	1
1561	3
1562	3
1563	4
1564	1
1565	3
1566	3
1567	0
1568	1
1569	2
1570	4
1571	1
1572	3
1573	1
1574	5
1575	3
1576	3
1577	3
1578	4
1579	0
1580	2
1581	5
1582	2
1583	3
1584	3
1585	3
1586	6
1587	2
1588	8
1589	1
1590	4
1591	4
1592	4
1593	5
1594	1
1595	6
1596	6
1597	7
1598	2
1599	1
1600	4
1601	6
1602	1
1603	8
1604	3
1605	4
1606	7
1607	7
1608	3
1609	3
1610	4
1611	6
1612	9
1613	7
1614	8
1615	5
1616	3
1617	9
1618	2
1619	10
1620	9
1621	5
1622	16
1623	4
1624	4
1625	6
1626	7
1627	9
1628	6
1629	7
1630	7
1631	6
1632	9
1633	9
1634	10
1635	6
1636	14
1637	5
1638	7
1639	8
1640	5
1641	16
1642	3
1643	5
1644	13
1645	5
1646	11
1647	9
1648	7
1649	9
1650	11
1651	14
1652	5
1653	9
1654	10
1655	6
1656	11
1657	11
1658	4
1659	13
1660	5
1661	10
1662	13
1663	7
1664	7
1665	7
1666	10
1667	12
1668	5
1669	6
1670	17
1671	7
1672	11
1673	11
1674	8
1675	7
1676	13
1677	7
1678	7
1679	8
1680	4
1681	8
1682	6
1683	12
1684	4
1685	2
1686	11
1687	5
1688	9
1689	8
1690	9
1691	8
1692	5
1693	10
1694	7
1695	3
1696	3
1697	4
1698	7
1699	5
1700	10
1701	3
1702	11
1703	3
1704	6
1705	7
1706	6
1707	3
1708	7
1709	3
1710	5
1711	3
1712	6
1713	5
1714	7
1715	0
1716	3
1717	5
1718	5
1719	3
1720	2
1721	3
1722	3
1723	5
1724	3
1725	4
1726	1
1727	1
1728	3
1729	3
1730	8
1731	3
1732	3
1733	2
1734	1
1735	5
1736	2
1737	7
1738	1
1739	2
1740	2
1741	1
1742	2
1743	2
1744	1
1745	1
1746	1
1747	3
1748	3
1749	3
1750	2
1751	2
1752	1
1753	2
1754	0
1755	3
1756	0
1757	3
1758	1
1759	2
1760	1
1761	1
1762	3
1763	3
1764	1
1765	0
1766	1
1767	1
1768	0
1769	1
1770	0
1771	1
1772	1
1773	3
1774	2
1775	0
1776	1
1777	3
1778	1
1779	0
1780	2
1781	1
1782	1
1783	2
1784	1
1785	1
1786	1
1787	0
1788	1
1789	0
1790	2
1791	1
1792	0
1793	2
1794	1
1795	2
1796	1
1797	0
1798	2
1799	0
1800	1
1801	1
1802	3
1803	0
1804	1
1805	2
1806	1
1807	1
1808	0
1809	1
1810	1
1811	0
1812	0
1813	1
1814	2
1815	1
1816	0
1817	0
1818	0
1819	0
1820	2
1821	0
1822	1
1823	1
1824	0
1825	0
1826	2
1827	0
1828	0
1829	0
1830	0
1831	0
1832	0
1833	1
1834	2
1835	2
1836	0
1837	1
1838	0
1839	0
1840	0
1841	0
1842	0
1843	1
1844	0
1845	1
1846	0
1847	0
1848	0
1849	0
1850	0
1851	1
1852	2
1853	0
1854	0
1855	0
1856	0
1857	0
1858	0
1859	0
1860	0
1861	0
1862	0
1863	0
1864	1
1865	0
1866	0
1867	0
1868	0
1869	1
1870	1
1871	1
1872	0
1873	0
1874	0
1875	0
1876	0
1877	2
1878	0
1879	0
1880	0
1881	0
1882	1
1883	0
1884	0
1885	1
1886	0
1887	1
1888	0
1889	0
1890	0
1891	1
1892	0
1893	0
1894	0
1895	1
1896	0
1897	0
1898	0
1899	1
1900	0
1901	1
1902	1
1903	0
1904	2
1905	0
1906	1
1907	0
1908	0
1909	0
1910	0
1911	0
1912	0
1913	1
1914	0
1915	0
1916	1
1917	1
1918	1
1919	1
1920	0
1921	0
1922	1
1923	0
1924	2
1925	2
1926	0
1927	0
1928	0
1929	0
1930	1
1931	1
1932	0
1933	0
1934	1
1935	0
1936	0
1937	0
1938	0
1939	0
1940	0
1941	0
1942	0
1943	0
1944	0
1945	0
1946	0
1947	0
1948	1
1949	0
1950	0
1951	0
1952	1
1953	0
1954	0
1955	1
1956	2
1957	0
1958	0
1959	0
1960	0
1961	0
1962	0
1963	0
1964	0
1965	1
1966	0
1967	1
1968	1
1969	1
1970	0
1971	0
1972	0
1973	0
1974	0
1975	0
1976	1
1977	2
1978	0
1979	0
1980	0
1981	1
1982	1
1983	0
1984	0
1985	2
1986	0
1987	1
1988	0
1989	0
1990	2
1991	1
1992	2
1993	0
1994	0
1995	0
1996	1
1997	1
1998	1
1999	0
2000	0
2001	0
2002	0
2003	0
2004	0
2005	0
2006	0
2007	1
2008	0
2009	2
2010	1
2011	1
2012	1
2013	0
2014	1
2015	2
2016	0
2017	1
2018	0
2019	0
2020	1
2021	0
2022	2
2023	1
2024	0
2025	0
2026	1
2027	0
2028	0
2029	0
2030	1
2031	3
2032	1
2033	1
2034	1
2035	0
2036	0
2037	0
2038	1
2039	1
2040	1
2041	0
2042	0
2043	1
2044	1
2045	0
2046	0
2047	1
2048	0
2049	0
2050	0
2051	0
2052	0
2053	1
2054	0
2055	1
2056	0
2057	0
2058	0
2059	0
2060	0
2061	0
2062	0
2063	0
2064	1
2065	1
2066	0
2067	0
2068	0
2069	2
2070	0
2071	0
2072	0
2073	0
2074	0
2075	1
2076	0
2077	0
2078	0
2079	0
2080	0
2081	0
2082	0
2083	0
2084	2
2085	0
2086	0
2087	2
2088	0
2089	0
2090	0
2091	0
2092	0
2093	1
2094	0
2095	0
2096	0
2097	0
2098	2
2099	0
2100	0
2101	0
2102	0
2103	0
2104	0
2105	0
2106	0
2107	0
2108	1
2109	0
2110	0
2111	0
2112	0
2113	0
2114	0
2115	0
2116	0
2117	0
2118	0
2119	0
2120	1
2121	0
2122	1
2123	0
2124	0
2125	0
2126	0
2127	0
2128	0
2129	0
2130	0
2131	0
2132	0
2133	0
2134	0
2135	0
2136	0
2137	0
2138	0
2139	0
2140	2
2141	1
2142	1
2143	0
2144	0
2145	0
2146	1
2147	0
2148	0
2149	1
2150	0
2151	1
2152	0
2153	1
2154	0
2155	0
2156	0
2157	0
2158	0
2159	0
2160	0
2161	0
2162	0
2163	0
2164	0
2165	0
2166	1
2167	0
2168	0
2169	1
2170	0
2171	0
2172	0
2173	1
2174	0
2175	0
2176	2
2177	0
2178	0
2179	0
2180	0
2181	0
2182	0
2183	0
2184	0
2185	0
2186	0
2187	0
2188	0
2189	0
2190	1
2191	0
2192	0
2193	0
2194	1
2195	0
2196	0
2197	0
2198	0
2199	0
2200	0
2201	0
2202	0
2203	0
2204	0
2205	0
2206	0
2207	0
2208	0
2209	1
2210	0
2211	1
2212	0
2213	0
2214	0
2215	0
2216	0
2217	0
2218	0
2219	0
2220	0
2221	0
2222	1
2223	0
2224	0
2225	0
2226	0
2227	1
2228	0
2229	3
2230	0
2231	0
2232	0
2233	1
2234	0
2235	0
2236	2
2237	1
2238	0
2239	1
2240	1
2241	0
2242	0
2243	1
2244	1
2245	0
2246	2
2247	0
2248	0
2249	1
2250	0
2251	1
2252	0
2253	1
2254	0
2255	1
2256	0
2257	0
2258	0
2259	1
2260	1
2261	0
2262	1
2263	1
2264	0
2265	0
2266	1
2267	1
2268	0
2269	1
2270	0
2271	3
2272	0
2273	0
2274	0
2275	0
2276	0
2277	1
2278	0
2279	1
2280	0
2281	1
2282	0
2283	1
2284	0
2285	0
2286	1
2287	0
2288	0
2289	0
2290	0
2291	0
2292	0
2293	0
2294	1
2295	0
2296	0
2297	0
2298	0
2299	0
2300	0
2301	1
2302	0
2303	0
2304	2
2305	1
2306	0
2307	0
2308	1
2309	0
2310	0
2311	1
2312	1
2313	2
2314	0
2315	0
2316	0
2317	0
2318	0
2319	0
2320	1
2321	0
2322	1
2323	0
2324	0
2325	0
2326	1
2327	0
2328	0
2329	1
2330	0
2331	1
2332	1
2333	0
2334	0
2335	0
2336	0
2337	0
2338	1
2339	0
2340	0
2341	0
2342	0
2343	0
2344	0
2345	0
2346	0
2347	0
2348	0
2349	1
2350	0
2351	0
2352	0
2353	0
2354	0
2355	0
2356	0
2357	0
2358	1
2359	0
2360	1
2361	0
2362	0
2363	0
2364	1
2365	0
2366	0
2367	0
2368	0
2369	0
2370	0
2371	1
2372	0
2373	0
2374	0
2375	0
2376	0
2377	0
2378	0
2379	1
2380	0
2381	0
2382	0
2383	0
2384	0
2385	1
2386	1
2387	0
2388	0
2389	0
2390	0
2391	0
2392	0
2393	0
2394	0
2395	0
2396	1
2397	0
2398	1
2399	0
2400	0
2401	1
2402	0
2403	0
2404	0
2405	0
2406	0
2407	0
2408	0
2409	1
2410	0
2411	0
2412	1
2413	0
2414	0
2415	0
2416	0
2417	0
2418	0
2419	0
2420	0
2421	0
2422	0
2423	1
2424	0
2425	0
2426	0
2427	0
2428	1
2429	0
2430	0
2431	0
2432	1
2433	0
2434	0
2435	1
2436	1
2437	1
2438	1
2439	0
2440	0
2441	1
2442	0
2443	1
2444	1
2445	0
2446	0
2447	0
2448	0
2449	0
2450	1
2451	0
2452	0
2453	1
2454	0
2455	0
2456	1
2457	0
2458	0
2459	1
2460	1
2461	0
2462	0
2463	0
2464	0
2465	1
2466	0
2467	0
2468	0
2469	0
2470	0
2471	0
2472	0
2473	0
2474	2
2475	0
2476	1
2477	0
2478	0
2479	0
2480	0
2481	0
2482	0
2483	0
2484	0
2485	0
2486	0
2487	0
2488	0
2489	0
2490	0
2491	0
2492	0
2493	0
2494	0
2495	0
2496	0
2497	0
2498	0
2499	1
2500	1
2501	1
2502	0
2503	2
2504	0
2505	1
2506	0
2507	0
2508	1
2509	0
2510	0
2511	0
2512	0
2513	1
2514	1
2515	0
2516	1
2517	0
2518	0
2519	0
2520	1
2521	0
2522	1
2523	1
2524	0
2525	1
2526	1
2527	0
2528	1
2529	1
2530	0
2531	0
2532	0
2533	0
2534	0
2535	1
2536	0
2537	0
2538	1
2539	0
2540	0
2541	0
2542	0
2543	1
2544	0
2545	1
2546	0
2547	0
2548	1
2549	0
2550	0
2551	1
2552	0
2553	1
2554	1
2555	0
2556	0
2557	0
2558	0
2559	0
2560	0
2561	0
2562	0
2563	1
2564	0
2565	0
2566	0
2567	1
2568	0
2569	0
2570	0
2571	1
2572	1
2573	0
2574	0
2575	0
2576	0
2577	0
2578	0
2579	1
2580	0
2581	0
2582	1
2583	0
2584	0
2585	0
2586	0
2587	0
2588	0
2589	0
2590	0
2591	0
2592	1
2593	1
2594	0
2595	1
2596	0
2597	0
2598	1
2599	0
2600	0
2601	0
2602	0
2603	0
2604	1
2605	1
2606	0
2607	0
2608	0
2609	0
2610	1
2611	0
2612	0
2613	1
2614	1
2615	0
2616	0
2617	0
2618	0
2619	0
2620	0
2621	1
2622	0
2623	1
2624	0
2625	1
2626	0
2627	1
2628	1
2629	0
2630	0
2631	1
2632	0
2633	0
2634	0
2635	0
2636	0
2637	1
2638	0
2639	0
2640	1
2641	0
2642	0
2643	0
2644	0
2645	0
2646	0
2647	1
2648	1
2649	0
2650	0
2651	0
2652	0
2653	0
2654	0
2655	0
2656	0
2657	0
2658	0
2659	0
2660	0
2661	0
2662	1
2663	0
2664	0
2665	0
2666	0
2667	0
2668	0
2669	1
2670	1
2671	0
2672	0
2673	0
2674	0
2675	0
2676	0
2677	0
2678	0
2679	0
2680	0
2681	0
2682	0
2683	0
2684	0
2685	0
2686	0
2687	0
2688	0
2689	0
2690	0
2691	0
2692	0
2693	1
2694	0
2695	0
2696	0
2697	0
2698	0
2699	1
2700	0
2701	0
2702	0
2703	0
2704	0
2705	0
2706	1
2707	0
2708	0
2709	0
2710	1
2711	0
2712	0
2713	0
2714	0
2715	0
2716	0
2717	0
2718	0
2719	0
2720	1
2721	0
2722	0
2723	0
2724	2
2725	1
2726	0
2727	1
2728	0
2729	0
2730	0
2731	0
2732	0
2733	0
2734	0
2735	0
2736	0
2737	0
2738	0
2739	0
2740	1
2741	0
2742	0
2743	1
2744	0
2745	0
2746	0
2747	0
2748	0
2749	1
2750	0
2751	0
2752	0
2753	0
2754	0
2755	0
2756	0
2757	0
2758	0
2759	0
2760	0
2761	0
2762	0
2763	0
2764	1
2765	0
2766	1
2767	0
2768	1
2769	0
2770	2
2771	0
2772	0
2773	0
2774	1
2775	0
2776	0
2777	0
2778	0
2779	1
2780	0
2781	0
2782	0
2783	0
2784	0
2785	1
2786	0
2787	0
2788	0
2789	0
2790	1
2791	0
2792	0
2793	1
2794	0
2795	0
2796	1
2797	0
2798	0
2799	0
2800	0
2801	0
2802	0
2803	2
2804	0
2805	0
2806	0
2807	0
2808	0
2809	0
2810	0
2811	0
2812	0
2813	0
2814	0
2815	0
2816	0
2817	0
2818	0
2819	1
2820	0
2821	0
2822	0
2823	0
2824	0
2825	0
2826	0
2827	1
2828	0
2829	0
2830	0
2831	0
2832	0
2833	0
2834	0
2835	0
2836	0
2837	0
2838	1
2839	0
2840	1
2841	0
2842	0
2843	0
2844	1
2845	1
2846	0
2847	0
2848	0
2849	0
2850	2
2851	0
2852	0
2853	0
2854	2
2855	0
2856	0
2857	0
2858	0
2859	1
2860	0
2861	0
2862	0
2863	0
2864	0
2865	0
2866	0
2867	0
2868	0
2869	0
2870	0
2871	0
2872	0
2873	0
2874	0
2875	0
2876	0
2877	0
2878	0
2879	0
2880	0
2881	0
2882	0
2883	2
2884	0
2885	0
2886	0
2887	0
2888	0
2889	2
2890	0
2891	0
2892	0
2893	0
2894	0
2895	0
2896	1
2897	1
2898	0
2899	0
2900	1
2901	0
2902	0
2903	0
2904	0
2905	0
2906	0
2907	1
2908	0
2909	0
2910	0
2911	0
2912	0
2913	0
2914	0
2915	0
2916	0
2917	0
2918	0
2919	0
2920	0
2921	0
2922	0
2923	0
2924	0
2925	0
2926	0
2927	0
2928	1
2929	0
2930	0
2931	0
2932	0
2933	0
2934	0
2935	0
2936	0
2937	0
2938	1
2939	1
2940	0
2941	0
2942	0
2943	0
2944	1
2945	0
2946	0
2947	0
2948	1
2949	0
2950	0
2951	0
2952	0
2953	0
2954	0
2955	0
2956	0
2957	0
2958	0
2959	0
2960	0
2961	0
2962	0
2963	0
2964	0
2965	0
2966	0
2967	0
2968	0
2969	0
2970	0
2971	1
2972	0
2973	0
2974	0
2975	1
2976	0
2977	0
2978	0
2979	0
2980	0
2981	0
2982	0
2983	0
2984	0
2985	0
2986	0
2987	0
2988	0
2989	1
2990	0
2991	1
2992	1
2993	0
2994	0
2995	0
2996	0
2997	0
2998	0
2999	1
3000	0
3001	1
3002	0
3003	0
3004	0
3005	1
3006	0
3007	0
3008	0
3009	0
3010	0
3011	0
3012	0
3013	0
3014	0
3015	0
3016	0
3017	0
3018	0
3019	0
3020	0
3021	0
3022	2
3023	0
3024	0
3025	0
3026	0
3027	0
3028	0
3029	0
3030	0
3031	0
3032	0
3033	1
3034	0
3035	0
3036	0
3037	0
3038	0
3039	1
3040	0
3041	0
3042	0
3043	1
3044	0
3045	0
3046	0
3047	0
3048	0
3049	0
3050	0
3051	0
3052	0
3053	0
3054	0
3055	0
3056	0
3057	0
3058	0
3059	0
3060	0
3061	0
3062	0
3063	0
3064	0
3065	0
3066	0
3067	0
3068	0
3069	0
3070	0
3071	0
3072	0
3073	0
3074	0
3075	0
3076	2
3077	0
3078	0
3079	0
3080	0
3081	0
3082	0
3083	0
3084	0
3085	0
3086	0
3087	0
3088	0
3089	0
3090	1
3091	0
3092	0
3093	0
3094	0
3095	0
3096	0
3097	1
3098	0
3099	0
3100	0
3101	0
3102	0
3103	0
3104	1
3105	0
3106	0
3107	0
3108	0
3109	0
3110	0
3111	0
3112	0
3113	0
3114	0
3115	0
3116	0
3117	0
3118	1
3119	0
3120	0
3121	0
3122	0
3123	0
3124	1
3125	0
3126	0
3127	0
3128	0
3129	0
3130	0
3131	0
3132	0
3133	0
3134	0
3135	0
3136	0
3137	0
3138	0
3139	0
3140	0
3141	0
3142	0
3143	0
3144	0
3145	0
3146	0
3147	0
3148	0
3149	0
3150	0
3151	0
3152	0
3153	0
3154	0
3155	0
3156	0
3157	0
3158	0
3159	0
3160	0
3161	0
3162	1
3163	0
3164	0
3165	0
3166	0
3167	0
3168	0
3169	0
3170	0
3171	0
3172	0
3173	1
3174	0
3175	0
3176	0
3177	0
3178	0
3179	0
3180	1
3181	0
3182	0
3183	0
3184	0
3185	0
3186	0
3187	1
3188	0
3189	0
3190	0
3191	0
3192	0
3193	0
3194	0
3195	1
3196	0
3197	1
3198	0
3199	0
3200	0
3201	0
3202	0
3203	0
3204	0
3205	0
3206	0
3207	0
3208	1
3209	0
3210	0
3211	0
3212	0
3213	0
3214	0
3215	0
3216	1
3217	1
3218	1
3219	0
3220	0
3221	0
3222	0
3223	0
3224	0
3225	0
3226	0
3227	0
3228	0
3229	0
3230	0
3231	0
3232	0
3233	0
3234	0
3235	0
3236	2
3237	0
3238	0
3239	0
3240	0
3241	0
3242	0
3243	0
3244	0
3245	1
3246	0
3247	0
3248	0
3249	0
3250	0
3251	0
3252	0
3253	0
3254	0
3255	0
3256	0
3257	0
3258	0
3259	0
3260	0
3261	0
3262	0
3263	0
3264	0
3265	1
3266	0
3267	0
3268	0
3269	0
3270	0
3271	0
3272	0
3273	0
3274	0
3275	0
3276	0
3277	1
3278	0
3279	0
3280	0
3281	0
3282	0
3283	1
3284	0
3285	0
3286	0
3287	0
3288	0
3289	0
3290	0
3291	0
3292	0
3293	0
3294	0
3295	0
3296	0
3297	0
3298	0
3299	0
3300	0
3301	0
3302	0
3303	0
3304	0
3305	0
3306	1
3307	0
3308	0
3309	0
3310	0
3311	0
3312	0
3313	0
3314	0
3315	0
3316	0
3317	0
3318	0
3319	0
3320	0
3321	0
3322	0
3323	0
3324	2
3325	0
3326	0
3327	0
3328	0
3329	0
3330	0
3331	0
3332	0
3333	0
3334	0
3335	0
3336	0
3337	0
3338	0
3339	0
3340	0
3341	0
3342	0
3343	0
3344	0
3345	0
3346	0
3347	0
3348	0
3349	0
3350	0
3351	0
3352	0
3353	0
3354	0
3355	0
3356	0
3357	0
3358	1
3359	0
3360	0
3361	0
3362	0
3363	0
3364	0
3365	0
3366	0
3367	0
3368	0
3369	0
3370	0
3371	0
3372	0
3373	1
3374	1
3375	0
3376	0
3377	0
3378	0
3379	0
3380	0
3381	1
3382	0
3383	1
3384	0
3385	0
3386	0
3387	0
3388	0
3389	0
3390	0
3391	0
3392	0
3393	0
3394	0
3395	0
3396	0
3397	0
3398	0
3399	0
3400	0
3401	0
3402	0
3403	0
3404	0
3405	0
3406	0
3407	0
3408	0
3409	0
3410	0
3411	0
3412	0
3413	0
3414	0
3415	0
3416	0
3417	0
3418	0
3419	1
3420	0
3421	0
3422	0
3423	0
3424	0
3425	0
3426	0
3427	0
3428	0
3429	0
3430	0
3431	0
3432	0
3433	1
3434	0
3435	0
3436	0
3437	0
3438	0
3439	0
3440	0
3441	0
3442	0
3443	0
3444	0
3445	0
3446	0
3447	0
3448	0
3449	0
3450	0
3451	0
3452	0
3453	0
3454	0
3455	0
3456	0
3457	0
3458	0
3459	0
3460	0
3461	0
3462	0
3463	0
3464	0
3465	0
3466	0
3467	0
3468	0
3469	0
3470	0
3471	0
3472	0
3473	0
3474	0
3475	0
3476	0
3477	0
3478	0
3479	0
3480	0
3481	0
3482	0
3483	0
3484	0
3485	0
3486	0
3487	0
3488	0
3489	0
3490	0
3491	0
3492	0
3493	0
3494	0
3495	0
3496	0
3497	0
3498	0
3499	0
3500	0
3501	0
3502	0
3503	0
3504	0
3505	0
3506	0
3507	0
3508	0
3509	0
3510	0
3511	0
3512	0
3513	0
3514	0
3515	0
3516	0
3517	0
3518	0
3519	0
3520	0
3521	0
3522	0
3523	0
3524	0
3525	0
3526	0
3527	0
3528	1
3529	0
3530	0
3531	0
3532	0
3533	0
3534	0
3535	0
3536	0
3537	0
3538	0
3539	0
3540	0
3541	0
3542	0
3543	0
3544	0
3545	0
3546	0
3547	0
3548	0
3549	0
3550	0
3551	0
3552	0
3553	0
3554	0
3555	0
3556	0
3557	0
3558	0
3559	0
3560	0
3561	0
3562	0
3563	0
3564	0
3565	0
3566	0
3567	0
3568	0
3569	0
3570	0
3571	0
3572	0
3573	0
3574	0
3575	1
3576	0
3577	0
3578	0
3579	0
3580	0
3581	0
3582	0
3583	1
3584	0
3585	0
3586	0
3587	0
3588	0
3589	0
3590	0
3591	0
3592	0
3593	0
3594	0
3595	0
3596	0
3597	0
3598	0
3599	0
3600	0
3601	0
3602	0
3603	0
3604	0
3605	0
3606	0
3607	0
3608	1
3609	0
3610	0
3611	0
3612	0
3613	0
3614	0
3615	0
3616	0
3617	0
3618	0
3619	0
3620	0
3621	0
3622	0
3623	0
3624	0
3625	0
3626	0
3627	0
3628	0
3629	0
3630	0
3631	0
3632	0
3633	0
3634	0
3635	0
3636	0
3637	0
3638	0
3639	0
3640	0
3641	0
3642	0
3643	0
3644	0
3645	0
3646	0
3647	0
3648	0
3649	0
3650	0
3651	0
3652	0
3653	0
3654	0
3655	0
3656	0
3657	0
3658	0
3659	0
3660	0
3661	0
3662	0
3663	0
3664	0
3665	1
3666	0
3667	0
3668	0
3669	0
3670	0
3671	0
3672	0
3673	0
3674	0
3675	0
3676	0
3677	0
3678	0
3679	0
3680	0
3681	0
3682	0
3683	0
3684	0
3685	0
3686	0
3687	0
3688	0
3689	0
3690	0
3691	0
3692	0
3693	0
3694	0
3695	0
3696	0
3697	1
3698	0
3699	0
3700	0
3701	0
3702	0
3703	0
3704	0
3705	0
3706	0
3707	0
3708	0
3709	0
3710	0
3711	0
3712	0
3713	0
3714	0
3715	0
3716	0
3717	0
3718	0
3719	0
3720	0
3721	0
3722	0
3723	0
3724	0
3725	1
3726	0
3727	0
3728	0
3729	0
3730	0
3731	0
3732	0
3733	0
3734	0
3735	0
3736	0
3737	0
3738	0
3739	0
3740	0
3741	0
3742	0
3743	0
3744	0
3745	0
3746	0
3747	0
3748	0
3749	0
3750	0
3751	0
3752	0
3753	0
3754	0
3755	0
3756	0
3757	0
3758	0
3759	0
3760	0
3761	0
3762	0
3763	0
3764	0
3765	0
3766	0
3767	0
3768	0
3769	0
3770	0
3771	0
3772	0
3773	0
3774	0
3775	0
3776	0
3777	0
3778	0
3779	0
3780	0
3781	0
3782	0
3783	0
3784	0
3785	0
3786	0
3787	0
3788	0
3789	0
3790	0
3791	0
3792	0
3793	0
3794	0
3795	1
3796	0
3797	0
3798	0
3799	0
3800	0
3801	0
3802	1
3803	0
3804	0
3805	0
3806	0
3807	0
3808	0
3809	0
3810	0
3811	0
3812	0
3813	0
3814	0
3815	0
3816	0
3817	0
3818	0
3819	0
3820	0
3821	0
3822	0
3823	0
3824	0
3825	0
3826	0
3827	0
3828	0
3829	0
3830	0
3831	0
3832	0
3833	0
3834	0
3835	0
3836	0
3837	0
3838	0
3839	0
3840	0
3841	0
3842	0
3843	0
3844	0
3845	0
3846	0
3847	0
3848	0
3849	0
3850	0
3851	0
3852	0
3853	0
3854	0
3855	0
3856	0
3857	0
3858	1
3859	0
3860	0
3861	0
3862	0
3863	0
3864	0
3865	0
3866	0
3867	0
3868	0
3869	0
3870	0
3871	0
3872	0
3873	0
3874	0
3875	0
3876	0
3877	0
3878	0
3879	0
3880	0
3881	0
3882	0
3883	0
3884	0
3885	0
3886	0
3887	0
3888	0
3889	0
3890	0
3891	0
3892	0
3893	0
3894	0
3895	0
3896	0
3897	0
3898	0
3899	0
3900	0
3901	0
3902	0
3903	0
3904	0
3905	0
3906	0
3907	0
3908	0
3909	0
3910	0
3911	0
3912	0
3913	0
3914	0
3915	0
3916	0
3917	0
3918	0
3919	0
3920	0
3921	0
3922	0
3923	0
3924	0
3925	0
3926	0
3927	0
3928	0
3929	0
3930	0
3931	0
3932	0
3933	0
3934	0
3935	0
3936	1
3937	0
3938	0
3939	0
3940	0
3941	0
3942	0
3943	0
3944	0
3945	0
3946	0
3947	0
3948	0
3949	0
3950	0
3951	0
3952	0
3953	0
3954	0
3955	0
3956	0
3957	0
3958	0
3959	0
3960	0
3961	0
3962	0
3963	0
3964	0
3965	0
3966	0
3967	0
3968	0
3969	0
3970	0
3971	0
3972	0
3973	0
3974	0
3975	0
3976	0
3977	0
3978	0
3979	0
3980	0
3981	0
3982	0
3983	0
3984	0
3985	0
3986	0
3987	0
3988	0
3989	0
3990	0
3991	0
3992	0
3993	0
3994	0
3995	0
3996	0
3997	0
3998	0
3999	0
4000	0
