Kanalnummer	Impulse
Kanal/#	Impulse/#

0	0
1	0
2	0
3	0
4	0
5	0
6	0
7	0
8	0
9	0
10	0
11	0
12	0
13	0
14	0
15	0
16	0
17	0
18	0
19	0
20	0
21	0
22	0
23	0
24	0
25	0
26	0
27	0
28	0
29	0
30	0
31	0
32	0
33	0
34	0
35	0
36	0
37	0
38	0
39	0
40	0
41	0
42	0
43	0
44	0
45	0
46	0
47	0
48	0
49	0
50	0
51	0
52	0
53	0
54	0
55	0
56	0
57	0
58	0
59	1
60	0
61	0
62	0
63	0
64	1
65	1
66	0
67	0
68	2
69	1
70	2
71	1
72	0
73	3
74	4
75	1
76	3
77	2
78	6
79	1
80	3
81	3
82	1
83	2
84	2
85	0
86	2
87	1
88	2
89	4
90	3
91	3
92	2
93	1
94	0
95	4
96	3
97	0
98	1
99	0
100	5
101	3
102	4
103	2
104	2
105	1
106	3
107	3
108	2
109	1
110	1
111	1
112	2
113	2
114	4
115	2
116	2
117	3
118	0
119	2
120	2
121	3
122	4
123	1
124	1
125	5
126	2
127	1
128	2
129	4
130	0
131	4
132	0
133	4
134	1
135	2
136	3
137	3
138	1
139	6
140	4
141	4
142	0
143	4
144	2
145	2
146	2
147	5
148	3
149	3
150	4
151	0
152	1
153	0
154	2
155	4
156	0
157	4
158	4
159	5
160	1
161	3
162	1
163	2
164	3
165	2
166	3
167	6
168	2
169	4
170	4
171	3
172	4
173	2
174	3
175	1
176	2
177	4
178	4
179	4
180	2
181	3
182	2
183	4
184	4
185	6
186	2
187	6
188	1
189	4
190	5
191	7
192	6
193	7
194	2
195	6
196	3
197	7
198	6
199	4
200	4
201	2
202	3
203	6
204	5
205	5
206	3
207	4
208	6
209	8
210	3
211	8
212	5
213	7
214	6
215	4
216	2
217	4
218	2
219	7
220	4
221	5
222	4
223	6
224	8
225	5
226	4
227	7
228	1
229	8
230	4
231	7
232	7
233	8
234	1
235	2
236	10
237	6
238	2
239	3
240	5
241	6
242	9
243	7
244	10
245	5
246	6
247	4
248	3
249	9
250	3
251	8
252	7
253	8
254	5
255	11
256	5
257	4
258	4
259	4
260	7
261	5
262	6
263	7
264	4
265	12
266	2
267	6
268	5
269	8
270	6
271	4
272	4
273	3
274	7
275	11
276	5
277	8
278	7
279	1
280	3
281	7
282	4
283	10
284	2
285	1
286	5
287	6
288	1
289	7
290	8
291	6
292	4
293	3
294	6
295	5
296	5
297	8
298	5
299	7
300	3
301	4
302	4
303	7
304	7
305	5
306	3
307	6
308	0
309	7
310	9
311	5
312	3
313	6
314	3
315	4
316	5
317	7
318	3
319	8
320	2
321	7
322	7
323	5
324	3
325	6
326	8
327	4
328	3
329	0
330	2
331	4
332	3
333	2
334	1
335	4
336	3
337	13
338	3
339	3
340	5
341	4
342	2
343	5
344	2
345	6
346	3
347	5
348	4
349	4
350	3
351	5
352	4
353	2
354	2
355	1
356	5
357	3
358	3
359	7
360	2
361	6
362	2
363	3
364	4
365	2
366	1
367	3
368	6
369	3
370	5
371	3
372	6
373	4
374	4
375	3
376	1
377	2
378	5
379	8
380	7
381	5
382	7
383	7
384	2
385	4
386	6
387	1
388	7
389	4
390	5
391	7
392	5
393	2
394	2
395	4
396	5
397	4
398	4
399	4
400	5
401	4
402	5
403	7
404	2
405	4
406	3
407	8
408	7
409	6
410	2
411	6
412	5
413	0
414	6
415	3
416	3
417	5
418	6
419	5
420	6
421	4
422	2
423	3
424	4
425	6
426	6
427	6
428	6
429	8
430	7
431	3
432	3
433	9
434	4
435	6
436	6
437	5
438	6
439	5
440	5
441	8
442	8
443	3
444	2
445	3
446	3
447	3
448	5
449	7
450	7
451	5
452	4
453	4
454	5
455	6
456	5
457	2
458	4
459	3
460	4
461	7
462	7
463	4
464	7
465	3
466	8
467	2
468	5
469	3
470	12
471	5
472	4
473	9
474	5
475	7
476	8
477	8
478	9
479	14
480	10
481	11
482	9
483	7
484	8
485	8
486	15
487	10
488	11
489	15
490	19
491	16
492	19
493	13
494	17
495	18
496	13
497	22
498	15
499	17
500	22
501	10
502	23
503	30
504	27
505	35
506	23
507	25
508	30
509	36
510	43
511	49
512	21
513	36
514	50
515	42
516	51
517	42
518	55
519	48
520	37
521	56
522	54
523	75
524	48
525	59
526	63
527	69
528	56
529	70
530	86
531	79
532	56
533	72
534	72
535	83
536	77
537	102
538	84
539	108
540	112
541	105
542	93
543	145
544	93
545	114
546	101
547	103
548	118
549	105
550	148
551	148
552	107
553	148
554	127
555	153
556	137
557	165
558	145
559	144
560	135
561	144
562	127
563	196
564	144
565	162
566	178
567	180
568	133
569	169
570	154
571	223
572	175
573	218
574	195
575	236
576	145
577	204
578	195
579	231
580	225
581	191
582	252
583	181
584	189
585	231
586	197
587	234
588	261
589	247
590	240
591	270
592	195
593	273
594	250
595	256
596	237
597	256
598	288
599	253
600	239
601	324
602	288
603	313
604	325
605	276
606	279
607	352
608	281
609	316
610	327
611	312
612	350
613	282
614	372
615	332
616	277
617	407
618	299
619	334
620	382
621	321
622	348
623	384
624	303
625	327
626	364
627	314
628	336
629	321
630	433
631	358
632	316
633	377
634	265
635	369
636	346
637	315
638	342
639	427
640	182
641	320
642	317
643	300
644	327
645	254
646	338
647	280
648	283
649	313
650	266
651	275
652	305
653	300
654	267
655	258
656	234
657	257
658	244
659	249
660	223
661	210
662	249
663	162
664	217
665	213
666	182
667	190
668	168
669	203
670	171
671	207
672	137
673	180
674	154
675	155
676	174
677	133
678	188
679	120
680	119
681	153
682	127
683	123
684	141
685	121
686	119
687	95
688	116
689	89
690	91
691	95
692	107
693	85
694	118
695	88
696	79
697	102
698	72
699	90
700	92
701	70
702	71
703	71
704	47
705	78
706	71
707	69
708	62
709	47
710	70
711	54
712	68
713	58
714	50
715	46
716	78
717	56
718	49
719	69
720	52
721	57
722	57
723	57
724	53
725	42
726	58
727	40
728	43
729	55
730	41
731	65
732	41
733	51
734	46
735	45
736	28
737	34
738	36
739	38
740	38
741	33
742	35
743	31
744	30
745	34
746	37
747	25
748	30
749	27
750	32
751	18
752	22
753	17
754	22
755	28
756	16
757	22
758	28
759	17
760	19
761	10
762	20
763	17
764	8
765	7
766	9
767	14
768	8
769	15
770	7
771	10
772	11
773	4
774	6
775	8
776	8
777	13
778	12
779	9
780	7
781	4
782	12
783	7
784	4
785	6
786	9
787	4
788	5
789	6
790	12
791	9
792	4
793	4
794	1
795	6
796	7
797	4
798	2
799	3
800	6
801	4
802	5
803	3
804	6
805	4
806	4
807	5
808	3
809	5
810	2
811	4
812	3
813	4
814	2
815	4
816	1
817	6
818	4
819	5
820	2
821	6
822	8
823	9
824	3
825	8
826	4
827	6
828	4
829	3
830	2
831	6
832	5
833	3
834	7
835	3
836	7
837	3
838	4
839	1
840	5
841	4
842	4
843	5
844	3
845	6
846	1
847	3
848	3
849	3
850	3
851	3
852	2
853	2
854	4
855	4
856	6
857	3
858	2
859	5
860	2
861	3
862	4
863	2
864	2
865	5
866	4
867	3
868	7
869	4
870	3
871	2
872	1
873	2
874	2
875	5
876	2
877	1
878	0
879	1
880	0
881	2
882	0
883	3
884	7
885	3
886	3
887	2
888	0
889	4
890	2
891	2
892	1
893	2
894	2
895	4
896	1
897	1
898	1
899	0
900	4
901	2
902	2
903	0
904	3
905	1
906	1
907	3
908	2
909	2
910	2
911	1
912	3
913	2
914	1
915	1
916	6
917	1
918	0
919	4
920	1
921	3
922	2
923	3
924	0
925	2
926	3
927	4
928	1
929	3
930	2
931	0
932	1
933	2
934	2
935	1
936	2
937	1
938	1
939	1
940	3
941	1
942	0
943	1
944	0
945	1
946	2
947	0
948	0
949	2
950	1
951	2
952	2
953	2
954	1
955	3
956	2
957	0
958	1
959	3
960	1
961	0
962	1
963	0
964	3
965	0
966	1
967	0
968	4
969	2
970	0
971	3
972	0
973	1
974	2
975	1
976	1
977	2
978	1
979	0
980	3
981	2
982	2
983	1
984	0
985	3
986	2
987	0
988	1
989	1
990	1
991	1
992	1
993	0
994	2
995	1
996	1
997	0
998	1
999	0
1000	1
1001	1
1002	5
1003	1
1004	0
1005	0
1006	1
1007	0
1008	1
1009	0
1010	0
1011	2
1012	2
1013	0
1014	1
1015	1
1016	1
1017	0
1018	1
1019	0
1020	2
1021	2
1022	2
1023	2
1024	1
1025	1
1026	0
1027	2
1028	3
1029	3
1030	1
1031	1
1032	3
1033	2
1034	2
1035	1
1036	1
1037	0
1038	2
1039	1
1040	3
1041	1
1042	0
1043	1
1044	0
1045	1
1046	1
1047	0
1048	3
1049	0
1050	1
1051	2
1052	0
1053	1
1054	1
1055	0
1056	0
1057	1
1058	2
1059	0
1060	2
1061	1
1062	2
1063	1
1064	0
1065	2
1066	1
1067	1
1068	0
1069	0
1070	0
1071	3
1072	2
1073	3
1074	1
1075	2
1076	0
1077	1
1078	1
1079	0
1080	1
1081	0
1082	1
1083	3
1084	2
1085	0
1086	0
1087	1
1088	0
1089	1
1090	1
1091	1
1092	2
1093	2
1094	1
1095	3
1096	0
1097	2
1098	0
1099	1
1100	0
1101	0
1102	0
1103	2
1104	1
1105	2
1106	0
1107	1
1108	2
1109	0
1110	1
1111	1
1112	0
1113	2
1114	0
1115	2
1116	1
1117	2
1118	0
1119	0
1120	0
1121	0
1122	2
1123	1
1124	1
1125	0
1126	0
1127	0
1128	0
1129	2
1130	1
1131	2
1132	0
1133	1
1134	2
1135	1
1136	1
1137	0
1138	0
1139	2
1140	1
1141	1
1142	1
1143	1
1144	0
1145	3
1146	1
1147	1
1148	1
1149	0
1150	1
1151	4
1152	2
1153	1
1154	0
1155	1
1156	0
1157	1
1158	0
1159	1
1160	0
1161	0
1162	0
1163	0
1164	2
1165	2
1166	1
1167	2
1168	0
1169	2
1170	0
1171	1
1172	2
1173	2
1174	3
1175	3
1176	0
1177	2
1178	1
1179	0
1180	1
1181	0
1182	0
1183	0
1184	2
1185	0
1186	0
1187	1
1188	1
1189	1
1190	0
1191	2
1192	0
1193	0
1194	2
1195	1
1196	1
1197	1
1198	0
1199	0
1200	0
1201	0
1202	0
1203	2
1204	0
1205	0
1206	2
1207	0
1208	0
1209	0
1210	0
1211	1
1212	1
1213	1
1214	1
1215	0
1216	1
1217	0
1218	2
1219	0
1220	1
1221	0
1222	0
1223	1
1224	1
1225	0
1226	3
1227	2
1228	1
1229	0
1230	0
1231	0
1232	0
1233	0
1234	2
1235	1
1236	0
1237	0
1238	0
1239	0
1240	1
1241	0
1242	1
1243	1
1244	1
1245	2
1246	0
1247	2
1248	2
1249	2
1250	1
1251	0
1252	3
1253	0
1254	0
1255	0
1256	1
1257	1
1258	3
1259	2
1260	3
1261	0
1262	1
1263	1
1264	0
1265	0
1266	1
1267	0
1268	1
1269	1
1270	1
1271	0
1272	0
1273	1
1274	0
1275	0
1276	0
1277	1
1278	0
1279	0
1280	0
1281	0
1282	2
1283	1
1284	1
1285	1
1286	1
1287	1
1288	0
1289	0
1290	1
1291	1
1292	2
1293	1
1294	0
1295	2
1296	1
1297	0
1298	1
1299	0
1300	2
1301	2
1302	0
1303	0
1304	0
1305	1
1306	0
1307	1
1308	1
1309	1
1310	0
1311	0
1312	0
1313	0
1314	0
1315	1
1316	1
1317	1
1318	0
1319	1
1320	0
1321	0
1322	0
1323	0
1324	2
1325	0
1326	1
1327	0
1328	0
1329	0
1330	0
1331	3
1332	0
1333	1
1334	2
1335	0
1336	0
1337	0
1338	0
1339	0
1340	0
1341	0
1342	0
1343	0
1344	1
1345	1
1346	0
1347	2
1348	0
1349	0
1350	0
1351	1
1352	0
1353	2
1354	1
1355	1
1356	0
1357	1
1358	0
1359	0
1360	0
1361	0
1362	1
1363	0
1364	0
1365	1
1366	0
1367	0
1368	0
1369	1
1370	1
1371	1
1372	1
1373	1
1374	2
1375	0
1376	1
1377	0
1378	0
1379	1
1380	0
1381	1
1382	0
1383	0
1384	0
1385	0
1386	1
1387	0
1388	1
1389	0
1390	0
1391	1
1392	1
1393	1
1394	0
1395	1
1396	2
1397	0
1398	0
1399	0
1400	0
1401	0
1402	1
1403	1
1404	0
1405	0
1406	1
1407	0
1408	0
1409	2
1410	2
1411	0
1412	3
1413	2
1414	0
1415	0
1416	0
1417	0
1418	0
1419	1
1420	0
1421	0
1422	0
1423	0
1424	2
1425	2
1426	2
1427	0
1428	0
1429	0
1430	0
1431	0
1432	0
1433	0
1434	1
1435	1
1436	1
1437	0
1438	0
1439	1
1440	0
1441	0
1442	0
1443	0
1444	1
1445	2
1446	0
1447	1
1448	0
1449	3
1450	0
1451	0
1452	2
1453	0
1454	0
1455	0
1456	0
1457	0
1458	0
1459	1
1460	0
1461	0
1462	1
1463	0
1464	0
1465	0
1466	0
1467	0
1468	1
1469	1
1470	0
1471	0
1472	0
1473	0
1474	0
1475	1
1476	0
1477	0
1478	0
1479	0
1480	0
1481	0
1482	1
1483	1
1484	0
1485	0
1486	0
1487	0
1488	0
1489	0
1490	1
1491	0
1492	0
1493	0
1494	0
1495	0
1496	1
1497	1
1498	1
1499	0
1500	1
1501	0
1502	0
1503	1
1504	0
1505	0
1506	0
1507	0
1508	0
1509	1
1510	0
1511	0
1512	0
1513	0
1514	0
1515	2
1516	0
1517	0
1518	2
1519	1
1520	1
1521	0
1522	1
1523	0
1524	0
1525	0
1526	0
1527	1
1528	0
1529	1
1530	1
1531	0
1532	1
1533	1
1534	0
1535	1
1536	0
1537	0
1538	0
1539	0
1540	0
1541	1
1542	0
1543	2
1544	0
1545	0
1546	0
1547	0
1548	2
1549	1
1550	2
1551	0
1552	1
1553	0
1554	2
1555	1
1556	1
1557	0
1558	2
1559	0
1560	0
1561	1
1562	1
1563	0
1564	0
1565	1
1566	0
1567	0
1568	1
1569	0
1570	0
1571	0
1572	0
1573	1
1574	1
1575	0
1576	0
1577	0
1578	1
1579	3
1580	1
1581	0
1582	0
1583	0
1584	0
1585	0
1586	0
1587	0
1588	0
1589	1
1590	0
1591	1
1592	1
1593	1
1594	1
1595	0
1596	1
1597	0
1598	1
1599	1
1600	0
1601	0
1602	0
1603	1
1604	1
1605	0
1606	2
1607	1
1608	1
1609	0
1610	0
1611	0
1612	0
1613	2
1614	1
1615	1
1616	0
1617	1
1618	0
1619	0
1620	0
1621	1
1622	0
1623	0
1624	0
1625	0
1626	0
1627	0
1628	1
1629	1
1630	0
1631	3
1632	2
1633	0
1634	0
1635	0
1636	0
1637	0
1638	1
1639	0
1640	0
1641	1
1642	0
1643	0
1644	0
1645	0
1646	2
1647	2
1648	0
1649	1
1650	0
1651	0
1652	0
1653	1
1654	1
1655	1
1656	1
1657	1
1658	1
1659	0
1660	1
1661	0
1662	0
1663	0
1664	0
1665	1
1666	1
1667	0
1668	1
1669	0
1670	0
1671	0
1672	0
1673	0
1674	0
1675	0
1676	2
1677	0
1678	0
1679	1
1680	0
1681	0
1682	0
1683	0
1684	0
1685	0
1686	1
1687	0
1688	0
1689	1
1690	0
1691	0
1692	0
1693	0
1694	0
1695	1
1696	0
1697	0
1698	0
1699	1
1700	0
1701	2
1702	1
1703	1
1704	0
1705	0
1706	0
1707	1
1708	0
1709	1
1710	0
1711	0
1712	0
1713	1
1714	0
1715	0
1716	1
1717	0
1718	0
1719	0
1720	0
1721	1
1722	0
1723	0
1724	0
1725	0
1726	3
1727	0
1728	0
1729	0
1730	1
1731	0
1732	0
1733	0
1734	1
1735	1
1736	1
1737	2
1738	0
1739	0
1740	3
1741	0
1742	0
1743	0
1744	0
1745	0
1746	0
1747	0
1748	0
1749	0
1750	1
1751	0
1752	1
1753	1
1754	0
1755	0
1756	0
1757	1
1758	0
1759	1
1760	0
1761	0
1762	0
1763	1
1764	0
1765	0
1766	1
1767	3
1768	0
1769	2
1770	1
1771	0
1772	1
1773	1
1774	2
1775	2
1776	0
1777	0
1778	0
1779	0
1780	0
1781	0
1782	0
1783	1
1784	0
1785	0
1786	1
1787	0
1788	0
1789	2
1790	1
1791	1
1792	0
1793	0
1794	0
1795	0
1796	0
1797	0
1798	2
1799	1
1800	0
1801	0
1802	1
1803	0
1804	0
1805	3
1806	1
1807	1
1808	0
1809	0
1810	0
1811	0
1812	0
1813	0
1814	0
1815	1
1816	1
1817	0
1818	0
1819	0
1820	0
1821	0
1822	1
1823	0
1824	0
1825	1
1826	0
1827	0
1828	0
1829	0
1830	0
1831	0
1832	0
1833	0
1834	0
1835	2
1836	0
1837	1
1838	1
1839	0
1840	0
1841	0
1842	0
1843	2
1844	0
1845	0
1846	0
1847	0
1848	0
1849	1
1850	0
1851	0
1852	0
1853	1
1854	0
1855	0
1856	1
1857	0
1858	0
1859	0
1860	0
1861	0
1862	0
1863	1
1864	0
1865	0
1866	1
1867	0
1868	0
1869	0
1870	0
1871	0
1872	0
1873	0
1874	0
1875	0
1876	0
1877	0
1878	0
1879	0
1880	0
1881	0
1882	0
1883	2
1884	0
1885	0
1886	1
1887	0
1888	0
1889	1
1890	0
1891	0
1892	0
1893	0
1894	0
1895	0
1896	0
1897	0
1898	1
1899	0
1900	1
1901	2
1902	0
1903	1
1904	1
1905	0
1906	0
1907	0
1908	0
1909	0
1910	1
1911	1
1912	0
1913	0
1914	0
1915	0
1916	0
1917	0
1918	0
1919	1
1920	1
1921	1
1922	1
1923	0
1924	0
1925	0
1926	1
1927	0
1928	0
1929	0
1930	0
1931	0
1932	2
1933	1
1934	0
1935	0
1936	0
1937	0
1938	0
1939	0
1940	0
1941	1
1942	0
1943	0
1944	1
1945	0
1946	0
1947	0
1948	0
1949	0
1950	0
1951	0
1952	0
1953	1
1954	0
1955	0
1956	0
1957	0
1958	1
1959	1
1960	2
1961	1
1962	0
1963	0
1964	0
1965	0
1966	0
1967	0
1968	0
1969	0
1970	1
1971	0
1972	0
1973	0
1974	0
1975	0
1976	0
1977	0
1978	0
1979	0
1980	1
1981	1
1982	1
1983	0
1984	0
1985	1
1986	0
1987	0
1988	0
1989	0
1990	0
1991	0
1992	0
1993	1
1994	0
1995	2
1996	0
1997	1
1998	0
1999	1
2000	0
2001	0
2002	0
2003	0
2004	0
2005	0
2006	0
2007	1
2008	0
2009	1
2010	1
2011	0
2012	2
2013	0
2014	0
2015	0
2016	1
2017	1
2018	0
2019	0
2020	1
2021	1
2022	1
2023	0
2024	1
2025	0
2026	0
2027	0
2028	0
2029	0
2030	0
2031	0
2032	1
2033	1
2034	0
2035	1
2036	0
2037	0
2038	0
2039	0
2040	0
2041	0
2042	0
2043	0
2044	1
2045	0
2046	0
2047	2
2048	0
2049	0
2050	1
2051	0
2052	1
2053	0
2054	1
2055	0
2056	0
2057	2
2058	0
2059	0
2060	0
2061	0
2062	0
2063	0
2064	2
2065	0
2066	0
2067	0
2068	1
2069	0
2070	0
2071	0
2072	0
2073	0
2074	0
2075	0
2076	1
2077	0
2078	0
2079	1
2080	0
2081	0
2082	1
2083	0
2084	0
2085	0
2086	0
2087	0
2088	0
2089	1
2090	0
2091	0
2092	0
2093	1
2094	2
2095	0
2096	1
2097	0
2098	0
2099	1
2100	0
2101	1
2102	0
2103	0
2104	0
2105	0
2106	0
2107	0
2108	1
2109	1
2110	0
2111	1
2112	1
2113	0
2114	0
2115	0
2116	1
2117	0
2118	1
2119	0
2120	0
2121	0
2122	1
2123	0
2124	1
2125	1
2126	2
2127	1
2128	0
2129	0
2130	0
2131	0
2132	0
2133	0
2134	0
2135	0
2136	0
2137	0
2138	1
2139	0
2140	0
2141	0
2142	0
2143	0
2144	0
2145	0
2146	0
2147	0
2148	0
2149	0
2150	0
2151	0
2152	0
2153	2
2154	0
2155	0
2156	0
2157	1
2158	0
2159	1
2160	0
2161	0
2162	1
2163	0
2164	0
2165	1
2166	0
2167	0
2168	0
2169	0
2170	2
2171	2
2172	0
2173	0
2174	0
2175	0
2176	1
2177	0
2178	0
2179	0
2180	1
2181	1
2182	1
2183	0
2184	0
2185	0
2186	0
2187	1
2188	1
2189	0
2190	0
2191	0
2192	0
2193	0
2194	1
2195	1
2196	0
2197	1
2198	0
2199	0
2200	0
2201	1
2202	0
2203	2
2204	1
2205	0
2206	0
2207	0
2208	2
2209	0
2210	1
2211	0
2212	1
2213	1
2214	0
2215	1
2216	0
2217	0
2218	2
2219	0
2220	3
2221	0
2222	0
2223	0
2224	0
2225	0
2226	0
2227	0
2228	0
2229	0
2230	0
2231	0
2232	0
2233	0
2234	0
2235	0
2236	0
2237	0
2238	0
2239	0
2240	0
2241	0
2242	1
2243	0
2244	0
2245	0
2246	1
2247	0
2248	0
2249	1
2250	0
2251	0
2252	0
2253	0
2254	0
2255	0
2256	0
2257	0
2258	0
2259	0
2260	0
2261	0
2262	0
2263	0
2264	0
2265	0
2266	0
2267	0
2268	1
2269	1
2270	0
2271	0
2272	0
2273	0
2274	0
2275	0
2276	0
2277	2
2278	0
2279	0
2280	0
2281	0
2282	0
2283	1
2284	0
2285	1
2286	0
2287	0
2288	0
2289	0
2290	0
2291	0
2292	0
2293	0
2294	0
2295	0
2296	0
2297	0
2298	0
2299	0
2300	0
2301	0
2302	0
2303	0
2304	0
2305	0
2306	0
2307	0
2308	0
2309	0
2310	1
2311	1
2312	0
2313	1
2314	2
2315	0
2316	0
2317	0
2318	0
2319	0
2320	0
2321	0
2322	0
2323	0
2324	2
2325	0
2326	1
2327	0
2328	0
2329	0
2330	0
2331	0
2332	0
2333	0
2334	0
2335	0
2336	1
2337	2
2338	0
2339	0
2340	0
2341	0
2342	0
2343	0
2344	0
2345	0
2346	0
2347	0
2348	1
2349	1
2350	0
2351	1
2352	1
2353	0
2354	0
2355	2
2356	0
2357	0
2358	0
2359	0
2360	0
2361	0
2362	0
2363	0
2364	0
2365	0
2366	0
2367	0
2368	0
2369	0
2370	1
2371	1
2372	0
2373	0
2374	1
2375	0
2376	0
2377	0
2378	0
2379	0
2380	0
2381	1
2382	1
2383	0
2384	0
2385	1
2386	0
2387	0
2388	1
2389	0
2390	0
2391	0
2392	0
2393	1
2394	0
2395	0
2396	0
2397	1
2398	0
2399	0
2400	1
2401	0
2402	0
2403	0
2404	0
2405	0
2406	0
2407	0
2408	0
2409	0
2410	0
2411	0
2412	0
2413	0
2414	0
2415	0
2416	0
2417	0
2418	0
2419	1
2420	0
2421	1
2422	0
2423	0
2424	0
2425	0
2426	0
2427	1
2428	0
2429	0
2430	0
2431	0
2432	0
2433	0
2434	2
2435	0
2436	1
2437	0
2438	0
2439	0
2440	1
2441	0
2442	1
2443	0
2444	1
2445	0
2446	1
2447	0
2448	0
2449	0
2450	2
2451	2
2452	0
2453	0
2454	1
2455	0
2456	0
2457	1
2458	0
2459	0
2460	0
2461	1
2462	0
2463	1
2464	0
2465	1
2466	0
2467	0
2468	0
2469	0
2470	0
2471	0
2472	0
2473	0
2474	0
2475	0
2476	0
2477	0
2478	0
2479	1
2480	1
2481	0
2482	1
2483	0
2484	0
2485	1
2486	0
2487	1
2488	0
2489	1
2490	0
2491	0
2492	1
2493	0
2494	0
2495	0
2496	0
2497	0
2498	0
2499	1
2500	0
2501	0
2502	1
2503	0
2504	0
2505	0
2506	0
2507	0
2508	0
2509	2
2510	0
2511	1
2512	0
2513	0
2514	0
2515	0
2516	0
2517	0
2518	0
2519	0
2520	1
2521	0
2522	0
2523	1
2524	0
2525	0
2526	0
2527	0
2528	0
2529	0
2530	0
2531	0
2532	0
2533	0
2534	1
2535	0
2536	0
2537	0
2538	0
2539	1
2540	1
2541	0
2542	0
2543	0
2544	0
2545	1
2546	0
2547	0
2548	1
2549	0
2550	0
2551	0
2552	0
2553	0
2554	0
2555	0
2556	0
2557	0
2558	0
2559	0
2560	0
2561	1
2562	0
2563	0
2564	0
2565	0
2566	0
2567	0
2568	1
2569	0
2570	0
2571	1
2572	0
2573	0
2574	0
2575	0
2576	1
2577	0
2578	1
2579	0
2580	0
2581	0
2582	0
2583	0
2584	0
2585	0
2586	2
2587	0
2588	0
2589	0
2590	0
2591	0
2592	0
2593	0
2594	0
2595	0
2596	0
2597	0
2598	0
2599	0
2600	0
2601	1
2602	2
2603	0
2604	0
2605	0
2606	1
2607	0
2608	1
2609	1
2610	1
2611	0
2612	1
2613	0
2614	1
2615	0
2616	0
2617	0
2618	0
2619	0
2620	0
2621	0
2622	1
2623	0
2624	0
2625	0
2626	0
2627	0
2628	0
2629	1
2630	0
2631	0
2632	0
2633	0
2634	0
2635	0
2636	2
2637	0
2638	0
2639	0
2640	0
2641	0
2642	0
2643	1
2644	0
2645	0
2646	0
2647	0
2648	0
2649	0
2650	1
2651	1
2652	0
2653	0
2654	0
2655	0
2656	0
2657	0
2658	2
2659	0
2660	0
2661	0
2662	0
2663	0
2664	0
2665	0
2666	0
2667	0
2668	0
2669	0
2670	0
2671	0
2672	0
2673	0
2674	0
2675	0
2676	0
2677	0
2678	0
2679	0
2680	0
2681	0
2682	0
2683	0
2684	0
2685	0
2686	0
2687	0
2688	0
2689	1
2690	0
2691	0
2692	0
2693	0
2694	0
2695	1
2696	0
2697	0
2698	0
2699	0
2700	0
2701	0
2702	0
2703	0
2704	2
2705	1
2706	1
2707	0
2708	0
2709	0
2710	0
2711	0
2712	1
2713	1
2714	0
2715	0
2716	0
2717	0
2718	0
2719	0
2720	0
2721	0
2722	1
2723	0
2724	0
2725	0
2726	0
2727	0
2728	0
2729	0
2730	0
2731	0
2732	0
2733	0
2734	0
2735	0
2736	0
2737	0
2738	0
2739	0
2740	0
2741	0
2742	0
2743	0
2744	0
2745	0
2746	0
2747	0
2748	0
2749	1
2750	0
2751	0
2752	0
2753	0
2754	0
2755	0
2756	0
2757	0
2758	0
2759	0
2760	0
2761	0
2762	0
2763	0
2764	1
2765	0
2766	0
2767	0
2768	0
2769	1
2770	0
2771	0
2772	0
2773	0
2774	0
2775	0
2776	0
2777	0
2778	0
2779	0
2780	0
2781	0
2782	1
2783	0
2784	0
2785	0
2786	1
2787	0
2788	0
2789	0
2790	0
2791	0
2792	0
2793	0
2794	0
2795	0
2796	0
2797	1
2798	0
2799	1
2800	0
2801	0
2802	0
2803	0
2804	0
2805	0
2806	0
2807	1
2808	0
2809	0
2810	0
2811	0
2812	0
2813	1
2814	1
2815	0
2816	0
2817	0
2818	1
2819	0
2820	1
2821	0
2822	0
2823	0
2824	0
2825	0
2826	0
2827	0
2828	0
2829	0
2830	0
2831	0
2832	1
2833	0
2834	0
2835	0
2836	0
2837	1
2838	1
2839	0
2840	0
2841	1
2842	0
2843	1
2844	0
2845	0
2846	0
2847	0
2848	1
2849	0
2850	1
2851	0
2852	0
2853	0
2854	0
2855	0
2856	0
2857	3
2858	1
2859	0
2860	1
2861	0
2862	0
2863	0
2864	1
2865	0
2866	0
2867	0
2868	0
2869	0
2870	0
2871	0
2872	0
2873	1
2874	0
2875	0
2876	0
2877	0
2878	0
2879	0
2880	0
2881	1
2882	1
2883	0
2884	0
2885	0
2886	0
2887	0
2888	0
2889	0
2890	0
2891	0
2892	0
2893	0
2894	0
2895	0
2896	0
2897	0
2898	0
2899	0
2900	0
2901	1
2902	0
2903	0
2904	0
2905	1
2906	0
2907	1
2908	0
2909	0
2910	0
2911	0
2912	0
2913	0
2914	0
2915	0
2916	0
2917	0
2918	1
2919	0
2920	0
2921	0
2922	0
2923	0
2924	0
2925	0
2926	0
2927	0
2928	0
2929	0
2930	0
2931	0
2932	1
2933	0
2934	0
2935	0
2936	0
2937	0
2938	0
2939	0
2940	0
2941	0
2942	0
2943	1
2944	1
2945	0
2946	0
2947	0
2948	0
2949	0
2950	0
2951	0
2952	0
2953	0
2954	0
2955	0
2956	0
2957	0
2958	0
2959	1
2960	0
2961	1
2962	0
2963	0
2964	0
2965	0
2966	1
2967	0
2968	0
2969	0
2970	0
2971	0
2972	0
2973	1
2974	1
2975	0
2976	0
2977	0
2978	0
2979	0
2980	0
2981	0
2982	0
2983	1
2984	0
2985	0
2986	0
2987	0
2988	1
2989	0
2990	0
2991	1
2992	2
2993	0
2994	0
2995	0
2996	1
2997	0
2998	0
2999	0
3000	0
3001	0
3002	0
3003	0
3004	0
3005	0
3006	0
3007	0
3008	0
3009	0
3010	0
3011	0
3012	0
3013	0
3014	0
3015	0
3016	0
3017	1
3018	0
3019	0
3020	0
3021	0
3022	0
3023	0
3024	0
3025	0
3026	0
3027	0
3028	1
3029	0
3030	0
3031	0
3032	0
3033	0
3034	0
3035	0
3036	0
3037	0
3038	0
3039	0
3040	0
3041	1
3042	0
3043	0
3044	0
3045	0
3046	0
3047	1
3048	1
3049	0
3050	0
3051	0
3052	0
3053	0
3054	0
3055	0
3056	1
3057	0
3058	0
3059	0
3060	0
3061	0
3062	0
3063	0
3064	0
3065	0
3066	0
3067	0
3068	0
3069	0
3070	0
3071	0
3072	0
3073	0
3074	0
3075	0
3076	0
3077	0
3078	0
3079	0
3080	0
3081	0
3082	0
3083	0
3084	0
3085	0
3086	0
3087	0
3088	0
3089	0
3090	0
3091	0
3092	0
3093	0
3094	0
3095	0
3096	0
3097	0
3098	0
3099	0
3100	0
3101	0
3102	0
3103	0
3104	0
3105	0
3106	0
3107	0
3108	0
3109	0
3110	0
3111	0
3112	0
3113	0
3114	0
3115	0
3116	0
3117	0
3118	0
3119	0
3120	0
3121	0
3122	0
3123	0
3124	0
3125	0
3126	0
3127	0
3128	0
3129	0
3130	0
3131	1
3132	0
3133	0
3134	0
3135	0
3136	0
3137	0
3138	0
3139	0
3140	0
3141	0
3142	0
3143	0
3144	1
3145	0
3146	0
3147	0
3148	0
3149	0
3150	0
3151	0
3152	1
3153	0
3154	0
3155	0
3156	0
3157	0
3158	0
3159	0
3160	0
3161	0
3162	0
3163	1
3164	0
3165	0
3166	1
3167	0
3168	1
3169	0
3170	0
3171	1
3172	0
3173	0
3174	0
3175	1
3176	0
3177	1
3178	0
3179	0
3180	0
3181	0
3182	0
3183	0
3184	0
3185	0
3186	0
3187	0
3188	0
3189	0
3190	0
3191	0
3192	0
3193	0
3194	0
3195	0
3196	0
3197	0
3198	0
3199	0
3200	0
3201	0
3202	0
3203	0
3204	1
3205	0
3206	0
3207	0
3208	0
3209	0
3210	0
3211	1
3212	0
3213	0
3214	0
3215	0
3216	0
3217	0
3218	0
3219	0
3220	0
3221	0
3222	0
3223	0
3224	0
3225	0
3226	1
3227	0
3228	0
3229	0
3230	0
3231	0
3232	0
3233	0
3234	0
3235	0
3236	0
3237	0
3238	0
3239	0
3240	0
3241	0
3242	0
3243	0
3244	0
3245	0
3246	0
3247	0
3248	0
3249	0
3250	0
3251	0
3252	0
3253	0
3254	0
3255	0
3256	0
3257	0
3258	1
3259	0
3260	2
3261	1
3262	0
3263	0
3264	0
3265	0
3266	0
3267	0
3268	0
3269	0
3270	1
3271	0
3272	0
3273	0
3274	0
3275	0
3276	0
3277	0
3278	0
3279	0
3280	0
3281	0
3282	0
3283	0
3284	1
3285	0
3286	0
3287	1
3288	0
3289	0
3290	0
3291	1
3292	0
3293	0
3294	0
3295	0
3296	0
3297	0
3298	0
3299	0
3300	0
3301	0
3302	0
3303	0
3304	0
3305	1
3306	0
3307	0
3308	0
3309	0
3310	0
3311	0
3312	0
3313	0
3314	0
3315	0
3316	0
3317	0
3318	0
3319	0
3320	0
3321	0
3322	0
3323	0
3324	0
3325	0
3326	0
3327	0
3328	0
3329	0
3330	0
3331	1
3332	1
3333	0
3334	0
3335	1
3336	0
3337	0
3338	1
3339	0
3340	0
3341	0
3342	0
3343	0
3344	0
3345	0
3346	0
3347	0
3348	0
3349	0
3350	0
3351	0
3352	0
3353	0
3354	0
3355	0
3356	0
3357	0
3358	1
3359	0
3360	0
3361	0
3362	0
3363	0
3364	0
3365	0
3366	0
3367	0
3368	0
3369	0
3370	0
3371	0
3372	0
3373	1
3374	1
3375	0
3376	0
3377	0
3378	0
3379	0
3380	0
3381	0
3382	0
3383	1
3384	0
3385	0
3386	0
3387	0
3388	0
3389	0
3390	0
3391	0
3392	0
3393	0
3394	0
3395	0
3396	0
3397	0
3398	0
3399	0
3400	0
3401	0
3402	0
3403	0
3404	0
3405	0
3406	0
3407	0
3408	0
3409	0
3410	0
3411	0
3412	1
3413	0
3414	0
3415	0
3416	0
3417	0
3418	0
3419	0
3420	0
3421	0
3422	0
3423	0
3424	1
3425	0
3426	0
3427	0
3428	0
3429	0
3430	0
3431	0
3432	0
3433	0
3434	0
3435	0
3436	0
3437	0
3438	0
3439	0
3440	0
3441	0
3442	0
3443	0
3444	0
3445	0
3446	0
3447	0
3448	0
3449	0
3450	0
3451	0
3452	0
3453	0
3454	0
3455	0
3456	0
3457	0
3458	0
3459	1
3460	0
3461	0
3462	0
3463	0
3464	0
3465	0
3466	0
3467	0
3468	0
3469	0
3470	0
3471	0
3472	0
3473	0
3474	0
3475	0
3476	0
3477	0
3478	0
3479	0
3480	0
3481	0
3482	0
3483	0
3484	0
3485	0
3486	0
3487	0
3488	0
3489	0
3490	0
3491	0
3492	0
3493	0
3494	0
3495	0
3496	0
3497	0
3498	0
3499	0
3500	0
3501	0
3502	0
3503	0
3504	0
3505	1
3506	0
3507	0
3508	0
3509	0
3510	0
3511	0
3512	0
3513	0
3514	0
3515	0
3516	0
3517	0
3518	0
3519	1
3520	0
3521	0
3522	0
3523	0
3524	0
3525	0
3526	0
3527	0
3528	0
3529	0
3530	0
3531	0
3532	0
3533	0
3534	0
3535	0
3536	0
3537	0
3538	0
3539	0
3540	0
3541	0
3542	0
3543	0
3544	0
3545	0
3546	0
3547	0
3548	0
3549	0
3550	0
3551	0
3552	0
3553	0
3554	0
3555	0
3556	0
3557	0
3558	0
3559	0
3560	0
3561	0
3562	0
3563	0
3564	0
3565	1
3566	0
3567	0
3568	0
3569	0
3570	0
3571	0
3572	0
3573	0
3574	0
3575	0
3576	0
3577	0
3578	0
3579	0
3580	0
3581	0
3582	0
3583	0
3584	0
3585	0
3586	0
3587	0
3588	0
3589	0
3590	0
3591	0
3592	0
3593	0
3594	0
3595	0
3596	0
3597	0
3598	0
3599	0
3600	0
3601	0
3602	0
3603	0
3604	0
3605	0
3606	0
3607	0
3608	0
3609	0
3610	0
3611	0
3612	0
3613	0
3614	0
3615	0
3616	0
3617	0
3618	0
3619	0
3620	0
3621	0
3622	0
3623	0
3624	0
3625	0
3626	0
3627	0
3628	0
3629	0
3630	0
3631	0
3632	0
3633	0
3634	0
3635	0
3636	0
3637	0
3638	0
3639	0
3640	0
3641	0
3642	0
3643	0
3644	0
3645	0
3646	0
3647	0
3648	0
3649	0
3650	0
3651	0
3652	0
3653	0
3654	0
3655	0
3656	0
3657	0
3658	0
3659	0
3660	0
3661	0
3662	0
3663	0
3664	0
3665	0
3666	0
3667	0
3668	0
3669	0
3670	0
3671	0
3672	0
3673	0
3674	0
3675	0
3676	0
3677	0
3678	0
3679	0
3680	0
3681	0
3682	0
3683	0
3684	0
3685	0
3686	0
3687	0
3688	0
3689	0
3690	0
3691	1
3692	0
3693	0
3694	0
3695	0
3696	0
3697	0
3698	0
3699	0
3700	0
3701	0
3702	0
3703	0
3704	0
3705	0
3706	0
3707	0
3708	0
3709	0
3710	0
3711	1
3712	0
3713	0
3714	0
3715	0
3716	0
3717	0
3718	0
3719	0
3720	0
3721	0
3722	0
3723	0
3724	0
3725	0
3726	0
3727	0
3728	0
3729	1
3730	0
3731	0
3732	0
3733	0
3734	0
3735	0
3736	0
3737	0
3738	0
3739	0
3740	0
3741	0
3742	0
3743	0
3744	0
3745	0
3746	0
3747	0
3748	0
3749	0
3750	0
3751	0
3752	0
3753	0
3754	0
3755	0
3756	0
3757	0
3758	0
3759	0
3760	0
3761	0
3762	0
3763	0
3764	0
3765	0
3766	0
3767	0
3768	0
3769	0
3770	0
3771	0
3772	0
3773	0
3774	0
3775	0
3776	0
3777	0
3778	0
3779	0
3780	0
3781	0
3782	0
3783	0
3784	0
3785	0
3786	0
3787	0
3788	0
3789	0
3790	0
3791	0
3792	0
3793	0
3794	0
3795	0
3796	0
3797	0
3798	0
3799	0
3800	0
3801	0
3802	0
3803	1
3804	0
3805	0
3806	0
3807	0
3808	0
3809	0
3810	0
3811	0
3812	0
3813	0
3814	0
3815	0
3816	0
3817	0
3818	0
3819	0
3820	0
3821	0
3822	0
3823	0
3824	0
3825	0
3826	0
3827	0
3828	0
3829	0
3830	0
3831	0
3832	0
3833	0
3834	0
3835	0
3836	0
3837	0
3838	0
3839	0
3840	0
3841	0
3842	0
3843	0
3844	0
3845	0
3846	0
3847	0
3848	0
3849	0
3850	0
3851	0
3852	0
3853	0
3854	0
3855	0
3856	0
3857	0
3858	0
3859	0
3860	0
3861	0
3862	0
3863	0
3864	0
3865	0
3866	0
3867	0
3868	0
3869	0
3870	0
3871	0
3872	0
3873	0
3874	0
3875	0
3876	0
3877	0
3878	0
3879	0
3880	0
3881	0
3882	0
3883	0
3884	0
3885	0
3886	0
3887	0
3888	0
3889	0
3890	0
3891	0
3892	0
3893	0
3894	0
3895	0
3896	0
3897	0
3898	0
3899	0
3900	0
3901	0
3902	0
3903	0
3904	0
3905	0
3906	0
3907	0
3908	0
3909	0
3910	1
3911	0
3912	0
3913	0
3914	0
3915	0
3916	0
3917	0
3918	0
3919	0
3920	0
3921	0
3922	0
3923	0
3924	0
3925	0
3926	0
3927	0
3928	0
3929	0
3930	0
3931	0
3932	0
3933	0
3934	0
3935	0
3936	0
3937	0
3938	0
3939	0
3940	0
3941	0
3942	0
3943	0
3944	0
3945	0
3946	0
3947	0
3948	0
3949	0
3950	0
3951	0
3952	0
3953	0
3954	0
3955	0
3956	0
3957	0
3958	0
3959	0
3960	0
3961	0
3962	0
3963	0
3964	0
3965	0
3966	0
3967	0
3968	0
3969	0
3970	0
3971	0
3972	0
3973	0
3974	0
3975	0
3976	0
3977	0
3978	0
3979	0
3980	0
3981	0
3982	0
3983	0
3984	0
3985	0
3986	0
3987	0
3988	0
3989	0
3990	0
3991	0
3992	0
3993	0
3994	0
3995	0
3996	0
3997	0
3998	0
3999	0
4000	0
