Kanalnummer	Impulse
Kanal/#	Impulse/#

0	0
1	0
2	0
3	0
4	0
5	0
6	0
7	0
8	0
9	0
10	0
11	0
12	0
13	0
14	0
15	0
16	0
17	0
18	0
19	0
20	0
21	0
22	0
23	0
24	0
25	0
26	0
27	0
28	0
29	0
30	0
31	0
32	0
33	0
34	0
35	0
36	0
37	0
38	0
39	0
40	0
41	0
42	0
43	0
44	0
45	0
46	0
47	0
48	0
49	0
50	0
51	0
52	0
53	0
54	0
55	0
56	0
57	0
58	0
59	0
60	0
61	0
62	0
63	0
64	0
65	0
66	1
67	0
68	0
69	0
70	0
71	0
72	1
73	1
74	0
75	0
76	0
77	1
78	1
79	1
80	0
81	0
82	1
83	2
84	1
85	0
86	0
87	1
88	1
89	1
90	1
91	2
92	0
93	3
94	0
95	0
96	0
97	1
98	1
99	0
100	1
101	0
102	1
103	0
104	2
105	0
106	1
107	1
108	0
109	2
110	1
111	0
112	1
113	1
114	0
115	0
116	0
117	1
118	1
119	1
120	1
121	1
122	1
123	1
124	2
125	1
126	0
127	3
128	0
129	1
130	0
131	0
132	1
133	0
134	1
135	1
136	2
137	1
138	0
139	1
140	1
141	0
142	1
143	2
144	0
145	1
146	0
147	1
148	1
149	2
150	1
151	0
152	1
153	2
154	1
155	0
156	1
157	1
158	0
159	0
160	2
161	1
162	0
163	0
164	2
165	0
166	0
167	2
168	0
169	4
170	2
171	1
172	1
173	0
174	1
175	0
176	0
177	1
178	0
179	0
180	1
181	0
182	1
183	1
184	2
185	0
186	1
187	2
188	0
189	0
190	0
191	0
192	1
193	0
194	0
195	1
196	1
197	1
198	3
199	3
200	2
201	0
202	1
203	1
204	1
205	1
206	1
207	0
208	0
209	0
210	1
211	1
212	2
213	0
214	0
215	0
216	1
217	0
218	2
219	0
220	1
221	1
222	1
223	0
224	0
225	1
226	0
227	0
228	1
229	0
230	0
231	0
232	0
233	0
234	0
235	0
236	1
237	1
238	0
239	0
240	0
241	1
242	1
243	0
244	0
245	0
246	1
247	2
248	2
249	1
250	1
251	0
252	1
253	0
254	0
255	0
256	0
257	1
258	0
259	1
260	1
261	1
262	0
263	2
264	1
265	0
266	2
267	0
268	3
269	0
270	1
271	2
272	1
273	1
274	1
275	3
276	1
277	1
278	0
279	3
280	0
281	1
282	1
283	2
284	0
285	1
286	1
287	0
288	1
289	4
290	2
291	0
292	1
293	1
294	0
295	1
296	1
297	0
298	0
299	2
300	3
301	1
302	0
303	1
304	0
305	1
306	0
307	1
308	1
309	0
310	2
311	0
312	1
313	0
314	1
315	1
316	0
317	0
318	1
319	1
320	0
321	0
322	1
323	0
324	0
325	1
326	1
327	0
328	1
329	0
330	0
331	2
332	1
333	1
334	2
335	1
336	1
337	1
338	0
339	0
340	1
341	2
342	2
343	0
344	1
345	1
346	0
347	1
348	0
349	3
350	0
351	1
352	1
353	2
354	0
355	0
356	3
357	1
358	2
359	1
360	0
361	0
362	0
363	1
364	1
365	1
366	3
367	3
368	1
369	0
370	1
371	0
372	1
373	0
374	0
375	0
376	1
377	0
378	1
379	1
380	0
381	1
382	1
383	1
384	0
385	4
386	0
387	0
388	0
389	1
390	1
391	1
392	1
393	2
394	1
395	0
396	1
397	1
398	0
399	0
400	2
401	0
402	0
403	0
404	0
405	0
406	2
407	0
408	1
409	1
410	0
411	1
412	1
413	3
414	1
415	1
416	1
417	1
418	0
419	2
420	1
421	2
422	0
423	0
424	2
425	0
426	0
427	0
428	0
429	3
430	1
431	0
432	0
433	1
434	0
435	1
436	1
437	0
438	2
439	0
440	2
441	0
442	2
443	5
444	2
445	0
446	1
447	1
448	2
449	0
450	0
451	0
452	0
453	0
454	0
455	1
456	0
457	0
458	0
459	1
460	0
461	0
462	0
463	1
464	0
465	1
466	0
467	1
468	2
469	0
470	0
471	2
472	0
473	2
474	0
475	0
476	0
477	1
478	0
479	1
480	1
481	0
482	1
483	1
484	2
485	0
486	0
487	2
488	1
489	1
490	1
491	1
492	1
493	0
494	3
495	0
496	1
497	0
498	2
499	0
500	2
501	2
502	0
503	1
504	0
505	1
506	1
507	1
508	1
509	2
510	1
511	2
512	1
513	0
514	0
515	1
516	1
517	0
518	0
519	0
520	1
521	0
522	1
523	3
524	2
525	0
526	1
527	2
528	2
529	1
530	1
531	0
532	0
533	2
534	1
535	0
536	2
537	1
538	0
539	0
540	2
541	2
542	1
543	0
544	0
545	0
546	0
547	0
548	0
549	0
550	1
551	1
552	1
553	3
554	2
555	5
556	5
557	1
558	0
559	1
560	1
561	1
562	1
563	1
564	2
565	2
566	0
567	0
568	0
569	0
570	0
571	1
572	3
573	1
574	0
575	3
576	0
577	4
578	1
579	0
580	3
581	1
582	0
583	0
584	0
585	2
586	0
587	5
588	1
589	1
590	1
591	2
592	0
593	0
594	0
595	1
596	0
597	0
598	0
599	1
600	0
601	2
602	3
603	1
604	1
605	0
606	1
607	1
608	0
609	1
610	0
611	1
612	0
613	2
614	0
615	2
616	1
617	1
618	1
619	4
620	0
621	1
622	1
623	0
624	2
625	0
626	0
627	1
628	2
629	0
630	1
631	0
632	0
633	0
634	2
635	2
636	3
637	3
638	0
639	3
640	1
641	0
642	4
643	0
644	1
645	3
646	1
647	2
648	2
649	0
650	2
651	1
652	1
653	2
654	2
655	1
656	2
657	1
658	2
659	1
660	0
661	0
662	0
663	0
664	1
665	1
666	1
667	1
668	1
669	2
670	0
671	2
672	0
673	1
674	1
675	2
676	1
677	1
678	0
679	2
680	1
681	0
682	2
683	2
684	2
685	2
686	0
687	2
688	2
689	2
690	0
691	0
692	1
693	2
694	1
695	2
696	0
697	0
698	5
699	1
700	2
701	1
702	0
703	0
704	0
705	0
706	4
707	4
708	4
709	2
710	2
711	1
712	1
713	1
714	1
715	1
716	0
717	1
718	0
719	4
720	1
721	0
722	2
723	1
724	2
725	1
726	1
727	1
728	0
729	2
730	3
731	0
732	2
733	1
734	1
735	0
736	2
737	0
738	0
739	2
740	0
741	0
742	0
743	2
744	0
745	0
746	0
747	0
748	2
749	0
750	1
751	3
752	0
753	1
754	2
755	1
756	2
757	2
758	0
759	2
760	0
761	0
762	1
763	0
764	4
765	0
766	0
767	1
768	1
769	1
770	1
771	1
772	0
773	1
774	1
775	0
776	0
777	0
778	1
779	0
780	1
781	3
782	1
783	3
784	1
785	0
786	0
787	3
788	1
789	1
790	1
791	1
792	2
793	1
794	0
795	3
796	1
797	0
798	1
799	0
800	2
801	0
802	2
803	3
804	3
805	0
806	1
807	2
808	1
809	2
810	0
811	1
812	3
813	1
814	0
815	1
816	1
817	1
818	0
819	4
820	2
821	2
822	1
823	0
824	0
825	3
826	1
827	0
828	2
829	1
830	1
831	1
832	0
833	2
834	2
835	0
836	1
837	0
838	0
839	1
840	0
841	2
842	1
843	1
844	3
845	1
846	1
847	2
848	3
849	2
850	1
851	1
852	2
853	0
854	1
855	1
856	6
857	1
858	1
859	0
860	4
861	0
862	0
863	1
864	1
865	2
866	1
867	0
868	1
869	0
870	1
871	0
872	0
873	0
874	1
875	1
876	2
877	1
878	2
879	2
880	1
881	1
882	3
883	3
884	0
885	1
886	0
887	2
888	0
889	1
890	1
891	0
892	1
893	1
894	0
895	1
896	1
897	1
898	1
899	0
900	1
901	0
902	0
903	0
904	1
905	0
906	1
907	3
908	1
909	1
910	1
911	0
912	0
913	1
914	1
915	1
916	2
917	2
918	2
919	0
920	1
921	1
922	0
923	2
924	3
925	0
926	0
927	3
928	0
929	1
930	0
931	0
932	2
933	0
934	0
935	1
936	3
937	0
938	0
939	1
940	1
941	3
942	0
943	0
944	0
945	1
946	3
947	0
948	4
949	1
950	1
951	0
952	1
953	3
954	2
955	2
956	0
957	2
958	0
959	1
960	1
961	0
962	0
963	0
964	0
965	3
966	0
967	0
968	0
969	1
970	0
971	0
972	2
973	2
974	2
975	1
976	1
977	2
978	0
979	0
980	2
981	1
982	0
983	3
984	1
985	0
986	1
987	2
988	1
989	0
990	1
991	1
992	1
993	0
994	0
995	2
996	1
997	1
998	1
999	0
1000	3
1001	2
1002	0
1003	4
1004	0
1005	3
1006	1
1007	0
1008	2
1009	0
1010	0
1011	2
1012	3
1013	2
1014	2
1015	0
1016	1
1017	2
1018	0
1019	0
1020	0
1021	3
1022	1
1023	0
1024	1
1025	1
1026	0
1027	1
1028	1
1029	1
1030	1
1031	1
1032	0
1033	2
1034	0
1035	1
1036	0
1037	2
1038	1
1039	1
1040	1
1041	1
1042	2
1043	1
1044	1
1045	0
1046	0
1047	0
1048	1
1049	1
1050	3
1051	3
1052	0
1053	0
1054	2
1055	2
1056	0
1057	1
1058	2
1059	0
1060	0
1061	0
1062	1
1063	2
1064	1
1065	1
1066	3
1067	1
1068	0
1069	0
1070	1
1071	0
1072	0
1073	2
1074	2
1075	0
1076	0
1077	2
1078	1
1079	3
1080	0
1081	2
1082	0
1083	1
1084	0
1085	2
1086	3
1087	0
1088	0
1089	0
1090	3
1091	0
1092	2
1093	2
1094	2
1095	1
1096	1
1097	3
1098	0
1099	2
1100	1
1101	1
1102	0
1103	2
1104	0
1105	1
1106	3
1107	0
1108	0
1109	2
1110	1
1111	2
1112	1
1113	2
1114	3
1115	1
1116	1
1117	1
1118	1
1119	2
1120	0
1121	1
1122	1
1123	0
1124	2
1125	0
1126	0
1127	2
1128	2
1129	1
1130	1
1131	1
1132	0
1133	3
1134	0
1135	0
1136	0
1137	3
1138	0
1139	3
1140	1
1141	0
1142	3
1143	1
1144	1
1145	1
1146	0
1147	1
1148	0
1149	0
1150	2
1151	4
1152	1
1153	0
1154	2
1155	0
1156	3
1157	2
1158	2
1159	1
1160	1
1161	1
1162	1
1163	1
1164	1
1165	0
1166	1
1167	3
1168	0
1169	2
1170	1
1171	3
1172	3
1173	2
1174	3
1175	2
1176	2
1177	2
1178	1
1179	2
1180	2
1181	0
1182	4
1183	0
1184	0
1185	1
1186	3
1187	2
1188	2
1189	2
1190	2
1191	3
1192	1
1193	2
1194	2
1195	0
1196	0
1197	2
1198	0
1199	0
1200	1
1201	3
1202	1
1203	1
1204	3
1205	2
1206	1
1207	4
1208	1
1209	1
1210	0
1211	0
1212	0
1213	0
1214	3
1215	2
1216	1
1217	2
1218	1
1219	0
1220	2
1221	2
1222	3
1223	2
1224	2
1225	1
1226	1
1227	0
1228	4
1229	3
1230	1
1231	0
1232	1
1233	4
1234	3
1235	2
1236	2
1237	0
1238	4
1239	3
1240	0
1241	3
1242	0
1243	1
1244	3
1245	0
1246	1
1247	1
1248	1
1249	2
1250	0
1251	2
1252	2
1253	1
1254	2
1255	2
1256	0
1257	2
1258	3
1259	3
1260	2
1261	1
1262	1
1263	1
1264	4
1265	1
1266	1
1267	2
1268	3
1269	0
1270	4
1271	2
1272	2
1273	1
1274	2
1275	2
1276	2
1277	1
1278	1
1279	6
1280	0
1281	0
1282	1
1283	0
1284	1
1285	1
1286	2
1287	2
1288	3
1289	4
1290	2
1291	4
1292	2
1293	2
1294	4
1295	1
1296	0
1297	2
1298	1
1299	3
1300	5
1301	5
1302	1
1303	2
1304	2
1305	2
1306	0
1307	5
1308	1
1309	1
1310	2
1311	2
1312	2
1313	0
1314	1
1315	5
1316	4
1317	1
1318	2
1319	1
1320	3
1321	3
1322	1
1323	4
1324	4
1325	3
1326	3
1327	1
1328	3
1329	2
1330	4
1331	3
1332	3
1333	2
1334	3
1335	0
1336	2
1337	3
1338	1
1339	1
1340	3
1341	1
1342	2
1343	2
1344	1
1345	0
1346	1
1347	5
1348	4
1349	2
1350	2
1351	1
1352	3
1353	2
1354	0
1355	1
1356	2
1357	2
1358	4
1359	6
1360	2
1361	1
1362	0
1363	2
1364	4
1365	2
1366	1
1367	3
1368	5
1369	2
1370	4
1371	1
1372	2
1373	4
1374	4
1375	2
1376	5
1377	0
1378	4
1379	3
1380	2
1381	6
1382	4
1383	3
1384	1
1385	1
1386	5
1387	4
1388	3
1389	3
1390	6
1391	2
1392	6
1393	2
1394	6
1395	6
1396	3
1397	8
1398	7
1399	5
1400	10
1401	8
1402	6
1403	5
1404	6
1405	7
1406	2
1407	11
1408	7
1409	11
1410	9
1411	6
1412	6
1413	8
1414	10
1415	8
1416	6
1417	12
1418	12
1419	6
1420	11
1421	4
1422	17
1423	8
1424	12
1425	6
1426	13
1427	15
1428	15
1429	10
1430	17
1431	14
1432	12
1433	16
1434	14
1435	20
1436	15
1437	12
1438	7
1439	11
1440	15
1441	16
1442	12
1443	18
1444	22
1445	17
1446	22
1447	16
1448	11
1449	17
1450	18
1451	19
1452	19
1453	20
1454	15
1455	19
1456	26
1457	18
1458	23
1459	27
1460	26
1461	18
1462	21
1463	22
1464	17
1465	32
1466	25
1467	27
1468	21
1469	23
1470	26
1471	34
1472	20
1473	21
1474	34
1475	23
1476	39
1477	18
1478	32
1479	24
1480	35
1481	32
1482	21
1483	29
1484	36
1485	30
1486	33
1487	41
1488	22
1489	30
1490	39
1491	35
1492	24
1493	34
1494	37
1495	35
1496	24
1497	45
1498	38
1499	65
1500	44
1501	45
1502	54
1503	43
1504	37
1505	51
1506	49
1507	51
1508	56
1509	31
1510	54
1511	45
1512	48
1513	49
1514	41
1515	52
1516	61
1517	46
1518	44
1519	55
1520	51
1521	40
1522	56
1523	63
1524	48
1525	41
1526	55
1527	50
1528	58
1529	67
1530	46
1531	62
1532	57
1533	65
1534	60
1535	84
1536	46
1537	53
1538	60
1539	67
1540	83
1541	56
1542	67
1543	57
1544	66
1545	74
1546	56
1547	64
1548	61
1549	62
1550	71
1551	62
1552	67
1553	78
1554	62
1555	74
1556	71
1557	63
1558	78
1559	75
1560	79
1561	77
1562	54
1563	83
1564	76
1565	59
1566	68
1567	94
1568	60
1569	88
1570	95
1571	81
1572	107
1573	50
1574	107
1575	84
1576	62
1577	77
1578	75
1579	83
1580	98
1581	81
1582	69
1583	74
1584	68
1585	85
1586	93
1587	90
1588	94
1589	86
1590	101
1591	69
1592	74
1593	96
1594	72
1595	96
1596	89
1597	88
1598	104
1599	110
1600	78
1601	90
1602	87
1603	102
1604	111
1605	94
1606	108
1607	81
1608	93
1609	115
1610	83
1611	94
1612	122
1613	92
1614	108
1615	110
1616	68
1617	102
1618	112
1619	107
1620	110
1621	82
1622	136
1623	94
1624	101
1625	98
1626	85
1627	135
1628	104
1629	115
1630	113
1631	125
1632	107
1633	105
1634	135
1635	84
1636	132
1637	80
1638	126
1639	101
1640	94
1641	127
1642	116
1643	99
1644	135
1645	123
1646	128
1647	113
1648	88
1649	94
1650	113
1651	122
1652	119
1653	102
1654	171
1655	120
1656	112
1657	148
1658	84
1659	136
1660	110
1661	122
1662	145
1663	117
1664	84
1665	114
1666	136
1667	118
1668	139
1669	78
1670	129
1671	82
1672	106
1673	147
1674	92
1675	99
1676	141
1677	110
1678	109
1679	97
1680	106
1681	112
1682	107
1683	137
1684	102
1685	101
1686	128
1687	93
1688	92
1689	126
1690	100
1691	106
1692	101
1693	96
1694	120
1695	119
1696	94
1697	104
1698	109
1699	99
1700	118
1701	73
1702	120
1703	91
1704	77
1705	111
1706	73
1707	88
1708	98
1709	99
1710	96
1711	81
1712	89
1713	95
1714	106
1715	104
1716	70
1717	80
1718	100
1719	78
1720	72
1721	94
1722	83
1723	75
1724	78
1725	74
1726	77
1727	75
1728	67
1729	66
1730	85
1731	65
1732	74
1733	54
1734	81
1735	55
1736	72
1737	73
1738	41
1739	60
1740	87
1741	59
1742	64
1743	62
1744	50
1745	54
1746	43
1747	70
1748	55
1749	66
1750	70
1751	42
1752	58
1753	62
1754	43
1755	58
1756	56
1757	54
1758	55
1759	50
1760	43
1761	44
1762	41
1763	40
1764	69
1765	40
1766	42
1767	37
1768	27
1769	39
1770	40
1771	29
1772	35
1773	39
1774	39
1775	40
1776	31
1777	31
1778	33
1779	59
1780	35
1781	22
1782	46
1783	32
1784	28
1785	38
1786	25
1787	31
1788	30
1789	18
1790	37
1791	25
1792	24
1793	34
1794	29
1795	46
1796	32
1797	11
1798	37
1799	25
1800	23
1801	36
1802	18
1803	36
1804	34
1805	32
1806	22
1807	18
1808	30
1809	29
1810	19
1811	36
1812	21
1813	18
1814	33
1815	20
1816	27
1817	27
1818	21
1819	17
1820	17
1821	19
1822	22
1823	20
1824	25
1825	22
1826	21
1827	15
1828	20
1829	25
1830	28
1831	20
1832	15
1833	33
1834	13
1835	28
1836	27
1837	24
1838	27
1839	27
1840	23
1841	34
1842	20
1843	29
1844	32
1845	14
1846	21
1847	23
1848	17
1849	20
1850	16
1851	26
1852	25
1853	23
1854	23
1855	27
1856	25
1857	15
1858	8
1859	14
1860	19
1861	10
1862	18
1863	18
1864	17
1865	19
1866	12
1867	17
1868	25
1869	20
1870	21
1871	12
1872	22
1873	18
1874	16
1875	22
1876	19
1877	17
1878	25
1879	15
1880	19
1881	21
1882	17
1883	31
1884	24
1885	14
1886	16
1887	12
1888	23
1889	16
1890	28
1891	13
1892	22
1893	19
1894	21
1895	18
1896	13
1897	17
1898	13
1899	17
1900	25
1901	20
1902	17
1903	19
1904	7
1905	13
1906	10
1907	17
1908	17
1909	14
1910	22
1911	13
1912	10
1913	13
1914	13
1915	20
1916	24
1917	8
1918	13
1919	17
1920	11
1921	14
1922	12
1923	13
1924	10
1925	10
1926	20
1927	11
1928	17
1929	13
1930	12
1931	11
1932	19
1933	12
1934	7
1935	9
1936	18
1937	14
1938	14
1939	10
1940	15
1941	9
1942	16
1943	10
1944	9
1945	11
1946	9
1947	12
1948	11
1949	11
1950	5
1951	8
1952	12
1953	12
1954	12
1955	13
1956	10
1957	5
1958	7
1959	5
1960	5
1961	11
1962	11
1963	6
1964	5
1965	1
1966	5
1967	6
1968	4
1969	5
1970	8
1971	2
1972	7
1973	8
1974	7
1975	3
1976	3
1977	12
1978	1
1979	9
1980	6
1981	4
1982	1
1983	3
1984	4
1985	3
1986	4
1987	5
1988	7
1989	7
1990	9
1991	5
1992	3
1993	4
1994	7
1995	3
1996	3
1997	1
1998	1
1999	3
2000	2
2001	2
2002	2
2003	4
2004	4
2005	2
2006	2
2007	0
2008	5
2009	0
2010	2
2011	4
2012	3
2013	3
2014	3
2015	1
2016	2
2017	2
2018	2
2019	3
2020	2
2021	1
2022	4
2023	3
2024	1
2025	1
2026	2
2027	0
2028	2
2029	1
2030	1
2031	4
2032	3
2033	1
2034	1
2035	2
2036	0
2037	2
2038	3
2039	3
2040	0
2041	1
2042	0
2043	0
2044	0
2045	0
2046	1
2047	2
2048	1
2049	0
2050	1
2051	2
2052	4
2053	0
2054	1
2055	0
2056	1
2057	0
2058	0
2059	0
2060	1
2061	0
2062	1
2063	1
2064	2
2065	3
2066	0
2067	1
2068	1
2069	0
2070	0
2071	1
2072	0
2073	2
2074	0
2075	0
2076	0
2077	0
2078	0
2079	0
2080	0
2081	0
2082	0
2083	0
2084	0
2085	0
2086	0
2087	0
2088	0
2089	0
2090	0
2091	1
2092	2
2093	0
2094	0
2095	0
2096	0
2097	0
2098	0
2099	0
2100	1
2101	1
2102	1
2103	0
2104	0
2105	0
2106	0
2107	1
2108	0
2109	0
2110	1
2111	0
2112	1
2113	1
2114	0
2115	0
2116	1
2117	1
2118	0
2119	0
2120	1
2121	0
2122	0
2123	1
2124	0
2125	0
2126	0
2127	0
2128	0
2129	1
2130	0
2131	0
2132	0
2133	0
2134	2
2135	1
2136	0
2137	0
2138	0
2139	1
2140	0
2141	0
2142	0
2143	0
2144	1
2145	1
2146	0
2147	0
2148	0
2149	0
2150	0
2151	0
2152	0
2153	0
2154	0
2155	0
2156	0
2157	0
2158	0
2159	0
2160	0
2161	0
2162	0
2163	0
2164	0
2165	1
2166	0
2167	0
2168	0
2169	0
2170	0
2171	0
2172	0
2173	0
2174	0
2175	0
2176	1
2177	0
2178	0
2179	0
2180	0
2181	0
2182	0
2183	1
2184	1
2185	1
2186	0
2187	0
2188	0
2189	0
2190	0
2191	0
2192	0
2193	0
2194	0
2195	0
2196	0
2197	0
2198	0
2199	0
2200	0
2201	0
2202	0
2203	0
2204	0
2205	0
2206	0
2207	0
2208	0
2209	1
2210	1
2211	1
2212	1
2213	0
2214	0
2215	0
2216	0
2217	0
2218	0
2219	0
2220	1
2221	0
2222	0
2223	0
2224	0
2225	0
2226	0
2227	1
2228	1
2229	0
2230	1
2231	0
2232	0
2233	0
2234	0
2235	0
2236	1
2237	0
2238	0
2239	0
2240	0
2241	0
2242	0
2243	1
2244	0
2245	0
2246	0
2247	0
2248	1
2249	0
2250	0
2251	0
2252	1
2253	0
2254	0
2255	0
2256	0
2257	0
2258	0
2259	0
2260	0
2261	0
2262	0
2263	0
2264	0
2265	0
2266	2
2267	0
2268	1
2269	0
2270	0
2271	1
2272	0
2273	0
2274	0
2275	0
2276	1
2277	0
2278	0
2279	1
2280	0
2281	0
2282	0
2283	0
2284	1
2285	1
2286	1
2287	0
2288	1
2289	0
2290	0
2291	1
2292	0
2293	0
2294	0
2295	0
2296	0
2297	0
2298	0
2299	0
2300	0
2301	0
2302	0
2303	0
2304	0
2305	0
2306	1
2307	0
2308	0
2309	0
2310	0
2311	0
2312	1
2313	2
2314	0
2315	0
2316	1
2317	0
2318	0
2319	0
2320	0
2321	0
2322	0
2323	0
2324	0
2325	0
2326	0
2327	0
2328	0
2329	0
2330	0
2331	1
2332	0
2333	0
2334	0
2335	0
2336	0
2337	0
2338	0
2339	0
2340	0
2341	0
2342	0
2343	0
2344	1
2345	0
2346	0
2347	0
2348	0
2349	0
2350	0
2351	0
2352	0
2353	0
2354	0
2355	0
2356	0
2357	0
2358	0
2359	1
2360	0
2361	0
2362	0
2363	0
2364	0
2365	0
2366	0
2367	0
2368	0
2369	0
2370	0
2371	2
2372	0
2373	0
2374	0
2375	0
2376	0
2377	1
2378	1
2379	0
2380	0
2381	0
2382	0
2383	0
2384	0
2385	1
2386	0
2387	0
2388	0
2389	0
2390	0
2391	0
2392	0
2393	0
2394	0
2395	0
2396	0
2397	0
2398	0
2399	0
2400	0
2401	0
2402	0
2403	0
2404	0
2405	0
2406	0
2407	1
2408	0
2409	0
2410	0
2411	0
2412	0
2413	0
2414	0
2415	0
2416	0
2417	0
2418	1
2419	0
2420	0
2421	0
2422	0
2423	0
2424	0
2425	0
2426	0
2427	0
2428	0
2429	0
2430	0
2431	0
2432	1
2433	0
2434	0
2435	1
2436	0
2437	1
2438	0
2439	0
2440	0
2441	1
2442	1
2443	0
2444	0
2445	0
2446	0
2447	0
2448	1
2449	0
2450	0
2451	0
2452	0
2453	0
2454	0
2455	0
2456	0
2457	0
2458	0
2459	0
2460	0
2461	0
2462	0
2463	0
2464	0
2465	0
2466	0
2467	0
2468	0
2469	0
2470	0
2471	0
2472	0
2473	0
2474	0
2475	0
2476	0
2477	0
2478	0
2479	0
2480	0
2481	0
2482	0
2483	0
2484	0
2485	0
2486	0
2487	0
2488	0
2489	0
2490	0
2491	0
2492	0
2493	0
2494	0
2495	0
2496	0
2497	0
2498	0
2499	0
2500	0
2501	0
2502	0
2503	0
2504	0
2505	0
2506	0
2507	0
2508	0
2509	0
2510	0
2511	0
2512	1
2513	0
2514	0
2515	0
2516	0
2517	0
2518	0
2519	0
2520	0
2521	0
2522	0
2523	1
2524	0
2525	0
2526	0
2527	0
2528	0
2529	0
2530	0
2531	0
2532	0
2533	0
2534	0
2535	0
2536	0
2537	0
2538	1
2539	0
2540	0
2541	0
2542	0
2543	0
2544	1
2545	0
2546	1
2547	1
2548	0
2549	0
2550	0
2551	1
2552	0
2553	0
2554	0
2555	0
2556	0
2557	0
2558	1
2559	0
2560	0
2561	0
2562	0
2563	0
2564	0
2565	0
2566	0
2567	0
2568	0
2569	0
2570	0
2571	1
2572	0
2573	0
2574	0
2575	0
2576	0
2577	1
2578	0
2579	0
2580	0
2581	0
2582	0
2583	0
2584	0
2585	0
2586	0
2587	0
2588	0
2589	1
2590	0
2591	0
2592	0
2593	1
2594	0
2595	0
2596	1
2597	0
2598	0
2599	0
2600	0
2601	2
2602	0
2603	0
2604	0
2605	0
2606	0
2607	0
2608	2
2609	0
2610	0
2611	0
2612	0
2613	1
2614	0
2615	0
2616	0
2617	0
2618	0
2619	0
2620	0
2621	0
2622	0
2623	0
2624	0
2625	0
2626	1
2627	0
2628	0
2629	0
2630	1
2631	0
2632	0
2633	0
2634	0
2635	0
2636	0
2637	0
2638	0
2639	0
2640	0
2641	0
2642	0
2643	0
2644	0
2645	0
2646	0
2647	0
2648	0
2649	0
2650	0
2651	0
2652	0
2653	0
2654	1
2655	0
2656	0
2657	0
2658	0
2659	0
2660	0
2661	0
2662	1
2663	0
2664	0
2665	0
2666	0
2667	1
2668	0
2669	0
2670	0
2671	0
2672	0
2673	0
2674	1
2675	0
2676	0
2677	1
2678	0
2679	0
2680	0
2681	0
2682	0
2683	0
2684	0
2685	0
2686	0
2687	0
2688	0
2689	0
2690	0
2691	0
2692	0
2693	0
2694	0
2695	0
2696	1
2697	1
2698	0
2699	0
2700	0
2701	1
2702	0
2703	0
2704	0
2705	0
2706	0
2707	0
2708	0
2709	0
2710	0
2711	0
2712	0
2713	0
2714	0
2715	0
2716	0
2717	1
2718	0
2719	0
2720	0
2721	0
2722	0
2723	0
2724	0
2725	0
2726	0
2727	0
2728	0
2729	0
2730	1
2731	0
2732	0
2733	0
2734	0
2735	0
2736	0
2737	0
2738	0
2739	0
2740	1
2741	1
2742	0
2743	0
2744	0
2745	0
2746	0
2747	0
2748	0
2749	0
2750	0
2751	0
2752	0
2753	0
2754	0
2755	0
2756	0
2757	0
2758	0
2759	0
2760	0
2761	0
2762	0
2763	0
2764	0
2765	0
2766	0
2767	1
2768	0
2769	0
2770	0
2771	0
2772	0
2773	0
2774	0
2775	1
2776	0
2777	0
2778	0
2779	0
2780	0
2781	0
2782	1
2783	0
2784	0
2785	0
2786	0
2787	0
2788	0
2789	0
2790	0
2791	0
2792	0
2793	0
2794	1
2795	0
2796	0
2797	0
2798	0
2799	0
2800	0
2801	0
2802	1
2803	0
2804	0
2805	0
2806	0
2807	0
2808	0
2809	0
2810	0
2811	0
2812	0
2813	0
2814	0
2815	0
2816	0
2817	0
2818	0
2819	0
2820	0
2821	0
2822	0
2823	0
2824	0
2825	0
2826	0
2827	0
2828	0
2829	0
2830	1
2831	0
2832	0
2833	0
2834	0
2835	0
2836	0
2837	0
2838	0
2839	0
2840	0
2841	0
2842	0
2843	1
2844	0
2845	0
2846	1
2847	0
2848	1
2849	0
2850	0
2851	1
2852	0
2853	0
2854	1
2855	0
2856	0
2857	1
2858	0
2859	0
2860	0
2861	0
2862	0
2863	0
2864	1
2865	0
2866	0
2867	0
2868	0
2869	0
2870	0
2871	0
2872	0
2873	0
2874	0
2875	0
2876	1
2877	0
2878	0
2879	1
2880	0
2881	0
2882	0
2883	0
2884	0
2885	0
2886	0
2887	0
2888	0
2889	0
2890	0
2891	0
2892	0
2893	0
2894	0
2895	0
2896	0
2897	0
2898	0
2899	0
2900	0
2901	0
2902	0
2903	0
2904	0
2905	1
2906	0
2907	0
2908	0
2909	0
2910	0
2911	0
2912	0
2913	1
2914	0
2915	0
2916	0
2917	0
2918	0
2919	0
2920	0
2921	0
2922	0
2923	0
2924	0
2925	0
2926	0
2927	0
2928	1
2929	0
2930	0
2931	0
2932	1
2933	0
2934	1
2935	0
2936	0
2937	0
2938	0
2939	0
2940	0
2941	0
2942	0
2943	0
2944	0
2945	0
2946	0
2947	1
2948	0
2949	0
2950	1
2951	0
2952	0
2953	0
2954	0
2955	0
2956	0
2957	0
2958	0
2959	0
2960	0
2961	0
2962	1
2963	0
2964	0
2965	0
2966	0
2967	0
2968	0
2969	0
2970	2
2971	0
2972	0
2973	0
2974	0
2975	0
2976	0
2977	0
2978	0
2979	0
2980	0
2981	0
2982	0
2983	0
2984	0
2985	0
2986	0
2987	0
2988	0
2989	0
2990	0
2991	0
2992	0
2993	0
2994	0
2995	0
2996	1
2997	0
2998	0
2999	0
3000	0
3001	0
3002	0
3003	0
3004	0
3005	0
3006	0
3007	0
3008	1
3009	0
3010	0
3011	0
3012	0
3013	0
3014	0
3015	0
3016	0
3017	1
3018	0
3019	0
3020	1
3021	0
3022	1
3023	0
3024	0
3025	0
3026	1
3027	0
3028	0
3029	0
3030	0
3031	0
3032	0
3033	0
3034	0
3035	0
3036	0
3037	0
3038	0
3039	0
3040	0
3041	0
3042	0
3043	0
3044	0
3045	0
3046	0
3047	1
3048	0
3049	0
3050	0
3051	0
3052	0
3053	0
3054	0
3055	0
3056	0
3057	0
3058	0
3059	0
3060	0
3061	0
3062	0
3063	0
3064	0
3065	0
3066	0
3067	0
3068	0
3069	0
3070	0
3071	0
3072	0
3073	0
3074	0
3075	0
3076	0
3077	0
3078	0
3079	0
3080	0
3081	0
3082	0
3083	0
3084	0
3085	0
3086	0
3087	0
3088	1
3089	1
3090	0
3091	0
3092	0
3093	0
3094	0
3095	0
3096	0
3097	0
3098	0
3099	0
3100	0
3101	0
3102	0
3103	0
3104	0
3105	0
3106	0
3107	0
3108	0
3109	0
3110	0
3111	0
3112	0
3113	0
3114	0
3115	0
3116	0
3117	0
3118	1
3119	0
3120	0
3121	0
3122	0
3123	0
3124	0
3125	0
3126	0
3127	0
3128	0
3129	1
3130	0
3131	0
3132	1
3133	0
3134	0
3135	0
3136	0
3137	0
3138	1
3139	0
3140	0
3141	0
3142	0
3143	0
3144	0
3145	0
3146	0
3147	0
3148	0
3149	1
3150	0
3151	0
3152	0
3153	1
3154	0
3155	0
3156	0
3157	0
3158	1
3159	0
3160	0
3161	1
3162	0
3163	0
3164	1
3165	1
3166	0
3167	0
3168	0
3169	1
3170	0
3171	0
3172	0
3173	0
3174	0
3175	0
3176	0
3177	0
3178	0
3179	0
3180	0
3181	0
3182	0
3183	0
3184	1
3185	0
3186	0
3187	0
3188	0
3189	0
3190	1
3191	0
3192	0
3193	0
3194	0
3195	0
3196	0
3197	0
3198	0
3199	0
3200	0
3201	0
3202	0
3203	0
3204	0
3205	0
3206	0
3207	0
3208	0
3209	0
3210	0
3211	0
3212	0
3213	0
3214	0
3215	0
3216	0
3217	0
3218	0
3219	0
3220	0
3221	0
3222	0
3223	0
3224	1
3225	0
3226	0
3227	0
3228	0
3229	0
3230	0
3231	0
3232	0
3233	0
3234	0
3235	0
3236	0
3237	0
3238	0
3239	1
3240	0
3241	0
3242	0
3243	0
3244	0
3245	0
3246	0
3247	0
3248	0
3249	1
3250	1
3251	1
3252	0
3253	0
3254	0
3255	0
3256	0
3257	0
3258	0
3259	0
3260	0
3261	0
3262	0
3263	0
3264	1
3265	0
3266	0
3267	0
3268	0
3269	1
3270	0
3271	0
3272	0
3273	0
3274	0
3275	0
3276	1
3277	0
3278	0
3279	0
3280	0
3281	0
3282	0
3283	0
3284	0
3285	0
3286	0
3287	0
3288	0
3289	1
3290	0
3291	0
3292	0
3293	1
3294	0
3295	0
3296	0
3297	0
3298	0
3299	0
3300	0
3301	0
3302	0
3303	0
3304	0
3305	0
3306	0
3307	0
3308	0
3309	0
3310	0
3311	0
3312	0
3313	0
3314	0
3315	0
3316	0
3317	0
3318	2
3319	0
3320	0
3321	1
3322	0
3323	1
3324	0
3325	0
3326	0
3327	0
3328	0
3329	0
3330	0
3331	0
3332	0
3333	0
3334	0
3335	0
3336	0
3337	0
3338	1
3339	0
3340	0
3341	0
3342	0
3343	0
3344	0
3345	0
3346	0
3347	0
3348	0
3349	0
3350	0
3351	0
3352	1
3353	0
3354	0
3355	0
3356	0
3357	0
3358	1
3359	0
3360	0
3361	0
3362	0
3363	0
3364	0
3365	0
3366	0
3367	0
3368	0
3369	0
3370	0
3371	0
3372	0
3373	0
3374	1
3375	0
3376	0
3377	0
3378	0
3379	1
3380	0
3381	0
3382	0
3383	0
3384	0
3385	0
3386	0
3387	1
3388	1
3389	0
3390	1
3391	0
3392	0
3393	0
3394	0
3395	0
3396	0
3397	0
3398	0
3399	0
3400	0
3401	1
3402	0
3403	0
3404	1
3405	0
3406	0
3407	0
3408	0
3409	0
3410	0
3411	0
3412	0
3413	1
3414	0
3415	0
3416	0
3417	0
3418	0
3419	1
3420	0
3421	0
3422	0
3423	0
3424	0
3425	0
3426	0
3427	1
3428	1
3429	0
3430	0
3431	0
3432	0
3433	0
3434	0
3435	0
3436	0
3437	0
3438	0
3439	0
3440	0
3441	0
3442	0
3443	0
3444	0
3445	0
3446	0
3447	0
3448	0
3449	0
3450	0
3451	0
3452	0
3453	0
3454	0
3455	0
3456	0
3457	0
3458	0
3459	0
3460	0
3461	0
3462	0
3463	0
3464	1
3465	0
3466	0
3467	0
3468	0
3469	1
3470	0
3471	0
3472	1
3473	0
3474	0
3475	1
3476	0
3477	0
3478	0
3479	0
3480	0
3481	0
3482	0
3483	0
3484	0
3485	0
3486	0
3487	0
3488	1
3489	0
3490	0
3491	0
3492	0
3493	0
3494	1
3495	0
3496	0
3497	1
3498	0
3499	0
3500	0
3501	0
3502	0
3503	0
3504	0
3505	0
3506	0
3507	0
3508	0
3509	1
3510	0
3511	0
3512	0
3513	0
3514	0
3515	0
3516	0
3517	0
3518	0
3519	0
3520	0
3521	0
3522	0
3523	0
3524	0
3525	0
3526	0
3527	0
3528	0
3529	0
3530	1
3531	0
3532	0
3533	0
3534	1
3535	0
3536	0
3537	0
3538	0
3539	0
3540	0
3541	1
3542	0
3543	0
3544	1
3545	0
3546	0
3547	1
3548	0
3549	0
3550	0
3551	0
3552	0
3553	0
3554	0
3555	0
3556	0
3557	0
3558	0
3559	0
3560	0
3561	0
3562	0
3563	0
3564	0
3565	0
3566	0
3567	0
3568	0
3569	1
3570	0
3571	0
3572	0
3573	0
3574	0
3575	0
3576	0
3577	0
3578	0
3579	1
3580	0
3581	0
3582	0
3583	0
3584	0
3585	0
3586	0
3587	0
3588	1
3589	0
3590	0
3591	0
3592	0
3593	2
3594	0
3595	0
3596	0
3597	0
3598	0
3599	0
3600	0
3601	0
3602	0
3603	0
3604	0
3605	0
3606	0
3607	0
3608	0
3609	0
3610	0
3611	1
3612	0
3613	0
3614	0
3615	0
3616	0
3617	1
3618	0
3619	1
3620	0
3621	0
3622	0
3623	0
3624	0
3625	0
3626	0
3627	0
3628	0
3629	0
3630	0
3631	0
3632	1
3633	0
3634	0
3635	1
3636	0
3637	0
3638	1
3639	0
3640	0
3641	0
3642	0
3643	0
3644	0
3645	0
3646	0
3647	0
3648	0
3649	0
3650	0
3651	0
3652	0
3653	0
3654	1
3655	0
3656	0
3657	0
3658	0
3659	0
3660	0
3661	1
3662	0
3663	0
3664	0
3665	0
3666	0
3667	0
3668	0
3669	0
3670	0
3671	0
3672	1
3673	1
3674	0
3675	1
3676	0
3677	0
3678	0
3679	0
3680	0
3681	0
3682	0
3683	0
3684	0
3685	0
3686	0
3687	0
3688	0
3689	0
3690	0
3691	0
3692	0
3693	0
3694	0
3695	0
3696	0
3697	1
3698	0
3699	0
3700	0
3701	0
3702	0
3703	0
3704	1
3705	0
3706	0
3707	0
3708	0
3709	0
3710	0
3711	0
3712	0
3713	1
3714	0
3715	0
3716	0
3717	0
3718	0
3719	0
3720	0
3721	0
3722	0
3723	0
3724	0
3725	0
3726	0
3727	0
3728	0
3729	0
3730	0
3731	0
3732	1
3733	0
3734	0
3735	1
3736	1
3737	0
3738	0
3739	0
3740	0
3741	0
3742	0
3743	0
3744	0
3745	0
3746	0
3747	0
3748	0
3749	0
3750	1
3751	0
3752	0
3753	0
3754	0
3755	0
3756	0
3757	0
3758	1
3759	0
3760	0
3761	0
3762	1
3763	0
3764	0
3765	0
3766	0
3767	0
3768	0
3769	0
3770	0
3771	0
3772	0
3773	0
3774	0
3775	0
3776	0
3777	0
3778	0
3779	0
3780	0
3781	0
3782	0
3783	0
3784	0
3785	0
3786	0
3787	0
3788	0
3789	0
3790	1
3791	0
3792	0
3793	1
3794	0
3795	0
3796	0
3797	0
3798	0
3799	0
3800	1
3801	0
3802	0
3803	0
3804	0
3805	0
3806	0
3807	0
3808	1
3809	0
3810	0
3811	0
3812	0
3813	0
3814	0
3815	0
3816	0
3817	0
3818	0
3819	0
3820	0
3821	1
3822	0
3823	0
3824	0
3825	0
3826	0
3827	0
3828	0
3829	0
3830	0
3831	0
3832	0
3833	0
3834	0
3835	0
3836	0
3837	0
3838	0
3839	0
3840	0
3841	0
3842	0
3843	0
3844	0
3845	0
3846	0
3847	0
3848	1
3849	0
3850	0
3851	1
3852	1
3853	0
3854	0
3855	0
3856	0
3857	0
3858	0
3859	0
3860	0
3861	0
3862	0
3863	0
3864	1
3865	0
3866	0
3867	0
3868	0
3869	0
3870	0
3871	0
3872	0
3873	0
3874	0
3875	0
3876	1
3877	0
3878	1
3879	1
3880	0
3881	0
3882	0
3883	0
3884	0
3885	0
3886	0
3887	0
3888	0
3889	0
3890	0
3891	0
3892	0
3893	0
3894	0
3895	0
3896	0
3897	0
3898	0
3899	1
3900	0
3901	0
3902	0
3903	0
3904	0
3905	0
3906	0
3907	0
3908	0
3909	0
3910	0
3911	1
3912	0
3913	0
3914	0
3915	0
3916	0
3917	0
3918	0
3919	0
3920	0
3921	0
3922	1
3923	0
3924	0
3925	0
3926	0
3927	0
3928	0
3929	0
3930	0
3931	0
3932	0
3933	0
3934	0
3935	0
3936	0
3937	0
3938	0
3939	0
3940	0
3941	0
3942	0
3943	0
3944	0
3945	0
3946	0
3947	0
3948	0
3949	0
3950	0
3951	1
3952	0
3953	0
3954	0
3955	0
3956	1
3957	0
3958	1
3959	0
3960	0
3961	0
3962	0
3963	1
3964	0
3965	0
3966	0
3967	0
3968	1
3969	0
3970	0
3971	0
3972	0
3973	0
3974	0
3975	0
3976	0
3977	0
3978	0
3979	0
3980	0
3981	0
3982	1
3983	0
3984	0
3985	0
3986	0
3987	0
3988	0
3989	0
3990	0
3991	0
3992	1
3993	0
3994	0
3995	0
3996	0
3997	1
3998	0
3999	1
4000	0
