Kanalnummer	Impulse
Kanal/#	Impulse/#

0	0
1	0
2	0
3	0
4	0
5	0
6	0
7	0
8	0
9	0
10	0
11	0
12	0
13	0
14	0
15	0
16	0
17	0
18	0
19	0
20	0
21	0
22	0
23	0
24	0
25	0
26	0
27	0
28	0
29	0
30	0
31	0
32	0
33	0
34	0
35	0
36	0
37	0
38	0
39	0
40	0
41	0
42	0
43	0
44	0
45	0
46	0
47	0
48	0
49	0
50	0
51	0
52	0
53	0
54	0
55	0
56	0
57	0
58	0
59	0
60	0
61	1
62	1
63	1
64	2
65	1
66	0
67	3
68	0
69	1
70	0
71	4
72	1
73	5
74	6
75	2
76	4
77	3
78	5
79	6
80	2
81	2
82	1
83	3
84	5
85	1
86	2
87	6
88	7
89	3
90	3
91	3
92	3
93	3
94	3
95	8
96	1
97	5
98	1
99	3
100	4
101	5
102	5
103	3
104	4
105	6
106	0
107	4
108	5
109	3
110	1
111	0
112	3
113	1
114	6
115	3
116	5
117	6
118	6
119	5
120	1
121	2
122	3
123	3
124	1
125	0
126	4
127	8
128	1
129	0
130	2
131	2
132	1
133	3
134	2
135	6
136	6
137	3
138	3
139	3
140	2
141	4
142	3
143	6
144	4
145	5
146	3
147	3
148	5
149	2
150	7
151	1
152	1
153	5
154	1
155	7
156	1
157	2
158	1
159	3
160	3
161	4
162	4
163	4
164	3
165	1
166	2
167	3
168	5
169	4
170	5
171	2
172	5
173	5
174	3
175	3
176	3
177	2
178	3
179	1
180	6
181	5
182	2
183	3
184	6
185	5
186	4
187	3
188	7
189	7
190	5
191	4
192	1
193	3
194	3
195	6
196	3
197	0
198	6
199	3
200	6
201	4
202	3
203	0
204	2
205	4
206	6
207	10
208	2
209	2
210	4
211	2
212	6
213	1
214	5
215	4
216	2
217	4
218	2
219	1
220	4
221	3
222	3
223	7
224	1
225	4
226	6
227	3
228	1
229	4
230	4
231	4
232	3
233	2
234	1
235	6
236	6
237	5
238	4
239	3
240	4
241	3
242	2
243	5
244	2
245	4
246	2
247	8
248	2
249	6
250	8
251	7
252	3
253	2
254	5
255	6
256	1
257	7
258	3
259	3
260	4
261	3
262	4
263	3
264	4
265	9
266	5
267	6
268	3
269	3
270	6
271	4
272	7
273	1
274	1
275	6
276	6
277	3
278	6
279	4
280	4
281	7
282	5
283	5
284	7
285	10
286	4
287	2
288	5
289	3
290	4
291	2
292	8
293	3
294	8
295	2
296	5
297	8
298	2
299	6
300	2
301	4
302	5
303	2
304	7
305	6
306	5
307	8
308	3
309	5
310	5
311	4
312	6
313	6
314	8
315	2
316	5
317	5
318	6
319	11
320	3
321	6
322	2
323	9
324	5
325	5
326	5
327	3
328	4
329	7
330	8
331	9
332	7
333	7
334	10
335	8
336	5
337	7
338	1
339	2
340	6
341	6
342	2
343	6
344	6
345	8
346	3
347	13
348	7
349	3
350	6
351	7
352	11
353	8
354	9
355	9
356	7
357	4
358	8
359	11
360	6
361	8
362	1
363	4
364	7
365	3
366	6
367	6
368	11
369	6
370	5
371	4
372	9
373	5
374	3
375	3
376	5
377	5
378	9
379	8
380	5
381	4
382	8
383	4
384	2
385	5
386	7
387	5
388	10
389	9
390	13
391	7
392	5
393	9
394	7
395	7
396	4
397	6
398	10
399	7
400	7
401	8
402	7
403	7
404	3
405	4
406	8
407	3
408	5
409	6
410	2
411	7
412	7
413	8
414	7
415	12
416	7
417	5
418	4
419	6
420	11
421	4
422	6
423	8
424	6
425	9
426	4
427	4
428	5
429	4
430	7
431	2
432	6
433	2
434	6
435	7
436	4
437	3
438	3
439	6
440	5
441	6
442	8
443	8
444	5
445	10
446	4
447	10
448	1
449	5
450	2
451	2
452	4
453	4
454	4
455	8
456	4
457	4
458	6
459	6
460	10
461	6
462	4
463	9
464	4
465	5
466	5
467	4
468	8
469	4
470	6
471	5
472	3
473	8
474	3
475	4
476	5
477	5
478	5
479	9
480	0
481	4
482	4
483	6
484	2
485	5
486	4
487	7
488	2
489	11
490	2
491	6
492	1
493	7
494	4
495	2
496	5
497	4
498	5
499	6
500	6
501	7
502	5
503	5
504	4
505	4
506	7
507	7
508	8
509	6
510	3
511	7
512	5
513	6
514	4
515	9
516	6
517	5
518	5
519	3
520	2
521	8
522	9
523	6
524	6
525	4
526	5
527	8
528	8
529	7
530	5
531	10
532	7
533	7
534	8
535	6
536	7
537	5
538	6
539	9
540	3
541	7
542	8
543	9
544	8
545	6
546	13
547	7
548	8
549	7
550	6
551	7
552	4
553	14
554	9
555	9
556	6
557	6
558	12
559	7
560	7
561	10
562	10
563	16
564	4
565	7
566	9
567	13
568	10
569	9
570	9
571	11
572	10
573	16
574	11
575	15
576	12
577	16
578	12
579	8
580	16
581	13
582	13
583	14
584	14
585	17
586	26
587	19
588	19
589	24
590	25
591	18
592	14
593	23
594	15
595	21
596	21
597	20
598	29
599	27
600	22
601	39
602	26
603	45
604	19
605	39
606	49
607	45
608	31
609	32
610	52
611	44
612	60
613	45
614	48
615	54
616	43
617	62
618	50
619	61
620	63
621	66
622	79
623	69
624	48
625	63
626	73
627	70
628	77
629	73
630	97
631	94
632	53
633	87
634	84
635	92
636	90
637	89
638	101
639	106
640	56
641	106
642	88
643	86
644	106
645	108
646	114
647	95
648	105
649	132
650	117
651	124
652	111
653	129
654	121
655	128
656	99
657	120
658	134
659	174
660	141
661	131
662	164
663	124
664	111
665	134
666	105
667	157
668	129
669	156
670	135
671	195
672	83
673	164
674	165
675	122
676	162
677	135
678	166
679	157
680	132
681	204
682	123
683	161
684	160
685	144
686	158
687	153
688	133
689	186
690	152
691	184
692	176
693	139
694	201
695	191
696	147
697	218
698	178
699	191
700	174
701	175
702	209
703	194
704	189
705	201
706	185
707	201
708	211
709	198
710	251
711	178
712	185
713	258
714	217
715	234
716	275
717	251
718	246
719	269
720	210
721	271
722	254
723	252
724	269
725	226
726	297
727	261
728	262
729	309
730	282
731	348
732	315
733	306
734	297
735	410
736	259
737	309
738	342
739	310
740	363
741	313
742	398
743	366
744	330
745	392
746	335
747	340
748	413
749	387
750	412
751	420
752	312
753	398
754	394
755	434
756	420
757	306
758	431
759	376
760	366
761	419
762	388
763	448
764	414
765	411
766	404
767	533
768	332
769	449
770	414
771	425
772	504
773	396
774	517
775	424
776	397
777	465
778	385
779	385
780	442
781	393
782	434
783	410
784	378
785	441
786	406
787	419
788	396
789	342
790	415
791	301
792	363
793	454
794	337
795	361
796	350
797	368
798	348
799	383
800	321
801	337
802	305
803	305
804	338
805	272
806	331
807	302
808	250
809	335
810	233
811	277
812	285
813	267
814	269
815	233
816	241
817	262
818	245
819	262
820	221
821	188
822	240
823	206
824	176
825	201
826	160
827	207
828	174
829	198
830	150
831	197
832	127
833	182
834	164
835	153
836	177
837	124
838	155
839	120
840	115
841	151
842	135
843	161
844	118
845	147
846	104
847	126
848	100
849	126
850	117
851	113
852	94
853	97
854	118
855	84
856	114
857	102
858	84
859	98
860	97
861	80
862	98
863	118
864	92
865	74
866	97
867	79
868	109
869	69
870	121
871	63
872	61
873	82
874	67
875	75
876	73
877	63
878	61
879	75
880	48
881	54
882	67
883	72
884	60
885	48
886	63
887	50
888	49
889	69
890	65
891	60
892	61
893	41
894	64
895	66
896	44
897	54
898	46
899	46
900	61
901	31
902	52
903	38
904	46
905	34
906	33
907	29
908	44
909	35
910	40
911	29
912	48
913	31
914	44
915	24
916	30
917	31
918	39
919	27
920	32
921	23
922	18
923	24
924	21
925	23
926	20
927	20
928	21
929	20
930	21
931	22
932	19
933	17
934	16
935	13
936	14
937	22
938	14
939	14
940	17
941	12
942	11
943	7
944	13
945	13
946	14
947	9
948	9
949	9
950	12
951	3
952	3
953	7
954	8
955	14
956	8
957	9
958	7
959	4
960	6
961	11
962	1
963	4
964	6
965	3
966	5
967	3
968	3
969	9
970	1
971	2
972	5
973	0
974	5
975	1
976	1
977	4
978	3
979	4
980	4
981	2
982	2
983	0
984	1
985	1
986	3
987	0
988	3
989	2
990	2
991	1
992	0
993	1
994	3
995	0
996	0
997	1
998	1
999	1
1000	1
1001	1
1002	0
1003	0
1004	1
1005	2
1006	3
1007	4
1008	1
1009	0
1010	1
1011	3
1012	2
1013	3
1014	0
1015	3
1016	2
1017	1
1018	2
1019	0
1020	2
1021	0
1022	0
1023	3
1024	1
1025	2
1026	1
1027	1
1028	0
1029	1
1030	0
1031	3
1032	1
1033	5
1034	0
1035	1
1036	1
1037	1
1038	1
1039	1
1040	1
1041	2
1042	0
1043	1
1044	1
1045	0
1046	0
1047	1
1048	0
1049	0
1050	0
1051	1
1052	1
1053	1
1054	1
1055	2
1056	1
1057	3
1058	0
1059	0
1060	0
1061	0
1062	0
1063	0
1064	0
1065	1
1066	0
1067	1
1068	0
1069	1
1070	0
1071	0
1072	0
1073	1
1074	1
1075	2
1076	3
1077	2
1078	0
1079	0
1080	1
1081	0
1082	0
1083	1
1084	0
1085	2
1086	0
1087	1
1088	0
1089	2
1090	0
1091	1
1092	3
1093	3
1094	4
1095	0
1096	2
1097	2
1098	2
1099	0
1100	0
1101	0
1102	0
1103	1
1104	1
1105	0
1106	0
1107	0
1108	0
1109	2
1110	1
1111	1
1112	0
1113	2
1114	1
1115	0
1116	2
1117	0
1118	3
1119	2
1120	1
1121	0
1122	0
1123	0
1124	0
1125	1
1126	2
1127	2
1128	1
1129	1
1130	1
1131	0
1132	2
1133	0
1134	0
1135	2
1136	0
1137	0
1138	0
1139	1
1140	0
1141	1
1142	0
1143	2
1144	0
1145	3
1146	1
1147	0
1148	0
1149	3
1150	0
1151	1
1152	0
1153	2
1154	1
1155	1
1156	0
1157	1
1158	0
1159	0
1160	0
1161	0
1162	1
1163	0
1164	1
1165	0
1166	0
1167	1
1168	0
1169	0
1170	0
1171	1
1172	1
1173	2
1174	2
1175	1
1176	1
1177	1
1178	0
1179	0
1180	1
1181	0
1182	0
1183	0
1184	0
1185	1
1186	0
1187	0
1188	1
1189	1
1190	0
1191	0
1192	1
1193	1
1194	2
1195	0
1196	1
1197	2
1198	1
1199	0
1200	2
1201	1
1202	1
1203	0
1204	0
1205	1
1206	0
1207	1
1208	0
1209	2
1210	0
1211	2
1212	0
1213	0
1214	1
1215	1
1216	0
1217	0
1218	0
1219	2
1220	1
1221	0
1222	0
1223	0
1224	0
1225	2
1226	2
1227	3
1228	0
1229	1
1230	0
1231	0
1232	0
1233	1
1234	0
1235	1
1236	0
1237	0
1238	0
1239	1
1240	1
1241	2
1242	1
1243	0
1244	0
1245	0
1246	0
1247	1
1248	1
1249	1
1250	1
1251	0
1252	0
1253	0
1254	0
1255	2
1256	1
1257	3
1258	0
1259	1
1260	0
1261	1
1262	0
1263	0
1264	2
1265	0
1266	0
1267	1
1268	0
1269	0
1270	0
1271	1
1272	0
1273	2
1274	0
1275	0
1276	0
1277	2
1278	0
1279	3
1280	0
1281	0
1282	0
1283	2
1284	0
1285	0
1286	0
1287	1
1288	4
1289	2
1290	1
1291	0
1292	1
1293	2
1294	1
1295	0
1296	1
1297	1
1298	0
1299	2
1300	0
1301	0
1302	0
1303	0
1304	0
1305	0
1306	0
1307	1
1308	0
1309	0
1310	1
1311	2
1312	1
1313	0
1314	2
1315	0
1316	0
1317	0
1318	0
1319	0
1320	1
1321	0
1322	0
1323	0
1324	0
1325	1
1326	1
1327	0
1328	0
1329	0
1330	0
1331	1
1332	1
1333	0
1334	0
1335	1
1336	1
1337	1
1338	0
1339	2
1340	0
1341	0
1342	0
1343	1
1344	1
1345	4
1346	1
1347	2
1348	1
1349	2
1350	0
1351	0
1352	0
1353	1
1354	1
1355	0
1356	0
1357	0
1358	1
1359	1
1360	0
1361	0
1362	2
1363	0
1364	1
1365	0
1366	0
1367	0
1368	1
1369	2
1370	1
1371	0
1372	0
1373	0
1374	0
1375	1
1376	1
1377	0
1378	3
1379	0
1380	0
1381	2
1382	0
1383	0
1384	3
1385	2
1386	0
1387	1
1388	0
1389	2
1390	0
1391	1
1392	1
1393	1
1394	0
1395	1
1396	1
1397	1
1398	0
1399	0
1400	0
1401	1
1402	0
1403	0
1404	0
1405	0
1406	0
1407	1
1408	2
1409	0
1410	1
1411	0
1412	2
1413	1
1414	1
1415	0
1416	0
1417	1
1418	0
1419	1
1420	2
1421	0
1422	0
1423	0
1424	0
1425	0
1426	3
1427	0
1428	0
1429	0
1430	1
1431	0
1432	0
1433	1
1434	0
1435	0
1436	0
1437	0
1438	0
1439	2
1440	1
1441	0
1442	1
1443	0
1444	0
1445	0
1446	1
1447	1
1448	1
1449	1
1450	0
1451	1
1452	0
1453	1
1454	1
1455	0
1456	0
1457	0
1458	2
1459	0
1460	0
1461	1
1462	1
1463	0
1464	0
1465	0
1466	1
1467	2
1468	0
1469	0
1470	1
1471	1
1472	1
1473	0
1474	0
1475	1
1476	0
1477	0
1478	1
1479	0
1480	1
1481	1
1482	0
1483	3
1484	1
1485	0
1486	0
1487	0
1488	1
1489	0
1490	1
1491	0
1492	0
1493	0
1494	0
1495	0
1496	0
1497	0
1498	0
1499	2
1500	0
1501	0
1502	1
1503	0
1504	0
1505	1
1506	0
1507	0
1508	1
1509	0
1510	0
1511	1
1512	1
1513	0
1514	1
1515	1
1516	0
1517	2
1518	0
1519	1
1520	1
1521	0
1522	1
1523	1
1524	1
1525	1
1526	0
1527	1
1528	0
1529	1
1530	0
1531	0
1532	0
1533	0
1534	1
1535	2
1536	0
1537	0
1538	1
1539	1
1540	0
1541	0
1542	2
1543	0
1544	1
1545	2
1546	0
1547	0
1548	0
1549	1
1550	0
1551	0
1552	0
1553	1
1554	1
1555	2
1556	0
1557	1
1558	0
1559	0
1560	1
1561	0
1562	0
1563	1
1564	1
1565	1
1566	1
1567	1
1568	1
1569	3
1570	1
1571	1
1572	1
1573	3
1574	0
1575	0
1576	0
1577	0
1578	0
1579	0
1580	0
1581	0
1582	0
1583	0
1584	1
1585	1
1586	0
1587	1
1588	0
1589	0
1590	1
1591	0
1592	0
1593	0
1594	0
1595	0
1596	1
1597	0
1598	1
1599	0
1600	0
1601	0
1602	0
1603	1
1604	0
1605	0
1606	0
1607	0
1608	0
1609	0
1610	0
1611	0
1612	0
1613	0
1614	1
1615	0
1616	0
1617	0
1618	2
1619	0
1620	0
1621	2
1622	0
1623	0
1624	0
1625	0
1626	0
1627	0
1628	0
1629	0
1630	1
1631	0
1632	0
1633	1
1634	0
1635	1
1636	0
1637	0
1638	0
1639	1
1640	0
1641	2
1642	0
1643	2
1644	0
1645	0
1646	0
1647	0
1648	0
1649	0
1650	0
1651	0
1652	0
1653	1
1654	0
1655	1
1656	0
1657	0
1658	0
1659	0
1660	0
1661	0
1662	0
1663	0
1664	1
1665	0
1666	0
1667	0
1668	1
1669	2
1670	0
1671	2
1672	0
1673	1
1674	0
1675	0
1676	2
1677	1
1678	1
1679	2
1680	0
1681	1
1682	0
1683	0
1684	0
1685	0
1686	1
1687	1
1688	0
1689	0
1690	1
1691	0
1692	0
1693	0
1694	2
1695	1
1696	2
1697	1
1698	2
1699	1
1700	2
1701	1
1702	1
1703	0
1704	0
1705	0
1706	0
1707	0
1708	1
1709	5
1710	1
1711	1
1712	1
1713	0
1714	0
1715	2
1716	0
1717	0
1718	0
1719	0
1720	0
1721	0
1722	0
1723	1
1724	0
1725	0
1726	1
1727	0
1728	0
1729	0
1730	0
1731	1
1732	0
1733	0
1734	1
1735	0
1736	0
1737	1
1738	1
1739	1
1740	0
1741	0
1742	0
1743	0
1744	0
1745	0
1746	0
1747	0
1748	0
1749	0
1750	0
1751	0
1752	0
1753	0
1754	0
1755	1
1756	0
1757	0
1758	1
1759	0
1760	1
1761	1
1762	0
1763	0
1764	0
1765	0
1766	0
1767	1
1768	1
1769	0
1770	0
1771	0
1772	0
1773	0
1774	0
1775	0
1776	0
1777	0
1778	0
1779	1
1780	0
1781	0
1782	0
1783	0
1784	0
1785	0
1786	1
1787	0
1788	0
1789	0
1790	0
1791	0
1792	0
1793	0
1794	1
1795	0
1796	0
1797	0
1798	1
1799	0
1800	0
1801	0
1802	0
1803	0
1804	0
1805	1
1806	1
1807	1
1808	1
1809	1
1810	1
1811	0
1812	0
1813	1
1814	0
1815	0
1816	1
1817	0
1818	1
1819	1
1820	0
1821	0
1822	0
1823	0
1824	1
1825	0
1826	0
1827	0
1828	0
1829	1
1830	0
1831	0
1832	0
1833	0
1834	0
1835	0
1836	0
1837	1
1838	0
1839	0
1840	2
1841	1
1842	0
1843	2
1844	0
1845	1
1846	0
1847	1
1848	0
1849	1
1850	0
1851	1
1852	0
1853	0
1854	0
1855	0
1856	0
1857	0
1858	0
1859	0
1860	0
1861	0
1862	0
1863	1
1864	0
1865	1
1866	0
1867	0
1868	0
1869	0
1870	0
1871	0
1872	0
1873	0
1874	0
1875	0
1876	0
1877	0
1878	0
1879	0
1880	0
1881	0
1882	0
1883	0
1884	0
1885	0
1886	0
1887	0
1888	0
1889	0
1890	0
1891	1
1892	0
1893	0
1894	0
1895	0
1896	0
1897	0
1898	0
1899	1
1900	0
1901	0
1902	0
1903	0
1904	0
1905	0
1906	0
1907	1
1908	0
1909	0
1910	0
1911	1
1912	0
1913	0
1914	0
1915	1
1916	0
1917	0
1918	0
1919	0
1920	0
1921	0
1922	1
1923	1
1924	0
1925	0
1926	0
1927	0
1928	1
1929	1
1930	0
1931	1
1932	0
1933	0
1934	0
1935	0
1936	0
1937	0
1938	0
1939	0
1940	0
1941	0
1942	2
1943	0
1944	0
1945	0
1946	1
1947	0
1948	0
1949	0
1950	0
1951	0
1952	0
1953	0
1954	1
1955	0
1956	0
1957	0
1958	0
1959	1
1960	0
1961	1
1962	0
1963	0
1964	0
1965	0
1966	1
1967	1
1968	0
1969	0
1970	0
1971	0
1972	0
1973	0
1974	0
1975	0
1976	1
1977	1
1978	0
1979	0
1980	0
1981	0
1982	0
1983	0
1984	0
1985	0
1986	2
1987	0
1988	0
1989	0
1990	0
1991	0
1992	1
1993	2
1994	1
1995	0
1996	0
1997	0
1998	1
1999	0
2000	0
2001	0
2002	3
2003	0
2004	0
2005	1
2006	0
2007	2
2008	0
2009	0
2010	1
2011	0
2012	0
2013	0
2014	0
2015	1
2016	0
2017	0
2018	1
2019	0
2020	0
2021	0
2022	1
2023	0
2024	0
2025	1
2026	0
2027	0
2028	0
2029	0
2030	1
2031	1
2032	0
2033	1
2034	1
2035	0
2036	2
2037	0
2038	0
2039	0
2040	0
2041	0
2042	1
2043	0
2044	0
2045	1
2046	0
2047	1
2048	0
2049	1
2050	0
2051	1
2052	3
2053	1
2054	0
2055	0
2056	1
2057	0
2058	1
2059	1
2060	1
2061	0
2062	0
2063	0
2064	0
2065	0
2066	0
2067	1
2068	1
2069	1
2070	0
2071	0
2072	1
2073	0
2074	0
2075	1
2076	1
2077	0
2078	0
2079	0
2080	0
2081	0
2082	1
2083	0
2084	0
2085	0
2086	1
2087	0
2088	0
2089	1
2090	0
2091	0
2092	1
2093	0
2094	0
2095	1
2096	0
2097	0
2098	0
2099	0
2100	0
2101	0
2102	1
2103	0
2104	0
2105	0
2106	0
2107	0
2108	0
2109	1
2110	0
2111	0
2112	0
2113	0
2114	0
2115	0
2116	1
2117	1
2118	0
2119	0
2120	0
2121	0
2122	1
2123	0
2124	0
2125	0
2126	0
2127	1
2128	0
2129	0
2130	0
2131	0
2132	1
2133	1
2134	0
2135	0
2136	1
2137	0
2138	0
2139	0
2140	0
2141	0
2142	0
2143	1
2144	0
2145	0
2146	0
2147	0
2148	0
2149	0
2150	0
2151	0
2152	0
2153	1
2154	1
2155	0
2156	1
2157	0
2158	0
2159	0
2160	0
2161	0
2162	0
2163	1
2164	0
2165	0
2166	0
2167	0
2168	0
2169	1
2170	0
2171	0
2172	1
2173	1
2174	0
2175	0
2176	0
2177	0
2178	0
2179	1
2180	0
2181	0
2182	1
2183	0
2184	0
2185	0
2186	0
2187	0
2188	0
2189	0
2190	0
2191	1
2192	0
2193	1
2194	0
2195	0
2196	0
2197	0
2198	0
2199	0
2200	0
2201	0
2202	0
2203	0
2204	1
2205	0
2206	0
2207	0
2208	0
2209	0
2210	0
2211	0
2212	1
2213	0
2214	1
2215	0
2216	0
2217	2
2218	0
2219	0
2220	0
2221	0
2222	0
2223	0
2224	0
2225	0
2226	0
2227	0
2228	0
2229	0
2230	0
2231	0
2232	1
2233	0
2234	0
2235	0
2236	0
2237	1
2238	0
2239	0
2240	1
2241	0
2242	0
2243	0
2244	0
2245	1
2246	0
2247	0
2248	0
2249	0
2250	0
2251	0
2252	0
2253	0
2254	0
2255	0
2256	0
2257	0
2258	0
2259	0
2260	0
2261	1
2262	0
2263	1
2264	1
2265	0
2266	0
2267	0
2268	0
2269	0
2270	0
2271	0
2272	0
2273	1
2274	2
2275	0
2276	0
2277	0
2278	1
2279	1
2280	0
2281	0
2282	1
2283	0
2284	0
2285	0
2286	0
2287	0
2288	0
2289	0
2290	0
2291	0
2292	1
2293	0
2294	0
2295	0
2296	0
2297	0
2298	0
2299	0
2300	1
2301	1
2302	0
2303	0
2304	0
2305	0
2306	0
2307	0
2308	1
2309	0
2310	0
2311	0
2312	0
2313	0
2314	0
2315	0
2316	0
2317	0
2318	0
2319	0
2320	0
2321	0
2322	0
2323	0
2324	0
2325	1
2326	0
2327	0
2328	2
2329	0
2330	0
2331	0
2332	0
2333	0
2334	0
2335	0
2336	1
2337	0
2338	1
2339	0
2340	0
2341	0
2342	0
2343	1
2344	1
2345	0
2346	0
2347	0
2348	0
2349	0
2350	0
2351	0
2352	0
2353	0
2354	0
2355	0
2356	0
2357	0
2358	0
2359	0
2360	0
2361	0
2362	1
2363	0
2364	0
2365	0
2366	0
2367	1
2368	0
2369	0
2370	1
2371	0
2372	0
2373	0
2374	0
2375	0
2376	0
2377	0
2378	1
2379	0
2380	0
2381	1
2382	1
2383	0
2384	0
2385	0
2386	0
2387	0
2388	1
2389	1
2390	1
2391	0
2392	2
2393	0
2394	0
2395	0
2396	0
2397	0
2398	0
2399	0
2400	1
2401	1
2402	0
2403	0
2404	0
2405	0
2406	0
2407	0
2408	1
2409	0
2410	0
2411	2
2412	0
2413	0
2414	1
2415	0
2416	0
2417	0
2418	1
2419	0
2420	0
2421	0
2422	0
2423	1
2424	1
2425	0
2426	1
2427	0
2428	0
2429	0
2430	0
2431	0
2432	0
2433	0
2434	1
2435	0
2436	0
2437	0
2438	0
2439	0
2440	0
2441	0
2442	0
2443	1
2444	0
2445	0
2446	0
2447	1
2448	0
2449	1
2450	0
2451	0
2452	0
2453	0
2454	0
2455	1
2456	1
2457	0
2458	0
2459	0
2460	1
2461	0
2462	0
2463	1
2464	1
2465	1
2466	0
2467	0
2468	0
2469	0
2470	1
2471	1
2472	1
2473	1
2474	0
2475	0
2476	0
2477	0
2478	0
2479	0
2480	1
2481	0
2482	0
2483	0
2484	0
2485	0
2486	0
2487	1
2488	0
2489	0
2490	0
2491	0
2492	0
2493	0
2494	1
2495	1
2496	0
2497	2
2498	1
2499	1
2500	0
2501	0
2502	0
2503	0
2504	1
2505	0
2506	1
2507	0
2508	0
2509	1
2510	0
2511	0
2512	0
2513	0
2514	0
2515	0
2516	0
2517	0
2518	0
2519	0
2520	0
2521	0
2522	0
2523	0
2524	0
2525	0
2526	0
2527	0
2528	0
2529	0
2530	0
2531	0
2532	0
2533	0
2534	0
2535	0
2536	0
2537	0
2538	0
2539	0
2540	0
2541	1
2542	0
2543	2
2544	0
2545	0
2546	0
2547	0
2548	0
2549	0
2550	0
2551	0
2552	1
2553	1
2554	1
2555	0
2556	0
2557	0
2558	0
2559	2
2560	1
2561	0
2562	0
2563	0
2564	0
2565	0
2566	0
2567	0
2568	0
2569	0
2570	0
2571	1
2572	1
2573	0
2574	1
2575	0
2576	0
2577	0
2578	0
2579	0
2580	0
2581	0
2582	0
2583	0
2584	0
2585	2
2586	0
2587	1
2588	0
2589	0
2590	0
2591	2
2592	1
2593	0
2594	0
2595	1
2596	1
2597	0
2598	0
2599	0
2600	1
2601	0
2602	1
2603	0
2604	0
2605	0
2606	0
2607	0
2608	2
2609	0
2610	0
2611	0
2612	0
2613	0
2614	0
2615	1
2616	0
2617	0
2618	0
2619	0
2620	0
2621	0
2622	1
2623	0
2624	0
2625	0
2626	0
2627	0
2628	0
2629	0
2630	0
2631	0
2632	0
2633	1
2634	0
2635	0
2636	0
2637	0
2638	0
2639	1
2640	0
2641	0
2642	1
2643	0
2644	0
2645	2
2646	0
2647	0
2648	0
2649	0
2650	0
2651	0
2652	0
2653	1
2654	0
2655	0
2656	0
2657	0
2658	0
2659	0
2660	0
2661	0
2662	1
2663	0
2664	0
2665	0
2666	0
2667	0
2668	0
2669	0
2670	0
2671	0
2672	0
2673	0
2674	0
2675	0
2676	1
2677	0
2678	0
2679	0
2680	0
2681	0
2682	0
2683	0
2684	0
2685	0
2686	0
2687	0
2688	0
2689	0
2690	0
2691	0
2692	0
2693	0
2694	1
2695	0
2696	1
2697	0
2698	1
2699	0
2700	0
2701	1
2702	0
2703	0
2704	1
2705	0
2706	0
2707	1
2708	1
2709	0
2710	0
2711	0
2712	0
2713	0
2714	0
2715	1
2716	0
2717	0
2718	0
2719	1
2720	0
2721	0
2722	0
2723	0
2724	0
2725	0
2726	0
2727	0
2728	0
2729	0
2730	0
2731	0
2732	0
2733	0
2734	0
2735	0
2736	1
2737	0
2738	0
2739	1
2740	0
2741	0
2742	0
2743	0
2744	0
2745	0
2746	0
2747	0
2748	0
2749	0
2750	0
2751	0
2752	0
2753	0
2754	0
2755	0
2756	0
2757	0
2758	0
2759	0
2760	0
2761	0
2762	0
2763	0
2764	0
2765	1
2766	0
2767	0
2768	0
2769	0
2770	0
2771	0
2772	0
2773	0
2774	0
2775	0
2776	0
2777	0
2778	0
2779	0
2780	1
2781	0
2782	0
2783	0
2784	0
2785	0
2786	0
2787	0
2788	0
2789	0
2790	1
2791	1
2792	0
2793	0
2794	0
2795	0
2796	0
2797	0
2798	0
2799	0
2800	0
2801	0
2802	0
2803	0
2804	0
2805	0
2806	2
2807	0
2808	0
2809	0
2810	0
2811	0
2812	0
2813	0
2814	1
2815	0
2816	0
2817	0
2818	0
2819	0
2820	0
2821	1
2822	1
2823	1
2824	0
2825	1
2826	0
2827	0
2828	0
2829	0
2830	0
2831	0
2832	0
2833	0
2834	0
2835	0
2836	0
2837	1
2838	0
2839	0
2840	0
2841	0
2842	0
2843	0
2844	0
2845	1
2846	0
2847	0
2848	1
2849	0
2850	1
2851	0
2852	0
2853	0
2854	0
2855	0
2856	0
2857	0
2858	0
2859	0
2860	1
2861	0
2862	0
2863	0
2864	0
2865	0
2866	1
2867	0
2868	0
2869	1
2870	0
2871	0
2872	0
2873	0
2874	0
2875	0
2876	0
2877	1
2878	1
2879	0
2880	0
2881	0
2882	0
2883	0
2884	0
2885	0
2886	1
2887	0
2888	0
2889	0
2890	0
2891	0
2892	0
2893	0
2894	0
2895	0
2896	0
2897	1
2898	0
2899	0
2900	1
2901	0
2902	0
2903	0
2904	0
2905	0
2906	1
2907	0
2908	1
2909	0
2910	0
2911	1
2912	0
2913	0
2914	0
2915	0
2916	0
2917	1
2918	0
2919	0
2920	0
2921	0
2922	0
2923	0
2924	0
2925	0
2926	0
2927	0
2928	0
2929	0
2930	0
2931	0
2932	0
2933	0
2934	0
2935	1
2936	0
2937	0
2938	0
2939	0
2940	0
2941	1
2942	0
2943	0
2944	0
2945	0
2946	0
2947	0
2948	0
2949	0
2950	1
2951	0
2952	0
2953	0
2954	0
2955	1
2956	0
2957	0
2958	0
2959	0
2960	0
2961	0
2962	0
2963	0
2964	0
2965	0
2966	0
2967	0
2968	0
2969	0
2970	0
2971	0
2972	0
2973	0
2974	0
2975	1
2976	0
2977	0
2978	0
2979	0
2980	1
2981	0
2982	0
2983	0
2984	0
2985	0
2986	0
2987	0
2988	0
2989	0
2990	0
2991	0
2992	0
2993	0
2994	2
2995	0
2996	0
2997	0
2998	0
2999	0
3000	0
3001	1
3002	0
3003	0
3004	0
3005	0
3006	1
3007	0
3008	0
3009	0
3010	0
3011	0
3012	0
3013	0
3014	0
3015	0
3016	0
3017	0
3018	0
3019	0
3020	0
3021	0
3022	0
3023	0
3024	0
3025	0
3026	0
3027	1
3028	0
3029	0
3030	0
3031	0
3032	0
3033	0
3034	1
3035	0
3036	0
3037	0
3038	0
3039	0
3040	0
3041	0
3042	0
3043	0
3044	0
3045	0
3046	0
3047	0
3048	0
3049	0
3050	0
3051	0
3052	0
3053	0
3054	0
3055	0
3056	0
3057	0
3058	0
3059	0
3060	1
3061	1
3062	0
3063	1
3064	0
3065	0
3066	1
3067	0
3068	1
3069	0
3070	0
3071	0
3072	0
3073	0
3074	0
3075	0
3076	0
3077	0
3078	0
3079	0
3080	0
3081	0
3082	0
3083	0
3084	0
3085	0
3086	0
3087	0
3088	0
3089	0
3090	0
3091	0
3092	1
3093	0
3094	0
3095	0
3096	1
3097	0
3098	0
3099	0
3100	0
3101	0
3102	1
3103	0
3104	1
3105	0
3106	1
3107	0
3108	0
3109	0
3110	0
3111	0
3112	0
3113	0
3114	0
3115	0
3116	0
3117	0
3118	0
3119	0
3120	0
3121	0
3122	0
3123	0
3124	0
3125	0
3126	0
3127	0
3128	0
3129	0
3130	0
3131	0
3132	1
3133	0
3134	0
3135	0
3136	0
3137	0
3138	0
3139	0
3140	0
3141	0
3142	0
3143	0
3144	0
3145	1
3146	0
3147	0
3148	0
3149	0
3150	0
3151	0
3152	1
3153	0
3154	0
3155	0
3156	0
3157	0
3158	1
3159	0
3160	0
3161	0
3162	1
3163	0
3164	0
3165	0
3166	0
3167	0
3168	0
3169	0
3170	1
3171	0
3172	0
3173	0
3174	0
3175	0
3176	0
3177	0
3178	0
3179	0
3180	0
3181	0
3182	1
3183	1
3184	0
3185	0
3186	0
3187	0
3188	0
3189	0
3190	0
3191	0
3192	0
3193	0
3194	0
3195	0
3196	0
3197	0
3198	0
3199	0
3200	0
3201	0
3202	0
3203	0
3204	0
3205	0
3206	0
3207	0
3208	0
3209	2
3210	0
3211	0
3212	0
3213	0
3214	0
3215	0
3216	0
3217	0
3218	0
3219	0
3220	0
3221	0
3222	1
3223	0
3224	0
3225	1
3226	0
3227	0
3228	0
3229	0
3230	0
3231	0
3232	0
3233	0
3234	0
3235	0
3236	0
3237	0
3238	0
3239	0
3240	0
3241	0
3242	0
3243	0
3244	0
3245	0
3246	0
3247	0
3248	1
3249	0
3250	0
3251	0
3252	0
3253	0
3254	0
3255	0
3256	0
3257	0
3258	1
3259	0
3260	0
3261	0
3262	0
3263	0
3264	1
3265	0
3266	1
3267	0
3268	0
3269	1
3270	0
3271	0
3272	0
3273	0
3274	0
3275	0
3276	0
3277	1
3278	0
3279	0
3280	1
3281	0
3282	0
3283	0
3284	0
3285	0
3286	0
3287	0
3288	0
3289	0
3290	0
3291	0
3292	0
3293	0
3294	0
3295	0
3296	0
3297	0
3298	0
3299	0
3300	0
3301	0
3302	0
3303	0
3304	0
3305	0
3306	0
3307	0
3308	0
3309	0
3310	0
3311	0
3312	0
3313	0
3314	0
3315	0
3316	0
3317	0
3318	0
3319	0
3320	0
3321	0
3322	0
3323	0
3324	0
3325	0
3326	0
3327	0
3328	0
3329	0
3330	0
3331	0
3332	0
3333	0
3334	0
3335	0
3336	0
3337	1
3338	0
3339	0
3340	0
3341	0
3342	1
3343	0
3344	0
3345	0
3346	0
3347	0
3348	2
3349	0
3350	0
3351	0
3352	0
3353	0
3354	0
3355	0
3356	0
3357	0
3358	1
3359	0
3360	0
3361	0
3362	0
3363	0
3364	0
3365	0
3366	0
3367	0
3368	0
3369	0
3370	0
3371	0
3372	0
3373	0
3374	0
3375	0
3376	0
3377	0
3378	0
3379	0
3380	0
3381	0
3382	0
3383	0
3384	0
3385	0
3386	0
3387	0
3388	0
3389	0
3390	0
3391	0
3392	1
3393	0
3394	0
3395	0
3396	0
3397	0
3398	0
3399	0
3400	0
3401	0
3402	0
3403	0
3404	0
3405	0
3406	0
3407	0
3408	0
3409	0
3410	0
3411	0
3412	0
3413	0
3414	0
3415	0
3416	0
3417	0
3418	0
3419	0
3420	0
3421	0
3422	0
3423	0
3424	0
3425	0
3426	0
3427	0
3428	0
3429	0
3430	0
3431	0
3432	0
3433	0
3434	0
3435	0
3436	0
3437	0
3438	0
3439	0
3440	0
3441	0
3442	0
3443	0
3444	1
3445	0
3446	0
3447	0
3448	0
3449	0
3450	0
3451	0
3452	0
3453	0
3454	0
3455	0
3456	0
3457	0
3458	0
3459	0
3460	0
3461	0
3462	0
3463	0
3464	1
3465	0
3466	0
3467	0
3468	0
3469	0
3470	0
3471	0
3472	0
3473	0
3474	0
3475	0
3476	0
3477	0
3478	0
3479	0
3480	1
3481	0
3482	0
3483	0
3484	0
3485	0
3486	0
3487	0
3488	0
3489	0
3490	0
3491	0
3492	1
3493	0
3494	0
3495	0
3496	0
3497	0
3498	0
3499	0
3500	0
3501	0
3502	0
3503	0
3504	0
3505	0
3506	0
3507	0
3508	0
3509	0
3510	0
3511	0
3512	0
3513	0
3514	0
3515	0
3516	0
3517	0
3518	0
3519	0
3520	1
3521	0
3522	0
3523	0
3524	0
3525	0
3526	0
3527	0
3528	0
3529	0
3530	0
3531	0
3532	0
3533	0
3534	0
3535	0
3536	0
3537	0
3538	0
3539	0
3540	0
3541	0
3542	1
3543	0
3544	0
3545	0
3546	0
3547	0
3548	0
3549	0
3550	0
3551	0
3552	0
3553	0
3554	0
3555	0
3556	0
3557	0
3558	0
3559	0
3560	0
3561	0
3562	0
3563	0
3564	0
3565	0
3566	0
3567	0
3568	0
3569	0
3570	0
3571	0
3572	0
3573	0
3574	0
3575	0
3576	0
3577	0
3578	0
3579	0
3580	0
3581	0
3582	0
3583	0
3584	0
3585	0
3586	0
3587	0
3588	0
3589	0
3590	0
3591	0
3592	0
3593	0
3594	0
3595	0
3596	0
3597	0
3598	0
3599	0
3600	0
3601	0
3602	0
3603	0
3604	0
3605	0
3606	0
3607	0
3608	0
3609	0
3610	0
3611	0
3612	0
3613	0
3614	0
3615	0
3616	0
3617	0
3618	0
3619	0
3620	0
3621	0
3622	0
3623	0
3624	0
3625	0
3626	0
3627	0
3628	0
3629	0
3630	0
3631	0
3632	0
3633	0
3634	0
3635	0
3636	0
3637	0
3638	0
3639	0
3640	0
3641	0
3642	0
3643	0
3644	0
3645	0
3646	0
3647	0
3648	0
3649	0
3650	0
3651	0
3652	0
3653	0
3654	0
3655	0
3656	0
3657	0
3658	0
3659	0
3660	0
3661	0
3662	0
3663	0
3664	0
3665	0
3666	0
3667	0
3668	0
3669	0
3670	0
3671	0
3672	0
3673	0
3674	0
3675	0
3676	0
3677	0
3678	0
3679	0
3680	0
3681	0
3682	0
3683	0
3684	0
3685	0
3686	0
3687	0
3688	0
3689	0
3690	0
3691	0
3692	0
3693	0
3694	0
3695	0
3696	0
3697	0
3698	0
3699	0
3700	0
3701	0
3702	0
3703	0
3704	0
3705	0
3706	0
3707	0
3708	0
3709	0
3710	0
3711	0
3712	1
3713	0
3714	0
3715	0
3716	0
3717	0
3718	0
3719	0
3720	0
3721	0
3722	0
3723	0
3724	0
3725	0
3726	0
3727	0
3728	0
3729	0
3730	0
3731	0
3732	0
3733	0
3734	0
3735	0
3736	0
3737	0
3738	0
3739	0
3740	0
3741	0
3742	0
3743	0
3744	0
3745	0
3746	0
3747	0
3748	0
3749	1
3750	0
3751	0
3752	0
3753	0
3754	0
3755	0
3756	0
3757	0
3758	0
3759	0
3760	0
3761	0
3762	0
3763	0
3764	0
3765	0
3766	0
3767	0
3768	0
3769	0
3770	0
3771	0
3772	0
3773	0
3774	0
3775	0
3776	0
3777	0
3778	0
3779	0
3780	0
3781	0
3782	0
3783	0
3784	0
3785	0
3786	0
3787	0
3788	0
3789	0
3790	0
3791	0
3792	0
3793	0
3794	0
3795	0
3796	0
3797	0
3798	0
3799	0
3800	0
3801	0
3802	0
3803	0
3804	0
3805	0
3806	0
3807	0
3808	0
3809	0
3810	1
3811	0
3812	0
3813	0
3814	0
3815	0
3816	0
3817	0
3818	0
3819	0
3820	0
3821	0
3822	0
3823	0
3824	0
3825	0
3826	0
3827	0
3828	0
3829	0
3830	0
3831	0
3832	0
3833	0
3834	0
3835	0
3836	0
3837	0
3838	0
3839	0
3840	0
3841	0
3842	0
3843	0
3844	0
3845	0
3846	0
3847	0
3848	0
3849	0
3850	0
3851	0
3852	0
3853	0
3854	0
3855	0
3856	0
3857	0
3858	0
3859	0
3860	0
3861	0
3862	0
3863	0
3864	0
3865	0
3866	0
3867	0
3868	0
3869	0
3870	0
3871	0
3872	0
3873	0
3874	0
3875	0
3876	0
3877	0
3878	0
3879	0
3880	0
3881	0
3882	0
3883	0
3884	0
3885	0
3886	0
3887	0
3888	0
3889	0
3890	0
3891	0
3892	0
3893	0
3894	0
3895	0
3896	0
3897	0
3898	0
3899	0
3900	0
3901	0
3902	0
3903	0
3904	0
3905	0
3906	0
3907	0
3908	0
3909	0
3910	0
3911	0
3912	0
3913	0
3914	0
3915	0
3916	0
3917	0
3918	0
3919	0
3920	0
3921	0
3922	0
3923	0
3924	0
3925	0
3926	0
3927	0
3928	0
3929	0
3930	0
3931	0
3932	0
3933	0
3934	0
3935	0
3936	0
3937	0
3938	0
3939	0
3940	0
3941	0
3942	0
3943	0
3944	0
3945	0
3946	0
3947	0
3948	0
3949	0
3950	0
3951	0
3952	0
3953	0
3954	0
3955	0
3956	0
3957	0
3958	0
3959	0
3960	0
3961	0
3962	0
3963	0
3964	0
3965	0
3966	0
3967	0
3968	0
3969	0
3970	0
3971	0
3972	0
3973	0
3974	0
3975	0
3976	0
3977	0
3978	0
3979	0
3980	0
3981	0
3982	0
3983	0
3984	0
3985	0
3986	0
3987	0
3988	0
3989	0
3990	0
3991	0
3992	0
3993	0
3994	0
3995	0
3996	0
3997	0
3998	0
3999	0
4000	0
