Kanalnummer	Impulse
Kanal/#	Impulse/#

0	0
1	0
2	0
3	0
4	0
5	0
6	0
7	0
8	0
9	0
10	0
11	0
12	0
13	0
14	0
15	0
16	0
17	0
18	0
19	0
20	0
21	0
22	0
23	0
24	0
25	0
26	0
27	0
28	0
29	0
30	0
31	0
32	0
33	0
34	0
35	0
36	0
37	0
38	0
39	0
40	0
41	0
42	0
43	0
44	0
45	0
46	0
47	0
48	0
49	0
50	0
51	0
52	0
53	0
54	0
55	0
56	0
57	0
58	0
59	0
60	1
61	0
62	0
63	0
64	3
65	1
66	1
67	0
68	2
69	3
70	0
71	3
72	1
73	4
74	1
75	1
76	0
77	0
78	2
79	6
80	0
81	2
82	2
83	2
84	1
85	0
86	2
87	3
88	4
89	3
90	1
91	5
92	3
93	3
94	1
95	0
96	1
97	2
98	0
99	1
100	0
101	1
102	3
103	3
104	3
105	2
106	1
107	4
108	3
109	1
110	4
111	2
112	1
113	3
114	0
115	7
116	4
117	2
118	2
119	1
120	0
121	2
122	4
123	5
124	4
125	3
126	0
127	1
128	1
129	3
130	1
131	1
132	0
133	3
134	2
135	4
136	2
137	7
138	2
139	0
140	3
141	1
142	4
143	6
144	2
145	3
146	4
147	0
148	1
149	1
150	2
151	0
152	4
153	2
154	2
155	1
156	2
157	1
158	4
159	4
160	4
161	3
162	2
163	4
164	3
165	3
166	0
167	3
168	3
169	2
170	1
171	2
172	2
173	4
174	1
175	2
176	2
177	0
178	0
179	5
180	3
181	0
182	1
183	1
184	0
185	2
186	2
187	3
188	0
189	5
190	1
191	2
192	2
193	4
194	1
195	2
196	4
197	0
198	1
199	1
200	4
201	1
202	3
203	1
204	2
205	5
206	2
207	4
208	2
209	3
210	0
211	6
212	0
213	3
214	3
215	0
216	3
217	3
218	2
219	2
220	2
221	2
222	2
223	0
224	2
225	4
226	2
227	1
228	3
229	0
230	2
231	0
232	1
233	3
234	2
235	3
236	0
237	1
238	4
239	2
240	0
241	5
242	2
243	4
244	2
245	0
246	3
247	1
248	4
249	1
250	2
251	2
252	1
253	0
254	2
255	0
256	0
257	3
258	3
259	2
260	1
261	2
262	1
263	2
264	2
265	2
266	2
267	1
268	2
269	2
270	1
271	1
272	1
273	2
274	1
275	0
276	2
277	0
278	0
279	3
280	0
281	1
282	1
283	1
284	1
285	4
286	3
287	3
288	1
289	0
290	1
291	1
292	2
293	1
294	1
295	2
296	0
297	0
298	0
299	0
300	1
301	1
302	1
303	1
304	0
305	1
306	3
307	1
308	1
309	1
310	0
311	0
312	1
313	2
314	3
315	0
316	0
317	2
318	3
319	1
320	3
321	4
322	2
323	1
324	0
325	0
326	5
327	1
328	2
329	0
330	0
331	0
332	1
333	5
334	0
335	1
336	0
337	0
338	3
339	3
340	3
341	0
342	0
343	2
344	0
345	1
346	1
347	1
348	0
349	1
350	1
351	1
352	1
353	3
354	0
355	0
356	2
357	0
358	1
359	1
360	1
361	0
362	1
363	0
364	0
365	0
366	0
367	3
368	2
369	0
370	1
371	2
372	0
373	2
374	6
375	2
376	0
377	2
378	0
379	2
380	1
381	0
382	3
383	3
384	1
385	0
386	0
387	1
388	3
389	2
390	1
391	2
392	1
393	1
394	1
395	0
396	0
397	1
398	0
399	1
400	1
401	1
402	1
403	0
404	2
405	1
406	1
407	0
408	0
409	1
410	1
411	1
412	0
413	1
414	0
415	1
416	0
417	4
418	1
419	1
420	2
421	1
422	1
423	1
424	0
425	2
426	1
427	0
428	2
429	1
430	0
431	0
432	2
433	1
434	2
435	3
436	0
437	1
438	1
439	1
440	2
441	1
442	0
443	1
444	0
445	2
446	3
447	0
448	0
449	0
450	1
451	1
452	0
453	1
454	0
455	1
456	1
457	2
458	0
459	0
460	2
461	1
462	0
463	1
464	0
465	0
466	0
467	0
468	1
469	1
470	3
471	2
472	0
473	3
474	1
475	0
476	1
477	1
478	3
479	2
480	0
481	1
482	1
483	0
484	2
485	1
486	0
487	1
488	0
489	4
490	0
491	2
492	0
493	3
494	1
495	2
496	2
497	1
498	1
499	3
500	0
501	1
502	3
503	0
504	0
505	0
506	1
507	0
508	1
509	1
510	1
511	2
512	0
513	1
514	1
515	1
516	0
517	1
518	1
519	0
520	0
521	1
522	0
523	4
524	0
525	0
526	0
527	1
528	1
529	2
530	1
531	2
532	1
533	0
534	1
535	1
536	2
537	1
538	0
539	1
540	0
541	1
542	1
543	0
544	2
545	4
546	1
547	1
548	1
549	0
550	0
551	1
552	2
553	1
554	0
555	2
556	0
557	3
558	0
559	0
560	0
561	5
562	1
563	5
564	2
565	3
566	0
567	0
568	1
569	0
570	0
571	1
572	0
573	1
574	1
575	1
576	0
577	0
578	1
579	3
580	0
581	0
582	1
583	3
584	2
585	1
586	0
587	2
588	0
589	1
590	2
591	3
592	1
593	0
594	0
595	0
596	1
597	0
598	1
599	0
600	1
601	2
602	0
603	3
604	0
605	1
606	0
607	1
608	1
609	0
610	0
611	3
612	1
613	1
614	2
615	4
616	1
617	1
618	2
619	1
620	1
621	1
622	4
623	0
624	1
625	0
626	2
627	1
628	0
629	0
630	1
631	0
632	5
633	3
634	2
635	1
636	0
637	0
638	0
639	1
640	0
641	1
642	0
643	0
644	0
645	1
646	4
647	0
648	1
649	1
650	1
651	0
652	0
653	1
654	0
655	0
656	0
657	1
658	2
659	1
660	0
661	0
662	2
663	1
664	1
665	2
666	2
667	0
668	0
669	2
670	3
671	2
672	0
673	1
674	0
675	0
676	0
677	0
678	0
679	0
680	0
681	1
682	1
683	2
684	3
685	4
686	2
687	2
688	0
689	0
690	4
691	0
692	2
693	0
694	1
695	0
696	1
697	2
698	1
699	1
700	1
701	3
702	0
703	1
704	1
705	0
706	0
707	1
708	1
709	0
710	0
711	4
712	0
713	1
714	1
715	3
716	1
717	1
718	2
719	1
720	1
721	3
722	1
723	0
724	2
725	2
726	1
727	0
728	2
729	3
730	2
731	1
732	1
733	0
734	0
735	4
736	1
737	1
738	2
739	1
740	4
741	1
742	0
743	3
744	2
745	2
746	1
747	1
748	3
749	5
750	1
751	5
752	2
753	0
754	2
755	3
756	1
757	1
758	3
759	1
760	1
761	3
762	0
763	2
764	2
765	1
766	3
767	10
768	2
769	4
770	5
771	3
772	3
773	2
774	4
775	1
776	7
777	7
778	0
779	2
780	4
781	5
782	2
783	1
784	2
785	1
786	3
787	1
788	3
789	4
790	1
791	2
792	2
793	4
794	0
795	7
796	7
797	4
798	4
799	2
800	3
801	4
802	2
803	3
804	4
805	4
806	6
807	6
808	1
809	8
810	1
811	3
812	4
813	2
814	3
815	3
816	5
817	1
818	1
819	8
820	5
821	1
822	13
823	9
824	4
825	10
826	4
827	4
828	5
829	7
830	7
831	7
832	4
833	5
834	6
835	8
836	9
837	9
838	6
839	0
840	4
841	8
842	4
843	6
844	12
845	2
846	7
847	4
848	4
849	4
850	1
851	4
852	6
853	3
854	3
855	5
856	6
857	8
858	4
859	1
860	6
861	7
862	4
863	3
864	2
865	1
866	4
867	2
868	2
869	5
870	6
871	4
872	4
873	5
874	4
875	2
876	3
877	3
878	3
879	8
880	4
881	6
882	5
883	3
884	3
885	3
886	8
887	4
888	1
889	7
890	2
891	4
892	2
893	5
894	2
895	6
896	0
897	2
898	2
899	1
900	4
901	1
902	3
903	5
904	0
905	3
906	4
907	1
908	3
909	6
910	4
911	1
912	9
913	5
914	3
915	2
916	2
917	1
918	3
919	3
920	2
921	2
922	1
923	5
924	4
925	4
926	2
927	2
928	1
929	4
930	0
931	0
932	2
933	3
934	6
935	3
936	3
937	4
938	2
939	0
940	4
941	5
942	3
943	5
944	1
945	2
946	2
947	3
948	1
949	4
950	2
951	1
952	3
953	1
954	0
955	2
956	3
957	2
958	2
959	3
960	3
961	2
962	4
963	3
964	6
965	4
966	4
967	2
968	2
969	4
970	1
971	3
972	4
973	4
974	3
975	6
976	2
977	3
978	4
979	3
980	4
981	2
982	4
983	3
984	2
985	6
986	5
987	3
988	0
989	2
990	4
991	4
992	3
993	1
994	6
995	5
996	1
997	3
998	5
999	4
1000	1
1001	10
1002	3
1003	0
1004	2
1005	1
1006	3
1007	3
1008	2
1009	2
1010	3
1011	2
1012	4
1013	5
1014	2
1015	4
1016	3
1017	2
1018	2
1019	1
1020	2
1021	3
1022	5
1023	4
1024	2
1025	1
1026	1
1027	2
1028	1
1029	1
1030	5
1031	4
1032	1
1033	4
1034	5
1035	2
1036	2
1037	4
1038	4
1039	3
1040	2
1041	0
1042	1
1043	1
1044	2
1045	4
1046	2
1047	1
1048	3
1049	4
1050	2
1051	7
1052	2
1053	0
1054	5
1055	2
1056	4
1057	3
1058	2
1059	4
1060	4
1061	1
1062	5
1063	2
1064	0
1065	1
1066	1
1067	2
1068	2
1069	3
1070	3
1071	2
1072	2
1073	2
1074	1
1075	1
1076	4
1077	2
1078	3
1079	3
1080	3
1081	4
1082	1
1083	2
1084	3
1085	2
1086	2
1087	1
1088	2
1089	0
1090	1
1091	2
1092	5
1093	2
1094	2
1095	0
1096	2
1097	3
1098	2
1099	2
1100	3
1101	0
1102	0
1103	3
1104	0
1105	3
1106	3
1107	1
1108	0
1109	0
1110	0
1111	1
1112	1
1113	0
1114	1
1115	1
1116	1
1117	1
1118	2
1119	2
1120	2
1121	1
1122	1
1123	2
1124	1
1125	3
1126	2
1127	2
1128	2
1129	2
1130	1
1131	1
1132	2
1133	3
1134	0
1135	3
1136	0
1137	1
1138	1
1139	2
1140	1
1141	1
1142	0
1143	1
1144	0
1145	1
1146	0
1147	1
1148	1
1149	4
1150	1
1151	2
1152	2
1153	0
1154	2
1155	4
1156	0
1157	1
1158	0
1159	2
1160	3
1161	0
1162	2
1163	1
1164	1
1165	0
1166	1
1167	1
1168	3
1169	2
1170	2
1171	3
1172	2
1173	0
1174	2
1175	3
1176	1
1177	2
1178	1
1179	1
1180	1
1181	0
1182	0
1183	3
1184	0
1185	2
1186	0
1187	2
1188	1
1189	1
1190	1
1191	3
1192	1
1193	3
1194	0
1195	2
1196	1
1197	2
1198	2
1199	0
1200	2
1201	5
1202	2
1203	3
1204	2
1205	1
1206	3
1207	1
1208	2
1209	1
1210	5
1211	2
1212	2
1213	2
1214	3
1215	0
1216	2
1217	1
1218	3
1219	2
1220	4
1221	0
1222	3
1223	0
1224	1
1225	4
1226	1
1227	2
1228	1
1229	2
1230	2
1231	2
1232	2
1233	2
1234	3
1235	2
1236	6
1237	1
1238	3
1239	2
1240	1
1241	3
1242	2
1243	3
1244	3
1245	1
1246	3
1247	2
1248	0
1249	3
1250	5
1251	0
1252	0
1253	3
1254	1
1255	5
1256	1
1257	2
1258	4
1259	2
1260	2
1261	3
1262	1
1263	3
1264	0
1265	2
1266	5
1267	1
1268	6
1269	2
1270	1
1271	2
1272	1
1273	1
1274	1
1275	4
1276	0
1277	1
1278	2
1279	3
1280	1
1281	2
1282	1
1283	1
1284	4
1285	2
1286	3
1287	2
1288	3
1289	2
1290	4
1291	0
1292	4
1293	5
1294	0
1295	1
1296	3
1297	1
1298	4
1299	3
1300	3
1301	2
1302	2
1303	1
1304	0
1305	1
1306	1
1307	3
1308	4
1309	3
1310	1
1311	3
1312	1
1313	5
1314	1
1315	1
1316	1
1317	2
1318	5
1319	2
1320	4
1321	2
1322	2
1323	2
1324	3
1325	2
1326	1
1327	3
1328	1
1329	1
1330	7
1331	3
1332	2
1333	3
1334	3
1335	5
1336	2
1337	5
1338	2
1339	4
1340	4
1341	2
1342	3
1343	3
1344	2
1345	2
1346	2
1347	5
1348	0
1349	3
1350	3
1351	1
1352	3
1353	3
1354	5
1355	0
1356	1
1357	2
1358	9
1359	4
1360	3
1361	4
1362	1
1363	2
1364	2
1365	1
1366	1
1367	1
1368	1
1369	4
1370	1
1371	0
1372	3
1373	5
1374	1
1375	3
1376	2
1377	2
1378	3
1379	3
1380	0
1381	3
1382	1
1383	4
1384	2
1385	3
1386	4
1387	2
1388	2
1389	2
1390	1
1391	2
1392	2
1393	2
1394	3
1395	1
1396	2
1397	1
1398	1
1399	0
1400	1
1401	2
1402	0
1403	3
1404	1
1405	0
1406	1
1407	1
1408	0
1409	2
1410	1
1411	2
1412	4
1413	1
1414	3
1415	1
1416	1
1417	0
1418	3
1419	1
1420	3
1421	0
1422	5
1423	5
1424	0
1425	3
1426	0
1427	5
1428	2
1429	3
1430	0
1431	1
1432	2
1433	2
1434	0
1435	4
1436	1
1437	1
1438	1
1439	1
1440	0
1441	1
1442	0
1443	1
1444	1
1445	1
1446	2
1447	1
1448	3
1449	1
1450	0
1451	0
1452	4
1453	1
1454	1
1455	1
1456	0
1457	1
1458	2
1459	1
1460	1
1461	1
1462	3
1463	3
1464	1
1465	1
1466	1
1467	1
1468	1
1469	1
1470	1
1471	0
1472	0
1473	1
1474	0
1475	4
1476	1
1477	0
1478	1
1479	3
1480	1
1481	2
1482	1
1483	1
1484	1
1485	2
1486	0
1487	0
1488	0
1489	0
1490	1
1491	0
1492	3
1493	0
1494	2
1495	2
1496	1
1497	1
1498	1
1499	5
1500	1
1501	1
1502	1
1503	2
1504	0
1505	0
1506	0
1507	0
1508	3
1509	1
1510	0
1511	0
1512	1
1513	2
1514	0
1515	1
1516	1
1517	0
1518	1
1519	2
1520	2
1521	0
1522	3
1523	0
1524	0
1525	0
1526	0
1527	0
1528	0
1529	2
1530	2
1531	0
1532	1
1533	3
1534	0
1535	2
1536	1
1537	0
1538	0
1539	0
1540	1
1541	0
1542	2
1543	0
1544	0
1545	1
1546	1
1547	0
1548	1
1549	0
1550	0
1551	0
1552	1
1553	1
1554	0
1555	1
1556	2
1557	2
1558	0
1559	2
1560	2
1561	2
1562	2
1563	0
1564	0
1565	2
1566	2
1567	1
1568	2
1569	1
1570	0
1571	1
1572	1
1573	0
1574	1
1575	2
1576	0
1577	1
1578	0
1579	1
1580	1
1581	1
1582	1
1583	1
1584	0
1585	0
1586	0
1587	1
1588	1
1589	1
1590	1
1591	1
1592	1
1593	2
1594	0
1595	1
1596	0
1597	1
1598	1
1599	3
1600	0
1601	3
1602	2
1603	1
1604	0
1605	0
1606	4
1607	0
1608	1
1609	1
1610	0
1611	1
1612	0
1613	1
1614	2
1615	1
1616	0
1617	2
1618	1
1619	0
1620	1
1621	0
1622	1
1623	1
1624	2
1625	2
1626	0
1627	1
1628	0
1629	1
1630	0
1631	2
1632	1
1633	0
1634	0
1635	1
1636	1
1637	3
1638	0
1639	0
1640	1
1641	0
1642	0
1643	1
1644	0
1645	0
1646	2
1647	2
1648	2
1649	1
1650	0
1651	1
1652	1
1653	0
1654	3
1655	0
1656	0
1657	3
1658	2
1659	1
1660	5
1661	1
1662	2
1663	1
1664	1
1665	1
1666	4
1667	1
1668	0
1669	2
1670	0
1671	1
1672	0
1673	5
1674	1
1675	2
1676	2
1677	1
1678	3
1679	0
1680	0
1681	1
1682	4
1683	0
1684	1
1685	1
1686	0
1687	1
1688	0
1689	4
1690	2
1691	2
1692	0
1693	1
1694	1
1695	1
1696	1
1697	2
1698	1
1699	4
1700	1
1701	2
1702	2
1703	0
1704	1
1705	2
1706	0
1707	0
1708	2
1709	0
1710	2
1711	1
1712	2
1713	2
1714	4
1715	3
1716	0
1717	2
1718	1
1719	3
1720	1
1721	0
1722	2
1723	1
1724	1
1725	4
1726	2
1727	4
1728	2
1729	2
1730	2
1731	1
1732	3
1733	1
1734	4
1735	3
1736	3
1737	3
1738	0
1739	2
1740	2
1741	0
1742	3
1743	0
1744	2
1745	2
1746	0
1747	0
1748	1
1749	1
1750	1
1751	0
1752	2
1753	2
1754	3
1755	3
1756	4
1757	2
1758	3
1759	2
1760	2
1761	1
1762	2
1763	0
1764	2
1765	2
1766	2
1767	0
1768	3
1769	1
1770	3
1771	0
1772	3
1773	1
1774	1
1775	2
1776	1
1777	0
1778	1
1779	0
1780	2
1781	0
1782	5
1783	2
1784	2
1785	0
1786	2
1787	1
1788	2
1789	2
1790	0
1791	1
1792	0
1793	1
1794	3
1795	0
1796	1
1797	0
1798	1
1799	0
1800	2
1801	2
1802	1
1803	1
1804	4
1805	3
1806	3
1807	1
1808	1
1809	0
1810	1
1811	0
1812	0
1813	1
1814	1
1815	1
1816	0
1817	0
1818	0
1819	1
1820	2
1821	0
1822	2
1823	1
1824	2
1825	1
1826	1
1827	0
1828	1
1829	1
1830	1
1831	1
1832	0
1833	1
1834	1
1835	2
1836	1
1837	2
1838	0
1839	0
1840	0
1841	3
1842	1
1843	3
1844	2
1845	2
1846	1
1847	0
1848	0
1849	1
1850	0
1851	2
1852	4
1853	1
1854	1
1855	0
1856	3
1857	0
1858	2
1859	1
1860	0
1861	0
1862	0
1863	1
1864	0
1865	1
1866	0
1867	0
1868	2
1869	1
1870	1
1871	1
1872	2
1873	0
1874	1
1875	2
1876	1
1877	2
1878	2
1879	0
1880	0
1881	0
1882	2
1883	3
1884	1
1885	3
1886	2
1887	0
1888	0
1889	1
1890	1
1891	0
1892	0
1893	1
1894	0
1895	2
1896	2
1897	2
1898	1
1899	1
1900	1
1901	3
1902	0
1903	0
1904	1
1905	0
1906	0
1907	1
1908	0
1909	0
1910	2
1911	0
1912	2
1913	1
1914	0
1915	0
1916	0
1917	2
1918	0
1919	1
1920	0
1921	0
1922	1
1923	2
1924	1
1925	1
1926	2
1927	0
1928	1
1929	1
1930	1
1931	1
1932	1
1933	1
1934	0
1935	1
1936	0
1937	2
1938	1
1939	1
1940	2
1941	1
1942	1
1943	1
1944	0
1945	0
1946	0
1947	3
1948	2
1949	1
1950	0
1951	0
1952	0
1953	0
1954	3
1955	0
1956	0
1957	1
1958	2
1959	2
1960	1
1961	2
1962	0
1963	3
1964	1
1965	2
1966	1
1967	1
1968	1
1969	3
1970	0
1971	3
1972	0
1973	2
1974	1
1975	0
1976	0
1977	0
1978	2
1979	1
1980	0
1981	2
1982	0
1983	1
1984	2
1985	1
1986	3
1987	3
1988	1
1989	1
1990	2
1991	3
1992	1
1993	0
1994	1
1995	0
1996	1
1997	2
1998	2
1999	0
2000	0
2001	1
2002	3
2003	2
2004	0
2005	1
2006	1
2007	0
2008	2
2009	1
2010	0
2011	2
2012	2
2013	1
2014	2
2015	1
2016	2
2017	1
2018	3
2019	4
2020	1
2021	0
2022	1
2023	1
2024	1
2025	1
2026	2
2027	1
2028	3
2029	0
2030	1
2031	0
2032	0
2033	0
2034	4
2035	2
2036	0
2037	0
2038	0
2039	2
2040	0
2041	0
2042	0
2043	2
2044	1
2045	2
2046	1
2047	2
2048	1
2049	0
2050	3
2051	3
2052	1
2053	1
2054	2
2055	2
2056	0
2057	0
2058	1
2059	0
2060	3
2061	1
2062	1
2063	0
2064	2
2065	1
2066	2
2067	1
2068	1
2069	1
2070	2
2071	2
2072	1
2073	5
2074	2
2075	0
2076	0
2077	0
2078	2
2079	3
2080	4
2081	2
2082	1
2083	0
2084	3
2085	1
2086	3
2087	2
2088	2
2089	4
2090	1
2091	1
2092	3
2093	2
2094	1
2095	0
2096	1
2097	2
2098	1
2099	1
2100	3
2101	2
2102	0
2103	1
2104	2
2105	2
2106	0
2107	0
2108	1
2109	3
2110	0
2111	1
2112	2
2113	2
2114	1
2115	2
2116	3
2117	2
2118	2
2119	1
2120	0
2121	1
2122	2
2123	1
2124	1
2125	1
2126	2
2127	3
2128	1
2129	1
2130	1
2131	3
2132	2
2133	0
2134	1
2135	0
2136	0
2137	0
2138	3
2139	2
2140	1
2141	3
2142	1
2143	2
2144	2
2145	1
2146	1
2147	0
2148	5
2149	0
2150	1
2151	0
2152	0
2153	2
2154	2
2155	0
2156	1
2157	0
2158	0
2159	2
2160	0
2161	1
2162	0
2163	2
2164	1
2165	1
2166	0
2167	0
2168	1
2169	0
2170	0
2171	2
2172	2
2173	2
2174	2
2175	0
2176	1
2177	2
2178	2
2179	2
2180	1
2181	2
2182	1
2183	1
2184	1
2185	1
2186	0
2187	1
2188	1
2189	0
2190	3
2191	0
2192	1
2193	0
2194	2
2195	1
2196	1
2197	3
2198	1
2199	1
2200	2
2201	2
2202	2
2203	2
2204	1
2205	2
2206	0
2207	0
2208	0
2209	0
2210	0
2211	0
2212	0
2213	1
2214	1
2215	2
2216	2
2217	3
2218	1
2219	0
2220	0
2221	1
2222	0
2223	0
2224	3
2225	1
2226	2
2227	0
2228	0
2229	1
2230	2
2231	0
2232	1
2233	1
2234	1
2235	1
2236	0
2237	0
2238	2
2239	1
2240	0
2241	0
2242	2
2243	1
2244	1
2245	1
2246	0
2247	2
2248	1
2249	1
2250	0
2251	1
2252	2
2253	1
2254	0
2255	0
2256	1
2257	1
2258	1
2259	1
2260	0
2261	1
2262	3
2263	0
2264	0
2265	1
2266	0
2267	3
2268	0
2269	1
2270	2
2271	1
2272	0
2273	2
2274	1
2275	0
2276	1
2277	2
2278	1
2279	1
2280	0
2281	1
2282	2
2283	1
2284	1
2285	2
2286	1
2287	1
2288	0
2289	3
2290	0
2291	1
2292	2
2293	0
2294	0
2295	0
2296	1
2297	1
2298	0
2299	0
2300	1
2301	1
2302	2
2303	1
2304	1
2305	0
2306	0
2307	0
2308	2
2309	1
2310	2
2311	0
2312	1
2313	1
2314	1
2315	4
2316	0
2317	2
2318	2
2319	0
2320	1
2321	4
2322	4
2323	3
2324	0
2325	1
2326	2
2327	0
2328	2
2329	1
2330	0
2331	1
2332	1
2333	0
2334	3
2335	0
2336	2
2337	2
2338	0
2339	0
2340	1
2341	3
2342	2
2343	3
2344	0
2345	3
2346	1
2347	4
2348	3
2349	3
2350	1
2351	1
2352	0
2353	1
2354	1
2355	2
2356	1
2357	3
2358	2
2359	1
2360	0
2361	1
2362	3
2363	1
2364	0
2365	1
2366	1
2367	0
2368	2
2369	2
2370	1
2371	1
2372	2
2373	0
2374	2
2375	1
2376	3
2377	2
2378	1
2379	3
2380	2
2381	0
2382	1
2383	3
2384	0
2385	2
2386	0
2387	1
2388	1
2389	3
2390	3
2391	1
2392	2
2393	2
2394	1
2395	2
2396	0
2397	6
2398	0
2399	1
2400	1
2401	1
2402	0
2403	1
2404	1
2405	2
2406	3
2407	2
2408	2
2409	5
2410	3
2411	2
2412	2
2413	1
2414	2
2415	1
2416	2
2417	3
2418	0
2419	4
2420	1
2421	1
2422	2
2423	5
2424	1
2425	5
2426	3
2427	3
2428	1
2429	2
2430	6
2431	1
2432	4
2433	2
2434	4
2435	0
2436	2
2437	5
2438	5
2439	2
2440	2
2441	5
2442	4
2443	5
2444	5
2445	5
2446	5
2447	4
2448	4
2449	0
2450	10
2451	8
2452	5
2453	3
2454	7
2455	5
2456	3
2457	9
2458	7
2459	9
2460	9
2461	4
2462	7
2463	9
2464	13
2465	5
2466	10
2467	12
2468	9
2469	9
2470	12
2471	6
2472	5
2473	8
2474	5
2475	5
2476	15
2477	11
2478	11
2479	9
2480	5
2481	7
2482	14
2483	16
2484	12
2485	10
2486	15
2487	12
2488	18
2489	17
2490	4
2491	22
2492	13
2493	20
2494	13
2495	10
2496	21
2497	15
2498	22
2499	12
2500	22
2501	12
2502	18
2503	14
2504	11
2505	16
2506	18
2507	20
2508	15
2509	16
2510	21
2511	16
2512	23
2513	16
2514	19
2515	27
2516	32
2517	16
2518	18
2519	15
2520	17
2521	29
2522	14
2523	30
2524	24
2525	22
2526	26
2527	20
2528	27
2529	22
2530	28
2531	21
2532	34
2533	20
2534	32
2535	29
2536	19
2537	18
2538	19
2539	24
2540	36
2541	28
2542	20
2543	26
2544	30
2545	32
2546	24
2547	27
2548	44
2549	24
2550	32
2551	27
2552	23
2553	31
2554	34
2555	27
2556	38
2557	26
2558	40
2559	34
2560	31
2561	37
2562	29
2563	33
2564	36
2565	21
2566	43
2567	26
2568	38
2569	47
2570	28
2571	37
2572	46
2573	41
2574	32
2575	28
2576	30
2577	25
2578	36
2579	47
2580	41
2581	16
2582	33
2583	19
2584	37
2585	43
2586	30
2587	35
2588	31
2589	35
2590	36
2591	25
2592	26
2593	29
2594	28
2595	31
2596	35
2597	21
2598	39
2599	21
2600	27
2601	39
2602	23
2603	19
2604	35
2605	19
2606	23
2607	19
2608	20
2609	21
2610	27
2611	24
2612	21
2613	10
2614	18
2615	16
2616	18
2617	28
2618	15
2619	14
2620	12
2621	13
2622	16
2623	7
2624	13
2625	17
2626	11
2627	21
2628	18
2629	10
2630	18
2631	6
2632	13
2633	12
2634	7
2635	10
2636	17
2637	9
2638	9
2639	7
2640	6
2641	7
2642	10
2643	15
2644	5
2645	3
2646	1
2647	6
2648	8
2649	5
2650	2
2651	3
2652	3
2653	3
2654	4
2655	2
2656	6
2657	2
2658	4
2659	6
2660	1
2661	4
2662	1
2663	1
2664	3
2665	2
2666	2
2667	3
2668	4
2669	2
2670	1
2671	0
2672	0
2673	1
2674	2
2675	2
2676	0
2677	0
2678	2
2679	1
2680	1
2681	3
2682	3
2683	3
2684	0
2685	0
2686	1
2687	0
2688	0
2689	0
2690	0
2691	0
2692	1
2693	1
2694	2
2695	0
2696	0
2697	0
2698	0
2699	3
2700	0
2701	0
2702	0
2703	1
2704	0
2705	0
2706	1
2707	1
2708	2
2709	0
2710	1
2711	1
2712	1
2713	2
2714	1
2715	0
2716	2
2717	0
2718	1
2719	0
2720	0
2721	0
2722	0
2723	1
2724	0
2725	1
2726	0
2727	0
2728	1
2729	1
2730	1
2731	0
2732	0
2733	0
2734	0
2735	0
2736	1
2737	0
2738	0
2739	0
2740	0
2741	1
2742	1
2743	0
2744	0
2745	2
2746	0
2747	0
2748	1
2749	0
2750	1
2751	0
2752	0
2753	0
2754	0
2755	0
2756	0
2757	1
2758	2
2759	0
2760	0
2761	1
2762	4
2763	0
2764	1
2765	0
2766	0
2767	0
2768	0
2769	1
2770	2
2771	3
2772	0
2773	0
2774	2
2775	0
2776	2
2777	0
2778	2
2779	1
2780	1
2781	1
2782	0
2783	0
2784	0
2785	2
2786	2
2787	1
2788	0
2789	0
2790	0
2791	0
2792	0
2793	3
2794	1
2795	1
2796	1
2797	5
2798	0
2799	2
2800	0
2801	0
2802	0
2803	1
2804	0
2805	2
2806	2
2807	0
2808	1
2809	1
2810	1
2811	0
2812	3
2813	1
2814	0
2815	1
2816	2
2817	0
2818	1
2819	0
2820	2
2821	1
2822	3
2823	0
2824	0
2825	0
2826	1
2827	1
2828	4
2829	2
2830	0
2831	4
2832	0
2833	3
2834	3
2835	4
2836	1
2837	3
2838	3
2839	0
2840	1
2841	0
2842	1
2843	1
2844	2
2845	4
2846	0
2847	0
2848	4
2849	2
2850	2
2851	1
2852	3
2853	1
2854	2
2855	2
2856	2
2857	6
2858	3
2859	3
2860	0
2861	6
2862	2
2863	1
2864	0
2865	5
2866	2
2867	3
2868	4
2869	4
2870	4
2871	5
2872	2
2873	5
2874	4
2875	3
2876	3
2877	6
2878	5
2879	0
2880	5
2881	1
2882	5
2883	4
2884	4
2885	5
2886	3
2887	2
2888	5
2889	4
2890	1
2891	2
2892	4
2893	10
2894	4
2895	4
2896	4
2897	4
2898	3
2899	8
2900	6
2901	5
2902	9
2903	4
2904	5
2905	8
2906	5
2907	7
2908	5
2909	3
2910	4
2911	4
2912	8
2913	3
2914	7
2915	5
2916	5
2917	4
2918	3
2919	3
2920	6
2921	8
2922	4
2923	4
2924	7
2925	5
2926	6
2927	2
2928	7
2929	8
2930	3
2931	5
2932	3
2933	2
2934	7
2935	1
2936	3
2937	5
2938	4
2939	2
2940	2
2941	4
2942	5
2943	3
2944	8
2945	5
2946	7
2947	0
2948	10
2949	3
2950	10
2951	3
2952	6
2953	4
2954	3
2955	3
2956	5
2957	1
2958	4
2959	3
2960	2
2961	8
2962	4
2963	5
2964	3
2965	4
2966	6
2967	4
2968	4
2969	7
2970	6
2971	3
2972	5
2973	2
2974	1
2975	5
2976	2
2977	4
2978	1
2979	1
2980	6
2981	2
2982	2
2983	2
2984	1
2985	3
2986	2
2987	5
2988	1
2989	3
2990	2
2991	2
2992	0
2993	1
2994	0
2995	3
2996	3
2997	1
2998	5
2999	0
3000	3
3001	3
3002	1
3003	0
3004	2
3005	1
3006	1
3007	3
3008	0
3009	0
3010	1
3011	1
3012	0
3013	2
3014	3
3015	0
3016	1
3017	1
3018	0
3019	2
3020	2
3021	2
3022	2
3023	2
3024	1
3025	3
3026	0
3027	0
3028	1
3029	2
3030	1
3031	1
3032	1
3033	1
3034	0
3035	0
3036	0
3037	0
3038	0
3039	1
3040	1
3041	2
3042	0
3043	1
3044	1
3045	0
3046	0
3047	0
3048	1
3049	0
3050	0
3051	1
3052	0
3053	1
3054	1
3055	0
3056	1
3057	0
3058	1
3059	0
3060	0
3061	0
3062	0
3063	0
3064	0
3065	0
3066	0
3067	1
3068	0
3069	0
3070	0
3071	0
3072	0
3073	0
3074	0
3075	0
3076	0
3077	0
3078	0
3079	0
3080	0
3081	0
3082	0
3083	0
3084	0
3085	0
3086	0
3087	0
3088	0
3089	0
3090	0
3091	1
3092	0
3093	0
3094	0
3095	0
3096	0
3097	0
3098	0
3099	0
3100	0
3101	0
3102	0
3103	0
3104	0
3105	0
3106	0
3107	0
3108	0
3109	0
3110	0
3111	0
3112	0
3113	0
3114	0
3115	0
3116	0
3117	0
3118	1
3119	0
3120	0
3121	0
3122	0
3123	0
3124	0
3125	0
3126	0
3127	0
3128	0
3129	0
3130	0
3131	0
3132	0
3133	0
3134	0
3135	1
3136	0
3137	0
3138	0
3139	0
3140	0
3141	0
3142	0
3143	0
3144	0
3145	0
3146	0
3147	0
3148	0
3149	0
3150	0
3151	0
3152	0
3153	0
3154	0
3155	0
3156	0
3157	0
3158	0
3159	0
3160	0
3161	0
3162	0
3163	0
3164	0
3165	0
3166	0
3167	0
3168	0
3169	0
3170	0
3171	0
3172	0
3173	0
3174	0
3175	0
3176	0
3177	0
3178	0
3179	1
3180	0
3181	0
3182	0
3183	0
3184	0
3185	0
3186	0
3187	0
3188	0
3189	0
3190	0
3191	0
3192	0
3193	0
3194	0
3195	0
3196	1
3197	0
3198	0
3199	0
3200	0
3201	0
3202	0
3203	0
3204	0
3205	0
3206	0
3207	0
3208	0
3209	0
3210	0
3211	0
3212	0
3213	0
3214	0
3215	0
3216	0
3217	0
3218	0
3219	0
3220	0
3221	0
3222	0
3223	0
3224	0
3225	0
3226	0
3227	0
3228	0
3229	0
3230	0
3231	1
3232	0
3233	0
3234	0
3235	0
3236	0
3237	0
3238	0
3239	0
3240	0
3241	0
3242	0
3243	0
3244	0
3245	0
3246	0
3247	0
3248	0
3249	0
3250	0
3251	0
3252	0
3253	0
3254	0
3255	1
3256	0
3257	0
3258	0
3259	0
3260	0
3261	0
3262	0
3263	0
3264	0
3265	2
3266	0
3267	0
3268	0
3269	0
3270	0
3271	0
3272	0
3273	0
3274	0
3275	0
3276	1
3277	0
3278	0
3279	0
3280	0
3281	0
3282	0
3283	0
3284	0
3285	1
3286	0
3287	0
3288	0
3289	0
3290	0
3291	1
3292	0
3293	0
3294	0
3295	0
3296	0
3297	0
3298	0
3299	0
3300	0
3301	0
3302	0
3303	0
3304	0
3305	0
3306	0
3307	0
3308	0
3309	0
3310	0
3311	0
3312	0
3313	0
3314	0
3315	0
3316	0
3317	0
3318	0
3319	0
3320	0
3321	0
3322	0
3323	0
3324	0
3325	0
3326	0
3327	0
3328	0
3329	0
3330	0
3331	0
3332	0
3333	0
3334	0
3335	0
3336	0
3337	0
3338	0
3339	0
3340	0
3341	0
3342	0
3343	0
3344	0
3345	0
3346	0
3347	0
3348	0
3349	0
3350	0
3351	0
3352	0
3353	0
3354	0
3355	0
3356	0
3357	0
3358	0
3359	0
3360	0
3361	0
3362	0
3363	0
3364	0
3365	0
3366	0
3367	0
3368	0
3369	0
3370	0
3371	0
3372	0
3373	0
3374	0
3375	0
3376	0
3377	0
3378	0
3379	0
3380	0
3381	0
3382	0
3383	0
3384	0
3385	0
3386	0
3387	0
3388	0
3389	0
3390	0
3391	0
3392	0
3393	0
3394	0
3395	0
3396	0
3397	0
3398	0
3399	0
3400	0
3401	0
3402	0
3403	0
3404	0
3405	0
3406	0
3407	0
3408	0
3409	0
3410	0
3411	0
3412	0
3413	0
3414	0
3415	0
3416	0
3417	0
3418	0
3419	0
3420	0
3421	0
3422	0
3423	0
3424	2
3425	0
3426	1
3427	0
3428	0
3429	0
3430	0
3431	1
3432	0
3433	0
3434	0
3435	0
3436	0
3437	0
3438	0
3439	0
3440	0
3441	0
3442	0
3443	0
3444	0
3445	0
3446	0
3447	0
3448	0
3449	0
3450	0
3451	0
3452	0
3453	0
3454	0
3455	0
3456	0
3457	0
3458	0
3459	0
3460	0
3461	0
3462	1
3463	0
3464	0
3465	0
3466	0
3467	0
3468	0
3469	0
3470	0
3471	0
3472	0
3473	0
3474	0
3475	0
3476	0
3477	0
3478	0
3479	0
3480	0
3481	0
3482	0
3483	0
3484	0
3485	0
3486	0
3487	0
3488	0
3489	0
3490	0
3491	0
3492	0
3493	0
3494	0
3495	0
3496	0
3497	0
3498	0
3499	0
3500	0
3501	1
3502	0
3503	0
3504	0
3505	0
3506	0
3507	0
3508	0
3509	0
3510	0
3511	0
3512	0
3513	0
3514	0
3515	0
3516	0
3517	0
3518	0
3519	0
3520	0
3521	0
3522	0
3523	0
3524	0
3525	0
3526	0
3527	0
3528	0
3529	0
3530	0
3531	0
3532	0
3533	0
3534	0
3535	0
3536	0
3537	0
3538	0
3539	0
3540	0
3541	0
3542	0
3543	0
3544	0
3545	0
3546	0
3547	0
3548	0
3549	0
3550	0
3551	0
3552	0
3553	0
3554	0
3555	0
3556	0
3557	0
3558	0
3559	0
3560	0
3561	0
3562	0
3563	0
3564	0
3565	0
3566	0
3567	0
3568	0
3569	0
3570	0
3571	0
3572	0
3573	0
3574	0
3575	0
3576	0
3577	0
3578	0
3579	0
3580	0
3581	0
3582	0
3583	0
3584	0
3585	0
3586	0
3587	0
3588	0
3589	0
3590	0
3591	0
3592	0
3593	0
3594	0
3595	0
3596	0
3597	0
3598	0
3599	0
3600	0
3601	0
3602	0
3603	0
3604	0
3605	0
3606	0
3607	0
3608	0
3609	0
3610	1
3611	0
3612	0
3613	0
3614	0
3615	0
3616	0
3617	0
3618	0
3619	0
3620	0
3621	0
3622	0
3623	0
3624	0
3625	0
3626	0
3627	0
3628	0
3629	0
3630	0
3631	0
3632	1
3633	0
3634	0
3635	0
3636	0
3637	0
3638	0
3639	0
3640	0
3641	0
3642	0
3643	0
3644	0
3645	0
3646	0
3647	0
3648	0
3649	0
3650	0
3651	0
3652	0
3653	0
3654	0
3655	0
3656	0
3657	1
3658	0
3659	0
3660	0
3661	0
3662	0
3663	0
3664	0
3665	0
3666	0
3667	0
3668	0
3669	0
3670	0
3671	0
3672	0
3673	0
3674	0
3675	0
3676	0
3677	0
3678	0
3679	0
3680	0
3681	0
3682	0
3683	0
3684	0
3685	0
3686	0
3687	0
3688	0
3689	0
3690	0
3691	0
3692	0
3693	0
3694	0
3695	0
3696	0
3697	0
3698	0
3699	0
3700	0
3701	0
3702	1
3703	0
3704	0
3705	0
3706	0
3707	0
3708	0
3709	0
3710	0
3711	0
3712	0
3713	0
3714	0
3715	0
3716	0
3717	0
3718	0
3719	0
3720	0
3721	0
3722	0
3723	0
3724	0
3725	0
3726	0
3727	0
3728	0
3729	0
3730	0
3731	0
3732	0
3733	0
3734	0
3735	0
3736	0
3737	0
3738	0
3739	0
3740	0
3741	0
3742	0
3743	0
3744	0
3745	0
3746	0
3747	0
3748	0
3749	0
3750	0
3751	0
3752	0
3753	0
3754	0
3755	0
3756	0
3757	0
3758	0
3759	0
3760	0
3761	0
3762	0
3763	0
3764	0
3765	0
3766	0
3767	0
3768	0
3769	0
3770	0
3771	0
3772	0
3773	0
3774	0
3775	0
3776	0
3777	0
3778	0
3779	0
3780	0
3781	0
3782	0
3783	0
3784	0
3785	0
3786	0
3787	0
3788	0
3789	0
3790	0
3791	0
3792	0
3793	0
3794	0
3795	0
3796	0
3797	0
3798	0
3799	0
3800	0
3801	0
3802	0
3803	0
3804	0
3805	0
3806	0
3807	0
3808	0
3809	0
3810	0
3811	0
3812	0
3813	0
3814	0
3815	0
3816	0
3817	0
3818	0
3819	0
3820	0
3821	0
3822	0
3823	0
3824	0
3825	0
3826	0
3827	0
3828	0
3829	0
3830	0
3831	0
3832	0
3833	0
3834	0
3835	0
3836	0
3837	0
3838	0
3839	0
3840	0
3841	0
3842	0
3843	0
3844	0
3845	0
3846	0
3847	0
3848	0
3849	0
3850	0
3851	0
3852	0
3853	0
3854	0
3855	0
3856	0
3857	0
3858	0
3859	0
3860	0
3861	0
3862	0
3863	0
3864	0
3865	0
3866	0
3867	0
3868	0
3869	0
3870	0
3871	0
3872	0
3873	0
3874	0
3875	0
3876	0
3877	0
3878	0
3879	0
3880	0
3881	0
3882	0
3883	0
3884	0
3885	0
3886	0
3887	0
3888	0
3889	0
3890	0
3891	0
3892	0
3893	0
3894	0
3895	0
3896	0
3897	0
3898	0
3899	0
3900	0
3901	0
3902	0
3903	0
3904	0
3905	0
3906	0
3907	0
3908	0
3909	0
3910	0
3911	0
3912	0
3913	0
3914	0
3915	0
3916	0
3917	0
3918	0
3919	0
3920	0
3921	0
3922	0
3923	0
3924	0
3925	0
3926	0
3927	0
3928	0
3929	0
3930	0
3931	0
3932	0
3933	0
3934	0
3935	0
3936	0
3937	0
3938	0
3939	0
3940	0
3941	0
3942	0
3943	0
3944	0
3945	0
3946	0
3947	0
3948	0
3949	0
3950	0
3951	0
3952	0
3953	0
3954	0
3955	0
3956	0
3957	0
3958	0
3959	0
3960	0
3961	1
3962	0
3963	0
3964	0
3965	0
3966	0
3967	0
3968	0
3969	0
3970	0
3971	0
3972	0
3973	0
3974	0
3975	0
3976	0
3977	0
3978	0
3979	0
3980	0
3981	0
3982	0
3983	0
3984	0
3985	0
3986	0
3987	0
3988	0
3989	0
3990	0
3991	0
3992	0
3993	0
3994	0
3995	0
3996	0
3997	0
3998	0
3999	0
4000	0
