Kanalnummer	Impulse
Kanal/#	Impulse/#

0	0
1	0
2	0
3	0
4	0
5	0
6	0
7	0
8	0
9	0
10	0
11	0
12	0
13	0
14	0
15	0
16	0
17	0
18	0
19	0
20	0
21	0
22	0
23	0
24	0
25	0
26	0
27	0
28	0
29	0
30	0
31	0
32	0
33	0
34	0
35	0
36	0
37	0
38	0
39	0
40	0
41	0
42	0
43	0
44	0
45	0
46	0
47	0
48	0
49	0
50	0
51	0
52	0
53	0
54	0
55	0
56	0
57	0
58	0
59	0
60	0
61	0
62	0
63	0
64	0
65	0
66	0
67	1
68	0
69	0
70	0
71	0
72	1
73	1
74	1
75	0
76	0
77	0
78	4
79	1
80	0
81	0
82	1
83	3
84	1
85	0
86	0
87	2
88	2
89	2
90	2
91	1
92	0
93	0
94	1
95	1
96	0
97	1
98	1
99	3
100	2
101	1
102	1
103	0
104	1
105	0
106	2
107	0
108	0
109	0
110	1
111	1
112	1
113	2
114	4
115	2
116	3
117	1
118	1
119	2
120	0
121	2
122	0
123	0
124	1
125	2
126	0
127	0
128	0
129	0
130	1
131	2
132	2
133	0
134	0
135	0
136	0
137	0
138	1
139	0
140	3
141	2
142	0
143	0
144	0
145	1
146	4
147	0
148	2
149	2
150	0
151	0
152	0
153	1
154	1
155	0
156	1
157	1
158	0
159	2
160	0
161	2
162	1
163	3
164	2
165	2
166	1
167	0
168	1
169	0
170	1
171	2
172	2
173	0
174	0
175	0
176	0
177	0
178	0
179	1
180	0
181	2
182	1
183	1
184	1
185	1
186	1
187	1
188	2
189	1
190	0
191	0
192	2
193	2
194	1
195	3
196	1
197	1
198	0
199	0
200	1
201	0
202	1
203	0
204	1
205	2
206	3
207	1
208	1
209	0
210	0
211	1
212	0
213	0
214	1
215	0
216	1
217	1
218	1
219	1
220	0
221	3
222	2
223	3
224	0
225	0
226	0
227	1
228	0
229	1
230	0
231	0
232	1
233	2
234	1
235	4
236	0
237	1
238	0
239	0
240	2
241	0
242	2
243	0
244	2
245	2
246	0
247	0
248	0
249	2
250	2
251	1
252	0
253	2
254	0
255	1
256	0
257	3
258	1
259	0
260	1
261	1
262	2
263	1
264	0
265	1
266	1
267	0
268	0
269	1
270	1
271	1
272	1
273	2
274	2
275	3
276	1
277	1
278	1
279	1
280	2
281	0
282	0
283	3
284	0
285	1
286	2
287	1
288	0
289	1
290	1
291	0
292	0
293	2
294	3
295	1
296	0
297	1
298	0
299	0
300	3
301	2
302	1
303	1
304	1
305	1
306	1
307	0
308	1
309	0
310	0
311	1
312	3
313	1
314	1
315	1
316	0
317	0
318	0
319	2
320	0
321	1
322	3
323	0
324	1
325	0
326	2
327	0
328	1
329	1
330	1
331	1
332	1
333	4
334	0
335	0
336	1
337	0
338	1
339	0
340	1
341	3
342	0
343	2
344	0
345	1
346	0
347	2
348	2
349	0
350	1
351	0
352	0
353	0
354	2
355	1
356	1
357	0
358	1
359	0
360	1
361	1
362	2
363	1
364	0
365	1
366	0
367	1
368	0
369	1
370	2
371	0
372	3
373	1
374	1
375	1
376	0
377	1
378	1
379	3
380	1
381	0
382	0
383	2
384	0
385	0
386	2
387	1
388	0
389	0
390	1
391	1
392	0
393	1
394	0
395	1
396	1
397	1
398	0
399	2
400	0
401	0
402	0
403	0
404	0
405	0
406	0
407	0
408	0
409	1
410	2
411	2
412	1
413	0
414	0
415	1
416	0
417	1
418	1
419	0
420	2
421	0
422	1
423	1
424	1
425	3
426	3
427	1
428	0
429	2
430	0
431	0
432	3
433	1
434	3
435	0
436	2
437	1
438	0
439	0
440	0
441	1
442	2
443	0
444	1
445	2
446	0
447	2
448	0
449	1
450	0
451	1
452	1
453	0
454	1
455	1
456	0
457	1
458	0
459	1
460	2
461	1
462	2
463	0
464	2
465	1
466	2
467	0
468	2
469	1
470	2
471	0
472	2
473	0
474	1
475	2
476	0
477	1
478	1
479	2
480	0
481	1
482	1
483	1
484	0
485	0
486	0
487	1
488	0
489	1
490	0
491	0
492	2
493	1
494	1
495	1
496	0
497	0
498	2
499	0
500	1
501	1
502	1
503	1
504	0
505	0
506	0
507	0
508	2
509	3
510	2
511	3
512	0
513	2
514	1
515	1
516	0
517	2
518	0
519	0
520	1
521	1
522	1
523	0
524	1
525	1
526	0
527	0
528	1
529	1
530	1
531	0
532	1
533	1
534	2
535	3
536	1
537	2
538	0
539	0
540	1
541	0
542	2
543	0
544	0
545	0
546	0
547	2
548	1
549	1
550	4
551	1
552	0
553	3
554	1
555	0
556	0
557	0
558	1
559	1
560	1
561	0
562	1
563	3
564	1
565	2
566	2
567	2
568	0
569	1
570	0
571	1
572	0
573	2
574	0
575	2
576	0
577	0
578	0
579	2
580	4
581	2
582	2
583	1
584	0
585	0
586	1
587	4
588	0
589	2
590	2
591	2
592	2
593	2
594	2
595	2
596	0
597	2
598	2
599	2
600	0
601	0
602	2
603	2
604	2
605	0
606	3
607	1
608	0
609	0
610	2
611	3
612	1
613	3
614	1
615	0
616	0
617	0
618	0
619	1
620	4
621	3
622	0
623	2
624	0
625	0
626	0
627	0
628	4
629	2
630	1
631	3
632	2
633	1
634	1
635	0
636	1
637	0
638	2
639	1
640	0
641	1
642	2
643	2
644	2
645	0
646	0
647	0
648	0
649	2
650	0
651	1
652	2
653	2
654	2
655	2
656	0
657	2
658	0
659	4
660	1
661	1
662	0
663	2
664	2
665	2
666	0
667	2
668	0
669	2
670	1
671	0
672	1
673	3
674	2
675	0
676	3
677	0
678	0
679	1
680	4
681	4
682	1
683	0
684	1
685	0
686	0
687	2
688	0
689	0
690	1
691	1
692	0
693	1
694	0
695	3
696	0
697	1
698	0
699	2
700	0
701	1
702	4
703	0
704	0
705	0
706	0
707	3
708	0
709	0
710	1
711	2
712	0
713	0
714	1
715	2
716	2
717	1
718	1
719	1
720	1
721	2
722	0
723	1
724	4
725	2
726	3
727	3
728	3
729	0
730	1
731	1
732	3
733	2
734	1
735	1
736	0
737	0
738	3
739	1
740	5
741	1
742	0
743	1
744	1
745	1
746	1
747	1
748	1
749	0
750	0
751	1
752	0
753	2
754	0
755	0
756	1
757	0
758	0
759	2
760	0
761	2
762	2
763	0
764	2
765	1
766	3
767	0
768	1
769	1
770	1
771	1
772	2
773	2
774	0
775	2
776	1
777	1
778	0
779	1
780	1
781	1
782	1
783	3
784	0
785	2
786	0
787	2
788	4
789	1
790	2
791	1
792	1
793	1
794	3
795	0
796	1
797	2
798	1
799	3
800	0
801	1
802	3
803	0
804	2
805	2
806	2
807	0
808	2
809	0
810	2
811	2
812	1
813	3
814	1
815	2
816	0
817	1
818	1
819	2
820	1
821	0
822	0
823	2
824	1
825	2
826	0
827	2
828	2
829	0
830	1
831	0
832	2
833	1
834	1
835	0
836	1
837	0
838	1
839	0
840	2
841	0
842	0
843	1
844	1
845	1
846	1
847	1
848	0
849	0
850	0
851	4
852	1
853	1
854	0
855	2
856	1
857	0
858	0
859	3
860	3
861	1
862	3
863	1
864	0
865	2
866	4
867	1
868	2
869	0
870	0
871	2
872	1
873	3
874	1
875	1
876	1
877	1
878	1
879	1
880	0
881	2
882	0
883	4
884	2
885	0
886	1
887	1
888	2
889	1
890	2
891	2
892	0
893	1
894	1
895	2
896	1
897	0
898	0
899	1
900	0
901	0
902	3
903	0
904	4
905	0
906	2
907	3
908	0
909	2
910	1
911	3
912	1
913	0
914	1
915	2
916	1
917	1
918	1
919	0
920	3
921	2
922	2
923	4
924	1
925	1
926	1
927	2
928	2
929	2
930	2
931	0
932	2
933	3
934	0
935	2
936	1
937	1
938	1
939	3
940	0
941	2
942	1
943	0
944	1
945	0
946	0
947	1
948	2
949	1
950	2
951	2
952	1
953	1
954	2
955	2
956	2
957	2
958	0
959	0
960	3
961	2
962	1
963	0
964	0
965	1
966	2
967	1
968	1
969	2
970	1
971	2
972	1
973	2
974	0
975	0
976	2
977	3
978	0
979	2
980	2
981	1
982	6
983	3
984	0
985	0
986	1
987	0
988	1
989	4
990	1
991	0
992	0
993	1
994	1
995	1
996	2
997	3
998	0
999	1
1000	0
1001	4
1002	1
1003	1
1004	0
1005	0
1006	1
1007	1
1008	0
1009	0
1010	2
1011	1
1012	2
1013	0
1014	1
1015	0
1016	0
1017	1
1018	0
1019	0
1020	0
1021	4
1022	1
1023	4
1024	0
1025	2
1026	1
1027	1
1028	1
1029	2
1030	1
1031	0
1032	3
1033	3
1034	0
1035	0
1036	3
1037	1
1038	0
1039	1
1040	0
1041	0
1042	0
1043	2
1044	0
1045	0
1046	1
1047	3
1048	1
1049	2
1050	1
1051	0
1052	1
1053	1
1054	3
1055	3
1056	1
1057	2
1058	1
1059	1
1060	2
1061	1
1062	1
1063	3
1064	2
1065	2
1066	1
1067	0
1068	1
1069	2
1070	1
1071	2
1072	0
1073	1
1074	2
1075	1
1076	1
1077	1
1078	1
1079	1
1080	1
1081	2
1082	1
1083	5
1084	1
1085	0
1086	0
1087	0
1088	0
1089	0
1090	3
1091	3
1092	0
1093	1
1094	1
1095	1
1096	3
1097	1
1098	0
1099	4
1100	1
1101	0
1102	1
1103	1
1104	2
1105	0
1106	1
1107	2
1108	1
1109	0
1110	1
1111	1
1112	2
1113	1
1114	1
1115	2
1116	0
1117	0
1118	1
1119	1
1120	0
1121	0
1122	1
1123	0
1124	1
1125	0
1126	2
1127	3
1128	2
1129	0
1130	3
1131	0
1132	0
1133	0
1134	3
1135	0
1136	1
1137	1
1138	1
1139	1
1140	2
1141	1
1142	0
1143	0
1144	2
1145	1
1146	0
1147	1
1148	0
1149	3
1150	1
1151	1
1152	1
1153	0
1154	0
1155	2
1156	1
1157	0
1158	0
1159	0
1160	0
1161	1
1162	2
1163	1
1164	2
1165	1
1166	3
1167	0
1168	1
1169	3
1170	0
1171	3
1172	1
1173	1
1174	0
1175	2
1176	3
1177	0
1178	3
1179	4
1180	2
1181	0
1182	1
1183	3
1184	1
1185	1
1186	4
1187	1
1188	2
1189	0
1190	2
1191	3
1192	2
1193	2
1194	0
1195	0
1196	0
1197	1
1198	1
1199	2
1200	2
1201	2
1202	2
1203	0
1204	2
1205	0
1206	0
1207	0
1208	2
1209	2
1210	2
1211	3
1212	2
1213	1
1214	2
1215	3
1216	0
1217	0
1218	3
1219	4
1220	3
1221	1
1222	0
1223	0
1224	1
1225	2
1226	1
1227	1
1228	0
1229	2
1230	2
1231	1
1232	0
1233	1
1234	0
1235	1
1236	1
1237	0
1238	2
1239	1
1240	1
1241	2
1242	2
1243	1
1244	0
1245	0
1246	0
1247	5
1248	0
1249	1
1250	2
1251	2
1252	2
1253	0
1254	5
1255	1
1256	1
1257	0
1258	2
1259	3
1260	2
1261	1
1262	2
1263	2
1264	1
1265	2
1266	1
1267	5
1268	3
1269	1
1270	0
1271	4
1272	3
1273	1
1274	2
1275	0
1276	4
1277	2
1278	0
1279	4
1280	0
1281	3
1282	2
1283	0
1284	1
1285	4
1286	0
1287	1
1288	0
1289	2
1290	4
1291	1
1292	0
1293	2
1294	2
1295	3
1296	3
1297	2
1298	1
1299	4
1300	2
1301	0
1302	2
1303	2
1304	2
1305	0
1306	2
1307	0
1308	1
1309	0
1310	1
1311	0
1312	2
1313	3
1314	1
1315	1
1316	2
1317	2
1318	3
1319	2
1320	0
1321	1
1322	3
1323	0
1324	3
1325	1
1326	3
1327	4
1328	0
1329	1
1330	1
1331	5
1332	0
1333	0
1334	1
1335	1
1336	1
1337	1
1338	1
1339	2
1340	4
1341	0
1342	2
1343	1
1344	1
1345	2
1346	1
1347	0
1348	3
1349	3
1350	3
1351	0
1352	5
1353	0
1354	0
1355	5
1356	1
1357	2
1358	2
1359	1
1360	1
1361	2
1362	1
1363	0
1364	2
1365	2
1366	1
1367	3
1368	1
1369	1
1370	4
1371	1
1372	0
1373	3
1374	3
1375	2
1376	2
1377	1
1378	1
1379	0
1380	1
1381	1
1382	3
1383	0
1384	1
1385	1
1386	2
1387	0
1388	2
1389	1
1390	1
1391	2
1392	1
1393	2
1394	0
1395	2
1396	2
1397	3
1398	1
1399	2
1400	1
1401	1
1402	0
1403	1
1404	1
1405	1
1406	2
1407	1
1408	2
1409	2
1410	3
1411	2
1412	5
1413	1
1414	1
1415	1
1416	3
1417	1
1418	2
1419	1
1420	6
1421	1
1422	2
1423	3
1424	5
1425	5
1426	1
1427	2
1428	3
1429	0
1430	2
1431	1
1432	4
1433	2
1434	0
1435	1
1436	0
1437	1
1438	0
1439	3
1440	2
1441	0
1442	4
1443	1
1444	4
1445	0
1446	2
1447	1
1448	1
1449	1
1450	1
1451	2
1452	3
1453	4
1454	4
1455	2
1456	2
1457	2
1458	3
1459	2
1460	1
1461	6
1462	1
1463	3
1464	0
1465	2
1466	1
1467	2
1468	4
1469	3
1470	2
1471	3
1472	2
1473	0
1474	1
1475	1
1476	3
1477	2
1478	3
1479	3
1480	0
1481	1
1482	1
1483	2
1484	1
1485	1
1486	0
1487	1
1488	3
1489	3
1490	2
1491	3
1492	0
1493	2
1494	1
1495	2
1496	3
1497	5
1498	4
1499	2
1500	4
1501	2
1502	1
1503	3
1504	1
1505	6
1506	2
1507	4
1508	5
1509	0
1510	3
1511	4
1512	5
1513	2
1514	1
1515	1
1516	1
1517	3
1518	2
1519	3
1520	1
1521	7
1522	7
1523	7
1524	4
1525	2
1526	9
1527	4
1528	5
1529	7
1530	6
1531	5
1532	3
1533	3
1534	7
1535	8
1536	7
1537	4
1538	8
1539	3
1540	6
1541	2
1542	6
1543	7
1544	4
1545	7
1546	13
1547	2
1548	7
1549	10
1550	12
1551	8
1552	5
1553	6
1554	4
1555	8
1556	7
1557	4
1558	5
1559	5
1560	9
1561	14
1562	9
1563	7
1564	12
1565	10
1566	10
1567	17
1568	9
1569	8
1570	10
1571	14
1572	15
1573	8
1574	18
1575	7
1576	6
1577	14
1578	13
1579	7
1580	18
1581	18
1582	17
1583	17
1584	19
1585	16
1586	17
1587	13
1588	14
1589	5
1590	23
1591	11
1592	17
1593	20
1594	21
1595	25
1596	18
1597	19
1598	16
1599	15
1600	19
1601	25
1602	17
1603	20
1604	34
1605	11
1606	31
1607	24
1608	22
1609	34
1610	21
1611	18
1612	21
1613	28
1614	29
1615	28
1616	22
1617	28
1618	27
1619	34
1620	26
1621	24
1622	39
1623	22
1624	27
1625	46
1626	26
1627	31
1628	28
1629	29
1630	29
1631	39
1632	24
1633	32
1634	40
1635	34
1636	39
1637	35
1638	45
1639	43
1640	36
1641	46
1642	27
1643	53
1644	42
1645	39
1646	53
1647	39
1648	23
1649	46
1650	47
1651	64
1652	55
1653	39
1654	50
1655	46
1656	37
1657	50
1658	42
1659	53
1660	48
1661	49
1662	58
1663	53
1664	41
1665	62
1666	61
1667	53
1668	68
1669	48
1670	72
1671	51
1672	57
1673	65
1674	46
1675	69
1676	69
1677	55
1678	62
1679	49
1680	63
1681	60
1682	55
1683	58
1684	71
1685	44
1686	79
1687	58
1688	62
1689	76
1690	49
1691	58
1692	55
1693	60
1694	77
1695	76
1696	58
1697	74
1698	84
1699	62
1700	98
1701	65
1702	85
1703	74
1704	80
1705	84
1706	74
1707	78
1708	80
1709	100
1710	84
1711	50
1712	87
1713	75
1714	76
1715	105
1716	92
1717	64
1718	105
1719	68
1720	67
1721	110
1722	72
1723	125
1724	82
1725	92
1726	98
1727	66
1728	83
1729	122
1730	104
1731	108
1732	96
1733	83
1734	116
1735	75
1736	108
1737	118
1738	92
1739	108
1740	137
1741	97
1742	81
1743	109
1744	106
1745	110
1746	105
1747	116
1748	111
1749	97
1750	135
1751	85
1752	120
1753	124
1754	110
1755	97
1756	105
1757	99
1758	120
1759	138
1760	101
1761	128
1762	109
1763	106
1764	143
1765	91
1766	165
1767	134
1768	101
1769	122
1770	112
1771	114
1772	131
1773	111
1774	114
1775	115
1776	95
1777	123
1778	139
1779	154
1780	124
1781	90
1782	157
1783	122
1784	120
1785	158
1786	100
1787	141
1788	140
1789	135
1790	151
1791	150
1792	118
1793	135
1794	136
1795	145
1796	177
1797	98
1798	137
1799	99
1800	134
1801	158
1802	110
1803	122
1804	130
1805	145
1806	132
1807	107
1808	120
1809	142
1810	126
1811	130
1812	113
1813	99
1814	140
1815	87
1816	137
1817	128
1818	99
1819	125
1820	128
1821	101
1822	124
1823	113
1824	114
1825	153
1826	124
1827	125
1828	161
1829	84
1830	161
1831	127
1832	97
1833	143
1834	96
1835	115
1836	130
1837	117
1838	143
1839	93
1840	127
1841	125
1842	126
1843	136
1844	138
1845	99
1846	116
1847	106
1848	87
1849	116
1850	96
1851	110
1852	103
1853	92
1854	115
1855	112
1856	78
1857	113
1858	103
1859	89
1860	112
1861	87
1862	126
1863	59
1864	81
1865	131
1866	86
1867	74
1868	94
1869	97
1870	84
1871	67
1872	65
1873	72
1874	57
1875	103
1876	84
1877	60
1878	104
1879	46
1880	68
1881	69
1882	69
1883	71
1884	68
1885	68
1886	58
1887	67
1888	57
1889	51
1890	58
1891	54
1892	68
1893	52
1894	65
1895	48
1896	44
1897	69
1898	37
1899	42
1900	53
1901	43
1902	40
1903	56
1904	45
1905	44
1906	35
1907	54
1908	57
1909	31
1910	50
1911	34
1912	40
1913	47
1914	37
1915	37
1916	33
1917	39
1918	37
1919	44
1920	36
1921	38
1922	30
1923	33
1924	45
1925	29
1926	42
1927	23
1928	37
1929	36
1930	28
1931	31
1932	36
1933	29
1934	25
1935	15
1936	40
1937	25
1938	31
1939	33
1940	32
1941	21
1942	28
1943	23
1944	29
1945	32
1946	21
1947	24
1948	28
1949	24
1950	21
1951	25
1952	27
1953	23
1954	28
1955	26
1956	28
1957	17
1958	31
1959	12
1960	16
1961	26
1962	24
1963	22
1964	17
1965	15
1966	20
1967	20
1968	26
1969	21
1970	16
1971	21
1972	31
1973	23
1974	28
1975	16
1976	18
1977	22
1978	15
1979	27
1980	22
1981	26
1982	28
1983	19
1984	22
1985	22
1986	23
1987	17
1988	13
1989	23
1990	23
1991	16
1992	27
1993	26
1994	21
1995	23
1996	24
1997	24
1998	18
1999	15
2000	27
2001	17
2002	18
2003	14
2004	27
2005	14
2006	33
2007	20
2008	19
2009	18
2010	24
2011	13
2012	21
2013	9
2014	22
2015	22
2016	22
2017	23
2018	21
2019	23
2020	29
2021	19
2022	32
2023	15
2024	18
2025	23
2026	16
2027	14
2028	33
2029	24
2030	27
2031	15
2032	25
2033	22
2034	20
2035	23
2036	22
2037	20
2038	37
2039	17
2040	22
2041	30
2042	20
2043	13
2044	24
2045	13
2046	21
2047	24
2048	25
2049	22
2050	24
2051	17
2052	19
2053	22
2054	25
2055	19
2056	17
2057	18
2058	15
2059	11
2060	22
2061	18
2062	14
2063	16
2064	20
2065	23
2066	21
2067	20
2068	13
2069	11
2070	19
2071	16
2072	15
2073	24
2074	15
2075	18
2076	22
2077	19
2078	25
2079	11
2080	10
2081	16
2082	15
2083	15
2084	16
2085	14
2086	26
2087	20
2088	6
2089	15
2090	16
2091	18
2092	14
2093	15
2094	10
2095	11
2096	11
2097	17
2098	11
2099	15
2100	14
2101	9
2102	6
2103	12
2104	11
2105	14
2106	7
2107	17
2108	8
2109	7
2110	12
2111	9
2112	12
2113	15
2114	9
2115	9
2116	8
2117	6
2118	11
2119	6
2120	10
2121	4
2122	9
2123	4
2124	10
2125	12
2126	6
2127	12
2128	4
2129	10
2130	8
2131	6
2132	5
2133	6
2134	7
2135	7
2136	10
2137	7
2138	5
2139	4
2140	4
2141	6
2142	3
2143	6
2144	8
2145	4
2146	7
2147	4
2148	5
2149	6
2150	3
2151	2
2152	2
2153	2
2154	4
2155	3
2156	5
2157	2
2158	7
2159	4
2160	0
2161	1
2162	3
2163	3
2164	3
2165	0
2166	4
2167	1
2168	0
2169	2
2170	1
2171	4
2172	4
2173	6
2174	5
2175	0
2176	2
2177	1
2178	4
2179	0
2180	2
2181	3
2182	2
2183	0
2184	2
2185	2
2186	1
2187	4
2188	5
2189	0
2190	2
2191	2
2192	3
2193	1
2194	4
2195	1
2196	4
2197	2
2198	2
2199	0
2200	0
2201	1
2202	3
2203	0
2204	2
2205	1
2206	2
2207	0
2208	0
2209	0
2210	2
2211	0
2212	2
2213	1
2214	2
2215	2
2216	0
2217	0
2218	0
2219	1
2220	0
2221	0
2222	0
2223	0
2224	1
2225	0
2226	1
2227	0
2228	0
2229	0
2230	1
2231	0
2232	0
2233	1
2234	0
2235	0
2236	1
2237	0
2238	0
2239	0
2240	1
2241	1
2242	0
2243	0
2244	2
2245	0
2246	0
2247	0
2248	0
2249	1
2250	0
2251	0
2252	2
2253	0
2254	0
2255	1
2256	0
2257	0
2258	0
2259	0
2260	2
2261	0
2262	1
2263	0
2264	0
2265	0
2266	0
2267	0
2268	0
2269	0
2270	0
2271	0
2272	1
2273	0
2274	0
2275	0
2276	0
2277	0
2278	0
2279	0
2280	0
2281	0
2282	0
2283	1
2284	0
2285	1
2286	1
2287	0
2288	0
2289	0
2290	0
2291	0
2292	0
2293	0
2294	0
2295	0
2296	0
2297	0
2298	0
2299	0
2300	1
2301	1
2302	0
2303	0
2304	1
2305	1
2306	0
2307	0
2308	0
2309	0
2310	0
2311	0
2312	0
2313	0
2314	0
2315	0
2316	0
2317	0
2318	0
2319	0
2320	0
2321	0
2322	0
2323	0
2324	0
2325	0
2326	0
2327	0
2328	0
2329	2
2330	0
2331	0
2332	1
2333	0
2334	1
2335	0
2336	2
2337	0
2338	1
2339	0
2340	1
2341	0
2342	1
2343	0
2344	0
2345	0
2346	0
2347	0
2348	0
2349	0
2350	0
2351	0
2352	0
2353	0
2354	0
2355	2
2356	0
2357	0
2358	0
2359	0
2360	0
2361	0
2362	0
2363	0
2364	0
2365	1
2366	0
2367	0
2368	0
2369	0
2370	0
2371	0
2372	0
2373	0
2374	0
2375	0
2376	1
2377	0
2378	0
2379	0
2380	0
2381	0
2382	0
2383	0
2384	0
2385	1
2386	0
2387	1
2388	0
2389	0
2390	0
2391	0
2392	1
2393	0
2394	0
2395	0
2396	0
2397	0
2398	0
2399	0
2400	0
2401	0
2402	0
2403	0
2404	0
2405	0
2406	0
2407	1
2408	0
2409	0
2410	0
2411	0
2412	0
2413	0
2414	0
2415	0
2416	0
2417	0
2418	0
2419	1
2420	0
2421	0
2422	0
2423	0
2424	0
2425	0
2426	0
2427	1
2428	0
2429	1
2430	1
2431	0
2432	1
2433	0
2434	0
2435	0
2436	0
2437	0
2438	0
2439	0
2440	0
2441	0
2442	0
2443	0
2444	0
2445	0
2446	1
2447	0
2448	0
2449	0
2450	0
2451	0
2452	0
2453	0
2454	0
2455	0
2456	0
2457	1
2458	0
2459	0
2460	1
2461	1
2462	0
2463	0
2464	0
2465	0
2466	0
2467	0
2468	0
2469	0
2470	0
2471	0
2472	0
2473	0
2474	0
2475	0
2476	1
2477	0
2478	0
2479	1
2480	0
2481	1
2482	0
2483	0
2484	0
2485	0
2486	0
2487	0
2488	1
2489	0
2490	0
2491	0
2492	0
2493	0
2494	0
2495	1
2496	0
2497	0
2498	0
2499	0
2500	0
2501	0
2502	0
2503	0
2504	0
2505	0
2506	0
2507	0
2508	0
2509	1
2510	0
2511	0
2512	0
2513	0
2514	0
2515	1
2516	1
2517	0
2518	0
2519	0
2520	0
2521	0
2522	0
2523	0
2524	0
2525	0
2526	0
2527	0
2528	0
2529	0
2530	0
2531	0
2532	0
2533	0
2534	0
2535	0
2536	0
2537	0
2538	1
2539	0
2540	0
2541	0
2542	1
2543	0
2544	0
2545	0
2546	0
2547	0
2548	0
2549	0
2550	0
2551	1
2552	0
2553	0
2554	0
2555	0
2556	0
2557	0
2558	0
2559	0
2560	0
2561	0
2562	0
2563	0
2564	1
2565	0
2566	0
2567	0
2568	0
2569	0
2570	0
2571	0
2572	0
2573	0
2574	0
2575	0
2576	0
2577	0
2578	0
2579	0
2580	0
2581	0
2582	0
2583	0
2584	0
2585	0
2586	0
2587	1
2588	1
2589	0
2590	0
2591	0
2592	0
2593	0
2594	1
2595	0
2596	0
2597	0
2598	0
2599	0
2600	0
2601	0
2602	0
2603	0
2604	0
2605	0
2606	0
2607	0
2608	1
2609	1
2610	0
2611	0
2612	0
2613	0
2614	0
2615	0
2616	1
2617	0
2618	0
2619	0
2620	0
2621	2
2622	0
2623	0
2624	0
2625	0
2626	0
2627	0
2628	0
2629	1
2630	0
2631	0
2632	0
2633	0
2634	0
2635	0
2636	1
2637	0
2638	0
2639	1
2640	0
2641	0
2642	0
2643	0
2644	0
2645	0
2646	1
2647	0
2648	1
2649	0
2650	0
2651	1
2652	0
2653	0
2654	0
2655	0
2656	0
2657	1
2658	0
2659	0
2660	0
2661	0
2662	0
2663	0
2664	0
2665	0
2666	0
2667	0
2668	0
2669	0
2670	0
2671	0
2672	0
2673	0
2674	0
2675	0
2676	0
2677	0
2678	0
2679	0
2680	0
2681	0
2682	0
2683	0
2684	0
2685	0
2686	1
2687	1
2688	0
2689	0
2690	0
2691	0
2692	0
2693	0
2694	0
2695	1
2696	0
2697	0
2698	0
2699	0
2700	0
2701	0
2702	1
2703	0
2704	0
2705	0
2706	0
2707	0
2708	0
2709	0
2710	0
2711	0
2712	0
2713	0
2714	1
2715	0
2716	0
2717	0
2718	0
2719	0
2720	0
2721	0
2722	0
2723	0
2724	0
2725	1
2726	0
2727	0
2728	0
2729	1
2730	0
2731	0
2732	0
2733	0
2734	0
2735	0
2736	0
2737	1
2738	0
2739	0
2740	0
2741	1
2742	1
2743	0
2744	0
2745	0
2746	0
2747	0
2748	0
2749	0
2750	0
2751	0
2752	0
2753	1
2754	0
2755	0
2756	0
2757	0
2758	0
2759	1
2760	0
2761	0
2762	0
2763	0
2764	0
2765	1
2766	2
2767	0
2768	0
2769	0
2770	0
2771	0
2772	0
2773	0
2774	0
2775	2
2776	0
2777	0
2778	0
2779	0
2780	1
2781	0
2782	1
2783	0
2784	0
2785	0
2786	0
2787	0
2788	0
2789	0
2790	0
2791	0
2792	0
2793	0
2794	0
2795	0
2796	0
2797	0
2798	0
2799	1
2800	0
2801	0
2802	0
2803	0
2804	0
2805	0
2806	0
2807	0
2808	0
2809	0
2810	0
2811	0
2812	0
2813	0
2814	0
2815	0
2816	0
2817	0
2818	0
2819	0
2820	0
2821	0
2822	0
2823	1
2824	0
2825	0
2826	1
2827	0
2828	0
2829	0
2830	0
2831	0
2832	0
2833	0
2834	0
2835	0
2836	0
2837	1
2838	0
2839	0
2840	0
2841	1
2842	0
2843	0
2844	0
2845	0
2846	0
2847	0
2848	1
2849	0
2850	0
2851	0
2852	0
2853	0
2854	1
2855	0
2856	0
2857	0
2858	0
2859	0
2860	0
2861	2
2862	0
2863	0
2864	1
2865	0
2866	0
2867	0
2868	0
2869	0
2870	0
2871	0
2872	0
2873	0
2874	0
2875	0
2876	0
2877	0
2878	0
2879	0
2880	0
2881	0
2882	0
2883	0
2884	0
2885	0
2886	0
2887	0
2888	0
2889	0
2890	0
2891	0
2892	0
2893	1
2894	0
2895	0
2896	0
2897	0
2898	0
2899	1
2900	0
2901	0
2902	0
2903	0
2904	0
2905	0
2906	0
2907	0
2908	1
2909	0
2910	0
2911	0
2912	0
2913	0
2914	0
2915	0
2916	0
2917	0
2918	0
2919	0
2920	0
2921	0
2922	0
2923	0
2924	1
2925	0
2926	0
2927	0
2928	0
2929	0
2930	0
2931	0
2932	0
2933	0
2934	1
2935	0
2936	0
2937	0
2938	0
2939	0
2940	0
2941	0
2942	0
2943	1
2944	0
2945	1
2946	0
2947	0
2948	0
2949	0
2950	0
2951	0
2952	0
2953	0
2954	0
2955	0
2956	0
2957	0
2958	0
2959	0
2960	0
2961	1
2962	0
2963	0
2964	0
2965	0
2966	0
2967	0
2968	0
2969	0
2970	0
2971	0
2972	0
2973	0
2974	0
2975	0
2976	0
2977	0
2978	0
2979	0
2980	0
2981	0
2982	0
2983	0
2984	0
2985	0
2986	0
2987	0
2988	0
2989	0
2990	0
2991	0
2992	0
2993	0
2994	0
2995	0
2996	0
2997	0
2998	1
2999	0
3000	0
3001	0
3002	0
3003	0
3004	0
3005	0
3006	0
3007	0
3008	0
3009	0
3010	0
3011	0
3012	0
3013	0
3014	0
3015	0
3016	0
3017	0
3018	0
3019	0
3020	0
3021	0
3022	0
3023	0
3024	0
3025	0
3026	0
3027	0
3028	0
3029	0
3030	0
3031	0
3032	0
3033	0
3034	0
3035	0
3036	0
3037	1
3038	0
3039	0
3040	0
3041	0
3042	0
3043	0
3044	0
3045	0
3046	0
3047	0
3048	0
3049	0
3050	0
3051	0
3052	0
3053	1
3054	0
3055	0
3056	0
3057	0
3058	1
3059	0
3060	0
3061	0
3062	0
3063	0
3064	0
3065	0
3066	0
3067	0
3068	0
3069	0
3070	0
3071	0
3072	0
3073	0
3074	0
3075	0
3076	0
3077	0
3078	0
3079	0
3080	0
3081	0
3082	0
3083	0
3084	0
3085	0
3086	0
3087	1
3088	0
3089	0
3090	0
3091	0
3092	0
3093	0
3094	0
3095	0
3096	0
3097	0
3098	0
3099	0
3100	1
3101	0
3102	0
3103	0
3104	0
3105	0
3106	0
3107	0
3108	0
3109	0
3110	0
3111	0
3112	0
3113	0
3114	0
3115	0
3116	0
3117	0
3118	0
3119	0
3120	1
3121	0
3122	0
3123	0
3124	0
3125	0
3126	0
3127	0
3128	0
3129	0
3130	1
3131	0
3132	1
3133	0
3134	0
3135	0
3136	0
3137	0
3138	0
3139	0
3140	0
3141	0
3142	0
3143	0
3144	0
3145	0
3146	0
3147	0
3148	0
3149	1
3150	0
3151	0
3152	0
3153	0
3154	0
3155	0
3156	0
3157	0
3158	0
3159	0
3160	0
3161	0
3162	0
3163	0
3164	0
3165	0
3166	0
3167	0
3168	2
3169	0
3170	0
3171	0
3172	0
3173	0
3174	0
3175	0
3176	0
3177	0
3178	0
3179	0
3180	0
3181	0
3182	0
3183	1
3184	0
3185	1
3186	0
3187	0
3188	0
3189	0
3190	0
3191	0
3192	0
3193	0
3194	0
3195	0
3196	0
3197	1
3198	0
3199	1
3200	0
3201	0
3202	0
3203	0
3204	0
3205	0
3206	0
3207	0
3208	0
3209	0
3210	0
3211	0
3212	0
3213	1
3214	0
3215	0
3216	0
3217	0
3218	0
3219	0
3220	0
3221	0
3222	0
3223	0
3224	0
3225	0
3226	0
3227	0
3228	0
3229	0
3230	0
3231	0
3232	0
3233	0
3234	0
3235	0
3236	0
3237	0
3238	0
3239	0
3240	0
3241	0
3242	0
3243	0
3244	0
3245	1
3246	0
3247	0
3248	0
3249	0
3250	0
3251	2
3252	0
3253	0
3254	0
3255	1
3256	0
3257	0
3258	0
3259	0
3260	0
3261	0
3262	0
3263	0
3264	0
3265	0
3266	0
3267	0
3268	0
3269	0
3270	0
3271	0
3272	0
3273	0
3274	0
3275	0
3276	0
3277	0
3278	0
3279	0
3280	0
3281	0
3282	0
3283	0
3284	1
3285	0
3286	0
3287	0
3288	0
3289	0
3290	0
3291	0
3292	1
3293	0
3294	0
3295	1
3296	0
3297	0
3298	0
3299	0
3300	0
3301	0
3302	0
3303	0
3304	0
3305	0
3306	0
3307	0
3308	0
3309	1
3310	0
3311	0
3312	0
3313	0
3314	0
3315	0
3316	0
3317	0
3318	0
3319	0
3320	0
3321	0
3322	0
3323	0
3324	0
3325	0
3326	0
3327	0
3328	1
3329	0
3330	1
3331	0
3332	0
3333	0
3334	0
3335	0
3336	0
3337	0
3338	0
3339	0
3340	0
3341	0
3342	0
3343	0
3344	0
3345	0
3346	0
3347	0
3348	0
3349	0
3350	0
3351	0
3352	0
3353	0
3354	0
3355	0
3356	0
3357	0
3358	1
3359	0
3360	0
3361	0
3362	0
3363	0
3364	0
3365	0
3366	2
3367	0
3368	0
3369	0
3370	0
3371	0
3372	0
3373	0
3374	0
3375	0
3376	0
3377	0
3378	0
3379	0
3380	0
3381	0
3382	0
3383	0
3384	0
3385	0
3386	0
3387	0
3388	0
3389	0
3390	0
3391	0
3392	0
3393	0
3394	0
3395	0
3396	0
3397	0
3398	0
3399	0
3400	0
3401	0
3402	0
3403	0
3404	0
3405	0
3406	0
3407	0
3408	0
3409	0
3410	0
3411	0
3412	0
3413	0
3414	0
3415	0
3416	0
3417	0
3418	1
3419	1
3420	0
3421	0
3422	0
3423	1
3424	0
3425	0
3426	0
3427	0
3428	0
3429	0
3430	0
3431	1
3432	0
3433	0
3434	0
3435	0
3436	0
3437	0
3438	0
3439	0
3440	0
3441	0
3442	1
3443	0
3444	0
3445	0
3446	0
3447	0
3448	0
3449	1
3450	0
3451	0
3452	0
3453	0
3454	0
3455	0
3456	0
3457	0
3458	0
3459	0
3460	1
3461	0
3462	0
3463	0
3464	0
3465	0
3466	0
3467	0
3468	0
3469	0
3470	0
3471	0
3472	0
3473	0
3474	0
3475	0
3476	0
3477	0
3478	0
3479	0
3480	0
3481	0
3482	0
3483	0
3484	0
3485	0
3486	0
3487	0
3488	0
3489	0
3490	0
3491	0
3492	0
3493	0
3494	0
3495	0
3496	0
3497	0
3498	0
3499	0
3500	0
3501	0
3502	0
3503	0
3504	0
3505	0
3506	0
3507	0
3508	0
3509	0
3510	0
3511	0
3512	0
3513	0
3514	0
3515	1
3516	0
3517	0
3518	0
3519	0
3520	0
3521	0
3522	0
3523	0
3524	0
3525	0
3526	0
3527	0
3528	0
3529	1
3530	0
3531	0
3532	0
3533	0
3534	1
3535	0
3536	0
3537	0
3538	0
3539	0
3540	0
3541	0
3542	0
3543	0
3544	0
3545	0
3546	0
3547	0
3548	0
3549	0
3550	0
3551	0
3552	0
3553	0
3554	0
3555	0
3556	0
3557	0
3558	0
3559	0
3560	0
3561	0
3562	0
3563	0
3564	0
3565	1
3566	0
3567	0
3568	0
3569	0
3570	0
3571	0
3572	0
3573	1
3574	0
3575	0
3576	0
3577	0
3578	0
3579	0
3580	0
3581	0
3582	0
3583	0
3584	0
3585	0
3586	0
3587	0
3588	0
3589	0
3590	0
3591	0
3592	0
3593	1
3594	0
3595	0
3596	0
3597	0
3598	0
3599	0
3600	0
3601	0
3602	0
3603	0
3604	1
3605	0
3606	0
3607	0
3608	0
3609	0
3610	1
3611	0
3612	0
3613	0
3614	0
3615	0
3616	0
3617	0
3618	0
3619	1
3620	0
3621	0
3622	0
3623	0
3624	0
3625	0
3626	1
3627	0
3628	0
3629	0
3630	0
3631	0
3632	0
3633	0
3634	0
3635	0
3636	0
3637	0
3638	0
3639	0
3640	0
3641	0
3642	0
3643	0
3644	0
3645	0
3646	0
3647	0
3648	0
3649	0
3650	0
3651	0
3652	0
3653	0
3654	0
3655	0
3656	0
3657	0
3658	0
3659	0
3660	2
3661	0
3662	0
3663	0
3664	0
3665	0
3666	0
3667	0
3668	0
3669	0
3670	0
3671	0
3672	1
3673	0
3674	0
3675	0
3676	0
3677	0
3678	0
3679	0
3680	0
3681	0
3682	0
3683	0
3684	0
3685	0
3686	0
3687	0
3688	0
3689	1
3690	0
3691	0
3692	0
3693	0
3694	0
3695	0
3696	0
3697	0
3698	1
3699	0
3700	0
3701	0
3702	0
3703	0
3704	0
3705	0
3706	0
3707	0
3708	0
3709	0
3710	0
3711	0
3712	1
3713	0
3714	0
3715	0
3716	0
3717	0
3718	1
3719	0
3720	0
3721	0
3722	0
3723	0
3724	0
3725	0
3726	0
3727	0
3728	0
3729	1
3730	0
3731	0
3732	0
3733	0
3734	0
3735	0
3736	0
3737	0
3738	0
3739	0
3740	0
3741	0
3742	0
3743	0
3744	0
3745	0
3746	0
3747	0
3748	0
3749	0
3750	0
3751	0
3752	0
3753	0
3754	0
3755	0
3756	0
3757	0
3758	0
3759	0
3760	1
3761	0
3762	0
3763	0
3764	0
3765	0
3766	0
3767	0
3768	0
3769	0
3770	0
3771	1
3772	0
3773	0
3774	0
3775	1
3776	1
3777	0
3778	0
3779	0
3780	0
3781	1
3782	0
3783	0
3784	0
3785	0
3786	0
3787	0
3788	1
3789	0
3790	0
3791	0
3792	0
3793	0
3794	0
3795	0
3796	0
3797	0
3798	0
3799	0
3800	2
3801	0
3802	0
3803	0
3804	0
3805	0
3806	0
3807	0
3808	0
3809	1
3810	0
3811	1
3812	1
3813	0
3814	0
3815	0
3816	1
3817	1
3818	1
3819	0
3820	0
3821	0
3822	0
3823	0
3824	0
3825	1
3826	0
3827	0
3828	0
3829	0
3830	0
3831	0
3832	0
3833	0
3834	0
3835	0
3836	0
3837	0
3838	0
3839	0
3840	0
3841	0
3842	0
3843	0
3844	0
3845	0
3846	0
3847	0
3848	0
3849	0
3850	0
3851	0
3852	0
3853	0
3854	0
3855	0
3856	0
3857	0
3858	1
3859	0
3860	0
3861	0
3862	0
3863	0
3864	0
3865	0
3866	0
3867	0
3868	0
3869	0
3870	0
3871	0
3872	0
3873	0
3874	0
3875	0
3876	1
3877	0
3878	0
3879	0
3880	0
3881	0
3882	0
3883	0
3884	1
3885	1
3886	0
3887	1
3888	0
3889	0
3890	1
3891	0
3892	0
3893	0
3894	0
3895	0
3896	0
3897	0
3898	0
3899	0
3900	0
3901	0
3902	0
3903	0
3904	1
3905	0
3906	0
3907	0
3908	0
3909	0
3910	1
3911	0
3912	0
3913	0
3914	0
3915	0
3916	0
3917	0
3918	0
3919	0
3920	0
3921	0
3922	0
3923	0
3924	0
3925	0
3926	0
3927	0
3928	0
3929	1
3930	0
3931	0
3932	0
3933	0
3934	0
3935	0
3936	0
3937	1
3938	0
3939	0
3940	0
3941	0
3942	0
3943	0
3944	0
3945	0
3946	0
3947	0
3948	0
3949	1
3950	1
3951	0
3952	0
3953	0
3954	0
3955	0
3956	0
3957	0
3958	0
3959	0
3960	1
3961	0
3962	0
3963	0
3964	0
3965	0
3966	0
3967	0
3968	0
3969	0
3970	0
3971	0
3972	0
3973	0
3974	0
3975	0
3976	0
3977	0
3978	0
3979	0
3980	0
3981	0
3982	0
3983	0
3984	0
3985	0
3986	0
3987	0
3988	0
3989	0
3990	0
3991	0
3992	0
3993	0
3994	0
3995	0
3996	0
3997	0
3998	0
3999	0
4000	0
