Kanalnummer	Impulse	Fit(Impulse)
Kanal/#	Impulse/#	Impulse/#

0	0	0
1	0	0
2	0	0
3	0	0
4	0	0
5	0	0
6	0	0
7	0	0
8	0	0
9	0	0
10	0	0
11	0	0
12	0	0
13	0	0
14	0	0
15	0	0
16	0	0
17	0	0
18	0	0
19	0	0
20	0	0
21	0	0
22	0	0
23	0	0
24	0	0
25	0	0
26	0	0
27	0	0
28	0	0
29	0	0
30	0	0
31	0	0
32	0	0
33	0	0
34	0	0
35	0	0
36	0	0
37	0	0
38	0	0
39	0	0
40	0	0
41	0	0
42	0	0
43	0	0
44	0	0
45	0	0
46	0	0
47	0	0
48	0	0
49	0	0
50	0	0
51	0	0
52	0	0
53	0	0
54	0	0
55	0	0
56	0	0
57	0	0
58	0	0
59	1	0
60	1	0
61	0	0
62	0	0
63	3	0
64	1	0
65	1	0
66	0	0
67	3	0
68	1	0
69	2	0
70	4	0
71	5	0
72	2	0
73	2	0
74	5	0
75	3	0
76	1	0
77	4	0
78	2	0
79	4	0
80	3	0
81	2	0
82	2	0
83	6	0
84	4	0
85	4	0
86	5	0
87	4	0
88	3	0
89	2	0
90	4	0
91	4	0
92	7	0
93	5	0
94	2	0
95	4	0
96	2	0
97	5	0
98	8	0
99	5	0
100	1	0
101	6	0
102	4	0
103	4	0
104	5	0
105	8	0
106	1	0
107	0	0
108	0	0
109	2	0
110	2	0
111	2	0
112	3	0
113	1	0
114	7	0
115	3	0
116	2	0
117	3	0
118	2	0
119	3	0
120	2	0
121	3	0
122	1	0
123	9	0
124	1	0
125	3	0
126	5	0
127	5	0
128	3	0
129	6	0
130	6	0
131	1	0
132	0	0
133	1	0
134	3	0
135	4	0
136	3	0
137	3	0
138	3	0
139	3	0
140	4	0
141	5	0
142	3	0
143	3	0
144	3	0
145	2	0
146	3	0
147	4	0
148	5	0
149	2	0
150	5	0
151	4	0
152	4	0
153	4	0
154	3	0
155	4	0
156	5	0
157	7	0
158	4	0
159	3	0
160	4	0
161	1	0
162	2	0
163	3	0
164	7	0
165	4	0
166	4	0
167	3	0
168	3	0
169	6	0
170	3	0
171	2	0
172	4	0
173	2	0
174	1	0
175	4	0
176	3	0
177	7	0
178	3	0
179	2	0
180	4	0
181	3	0
182	3	0
183	7	0
184	5	0
185	5	0
186	6	0
187	5	0
188	3	0
189	2	0
190	3	0
191	5	0
192	2	0
193	3	0
194	4	0
195	4	0
196	4	0
197	2	0
198	4	0
199	3	0
200	7	0
201	0	0
202	2	0
203	1	0
204	2	0
205	5	0
206	6	0
207	8	0
208	1	0
209	5	0
210	4	0
211	3	0
212	3	0
213	2	0
214	2	0
215	5	0
216	0	0
217	5	0
218	6	0
219	3	0
220	4	0
221	7	0
222	5	0
223	5	0
224	8	0
225	3	0
226	5	0
227	3	0
228	2	0
229	2	0
230	3	0
231	3	0
232	7	0
233	3	0
234	3	0
235	2	0
236	3	0
237	3	0
238	6	0
239	1	0
240	4	0
241	3	0
242	4	0
243	3	0
244	4	0
245	3	0
246	2	0
247	3	0
248	5	0
249	7	0
250	2	0
251	6	0
252	3	0
253	5	0
254	2	0
255	3	0
256	2	0
257	3	0
258	3	0
259	5	0
260	6	0
261	1	0
262	5	0
263	4	0
264	3	0
265	4	0
266	5	0
267	3	0
268	5	0
269	5	0
270	1	0
271	5	0
272	1	0
273	2	0
274	3	0
275	3	0
276	1	0
277	5	0
278	2	0
279	4	0
280	6	0
281	0	0
282	1	0
283	4	0
284	3	0
285	3	0
286	3	0
287	4	0
288	3	0
289	4	0
290	7	0
291	3	0
292	5	0
293	2	0
294	5	0
295	7	0
296	5	0
297	3	0
298	4	0
299	3	0
300	4	0
301	3	0
302	5	0
303	1	0
304	3	0
305	1	0
306	3	0
307	6	0
308	4	0
309	3	0
310	2	0
311	4	0
312	6	0
313	3	0
314	5	0
315	2	0
316	7	0
317	3	0
318	3	0
319	4	0
320	3	0
321	4	0
322	3	0
323	0	0
324	4	0
325	6	0
326	2	0
327	2	0
328	2	0
329	7	0
330	5	0
331	5	0
332	4	0
333	5	0
334	5	0
335	7	0
336	5	0
337	4	0
338	1	0
339	1	0
340	5	0
341	3	0
342	6	0
343	3	0
344	3	0
345	2	0
346	3	0
347	4	0
348	5	0
349	6	0
350	4	0
351	4	0
352	4	0
353	6	0
354	4	0
355	6	0
356	6	0
357	6	0
358	5	0
359	3	0
360	3	0
361	5	0
362	4	0
363	4	0
364	2	0
365	1	0
366	4	0
367	6	0
368	1	0
369	4	0
370	2	0
371	6	0
372	6	0
373	1	0
374	0	0
375	5	0
376	7	0
377	4	0
378	8	0
379	9	0
380	3	0
381	8	0
382	8	0
383	6	0
384	4	0
385	10	0
386	8	0
387	4	0
388	5	0
389	7	0
390	7	0
391	2	0
392	4	0
393	4	0
394	7	0
395	8	0
396	4	0
397	6	0
398	9	0
399	8	0
400	4	0
401	7	0
402	4	0
403	13	0
404	6	0
405	5	0
406	7	0
407	5	0
408	6	0
409	4	0
410	4	0
411	5	0
412	3	0
413	4	0
414	7	0
415	7	0
416	5	0
417	6	0
418	7	0
419	4	0
420	5	0
421	4	0
422	8	0
423	5	0
424	4	0
425	3	0
426	6	0
427	7	0
428	5	0
429	4	0
430	2	0
431	4	0
432	12	0
433	4	0
434	6	0
435	7	0
436	4	0
437	4	0
438	8	0
439	6	0
440	6	0
441	4	0
442	5	0
443	5	0
444	4	0
445	8	0
446	3	0
447	9	0
448	5	0
449	5	0
450	5	0
451	3	0
452	3	0
453	3	0
454	5	0
455	5	0
456	6	0
457	1	0
458	4	0
459	3	0
460	6	0
461	7	0
462	7	0
463	4	0
464	2	0
465	2	0
466	5	0
467	7	0
468	3	0
469	6	0
470	5	0
471	2	0
472	6	0
473	5	0
474	3	0
475	5	0
476	5	0
477	7	0
478	5	0
479	8	0
480	6	0
481	3	0
482	3	0
483	4	0
484	3	0
485	1	0
486	9	0
487	5	0
488	4	0
489	1	0
490	2	0
491	5	0
492	3	0
493	4	0
494	1	0
495	2	0
496	5	0
497	5	0
498	6	0
499	4	0
500	2	0
501	3	0
502	3	0
503	4	0
504	3	0
505	4	0
506	5	0
507	8	0
508	2	0
509	3	0
510	7	0
511	7	0
512	1	0
513	1	0
514	3	0
515	2	0
516	4	0
517	2	0
518	3	0
519	3	0
520	6	0
521	7	0
522	6	0
523	7	0
524	7	0
525	5	0
526	5	0
527	5	0
528	1	0
529	1	0
530	6	0
531	4	0
532	2	0
533	1	0
534	4	0
535	2	0
536	3	0
537	3	0
538	2	0
539	6	0
540	2	0
541	8	0
542	4	0
543	2	0
544	6	0
545	5	0
546	3	0
547	6	0
548	1	0
549	7	0
550	5	0
551	4	0
552	5	0
553	7	0
554	6	0
555	2	0
556	3	0
557	2	0
558	2	0
559	2	0
560	5	0
561	3	0
562	1	0
563	8	0
564	4	0
565	4	0
566	5	0
567	7	0
568	1	0
569	5	0
570	2	0
571	9	0
572	5	0
573	3	0
574	4	0
575	6	0
576	7	0
577	2	0
578	4	0
579	4	0
580	5	0
581	2	0
582	5	0
583	4	0
584	5	0
585	2	0
586	6	0
587	2	0
588	5	0
589	3	0
590	4	0
591	5	0
592	3	0
593	3	0
594	5	0
595	1	0
596	6	0
597	4	0
598	7	0
599	7	0
600	5	0
601	6	0
602	7	0
603	7	0
604	3	0
605	4	0
606	8	0
607	7	0
608	3	0
609	4	0
610	6	0
611	7	0
612	8	0
613	11	0
614	5	0
615	5	0
616	5	0
617	2	0
618	3	0
619	5	0
620	4	0
621	4	0
622	6	0
623	5	0
624	2	0
625	3	0
626	13	0
627	2	0
628	5	0
629	4	0
630	6	0
631	4	0
632	4	0
633	4	0
634	1	0
635	5	0
636	5	0
637	8	0
638	5	0
639	3	0
640	2	0
641	4	0
642	8	0
643	11	0
644	13	0
645	6	0
646	4	0
647	4	0
648	3	0
649	6	0
650	4	0
651	6	0
652	5	0
653	7	0
654	3	0
655	2	0
656	4	0
657	8	0
658	11	0
659	3	0
660	9	0
661	5	0
662	8	0
663	3	0
664	8	0
665	5	0
666	6	0
667	3	0
668	5	0
669	5	0
670	6	0
671	10	0
672	7	0
673	9	0
674	2	0
675	8	0
676	8	0
677	7	0
678	11	0
679	6	0
680	2	0
681	6	0
682	9	0
683	3	0
684	7	0
685	5	0
686	8	0
687	9	0
688	6	0
689	3	0
690	8	0
691	6	0
692	2	0
693	8	0
694	8	0
695	5	0
696	7	0
697	6	0
698	6	0
699	7	0
700	4	0
701	6	0
702	10	0
703	6	0
704	2	0
705	8	0
706	7	0
707	7	0
708	7	0
709	5	0
710	9	0
711	5	0
712	9	0
713	15	0
714	12	0
715	8	0
716	8	0
717	15	0
718	13	0
719	12	0
720	5	0
721	9	0
722	9	0
723	8	0
724	5	0
725	13	0
726	10	1
727	6	1
728	10	1
729	9	1
730	7	1
731	9	1
732	9	1
733	9	1
734	7	1
735	9	1
736	8	1
737	6	1
738	7	1
739	10	1
740	14	2
741	12	2
742	5	2
743	7	2
744	10	2
745	13	2
746	9	2
747	7	3
748	14	3
749	5	3
750	17	3
751	12	4
752	7	4
753	10	4
754	13	4
755	11	5
756	11	5
757	18	5
758	18	6
759	12	6
760	16	6
761	16	7
762	9	7
763	13	8
764	10	8
765	14	9
766	27	10
767	23	10
768	13	11
769	19	11
770	29	12
771	20	13
772	26	14
773	24	15
774	28	15
775	21	16
776	32	17
777	34	18
778	33	20
779	26	21
780	28	22
781	40	23
782	41	24
783	39	26
784	36	27
785	51	29
786	42	30
787	50	32
788	41	34
789	61	35
790	53	37
791	59	39
792	47	41
793	66	43
794	56	45
795	66	48
796	65	50
797	65	53
798	77	55
799	74	58
800	62	60
801	91	63
802	102	66
803	80	69
804	109	72
805	85	76
806	122	79
807	100	82
808	82	86
809	127	90
810	120	93
811	129	97
812	143	101
813	131	105
814	145	110
815	153	114
816	137	118
817	157	123
818	159	128
819	177	132
820	159	137
821	154	142
822	194	147
823	160	153
824	157	158
825	220	163
826	178	169
827	222	174
828	198	180
829	207	186
830	227	192
831	275	198
832	186	204
833	223	210
834	238	216
835	246	223
836	264	229
837	215	236
838	252	242
839	227	249
840	238	255
841	286	262
842	260	269
843	275	275
844	297	282
845	275	289
846	278	296
847	309	303
848	250	309
849	307	316
850	309	323
851	337	330
852	312	337
853	287	343
854	371	350
855	298	357
856	323	363
857	403	370
858	308	377
859	405	383
860	331	389
861	402	395
862	350	402
863	404	408
864	382	414
865	382	419
866	387	425
867	394	430
868	445	436
869	350	441
870	451	446
871	406	451
872	378	456
873	468	460
874	402	465
875	420	469
876	487	473
877	458	476
878	489	480
879	476	483
880	393	486
881	474	489
882	498	492
883	539	494
884	473	497
885	423	499
886	561	500
887	501	502
888	429	503
889	560	504
890	455	505
891	502	505
892	533	506
893	486	505
894	548	505
895	625	505
896	378	504
897	552	503
898	582	502
899	533	500
900	636	498
901	442	496
902	577	494
903	446	492
904	520	489
905	548	486
906	493	483
907	495	480
908	529	476
909	525	472
910	471	468
911	459	464
912	502	460
913	507	455
914	458	450
915	515	445
916	476	440
917	375	435
918	529	430
919	385	424
920	426	418
921	492	413
922	404	407
923	422	401
924	400	395
925	400	388
926	384	382
927	432	376
928	328	369
929	358	363
930	365	356
931	327	349
932	382	343
933	295	336
934	386	329
935	319	322
936	290	315
937	354	309
938	286	302
939	264	295
940	300	288
941	249	281
942	248	274
943	206	268
944	236	261
945	240	254
946	211	248
947	216	241
948	218	235
949	185	228
950	222	222
951	176	215
952	181	209
953	208	203
954	139	197
955	174	191
956	156	185
957	163	179
958	166	174
959	160	168
960	110	162
961	136	157
962	138	152
963	123	147
964	154	142
965	107	137
966	118	132
967	94	127
968	126	122
969	135	118
970	101	113
971	119	109
972	110	105
973	104	101
974	115	97
975	90	93
976	77	89
977	93	85
978	74	82
979	100	78
980	97	75
981	62	72
982	96	69
983	83	66
984	76	63
985	88	60
986	58	57
987	107	55
988	91	52
989	81	50
990	95	47
991	100	45
992	68	43
993	66	41
994	96	39
995	77	37
996	97	35
997	84	33
998	95	32
999	72	30
1000	59	28
1001	117	27
1002	66	26
1003	78	24
1004	100	23
1005	89	22
1006	80	20
1007	76	19
1008	82	18
1009	69	17
1010	89	16
1011	108	15
1012	94	14
1013	66	14
1014	128	13
1015	90	12
1016	90	11
1017	114	11
1018	75	10
1019	83	9
1020	86	9
1021	74	8
1022	91	8
1023	85	7
1024	38	7
1025	80	6
1026	68	6
1027	87	6
1028	96	5
1029	69	5
1030	83	5
1031	77	4
1032	70	4
1033	80	4
1034	70	3
1035	79	3
1036	66	3
1037	81	3
1038	75	3
1039	65	2
1040	58	2
1041	57	2
1042	51	2
1043	60	2
1044	41	2
1045	48	2
1046	73	1
1047	50	1
1048	41	1
1049	58	1
1050	30	1
1051	63	1
1052	40	1
1053	51	1
1054	37	1
1055	60	1
1056	40	1
1057	40	1
1058	34	1
1059	28	1
1060	30	0
1061	33	0
1062	38	0
1063	32	0
1064	18	0
1065	39	0
1066	29	0
1067	24	0
1068	27	0
1069	25	0
1070	14	0
1071	18	0
1072	16	0
1073	23	0
1074	23	0
1075	18	0
1076	13	0
1077	12	0
1078	20	0
1079	16	0
1080	17	0
1081	16	0
1082	13	0
1083	16	0
1084	6	0
1085	9	0
1086	12	0
1087	11	0
1088	8	0
1089	6	0
1090	9	0
1091	2	0
1092	8	0
1093	1	0
1094	4	0
1095	5	0
1096	4	0
1097	5	0
1098	6	0
1099	2	0
1100	5	0
1101	4	0
1102	4	0
1103	5	0
1104	2	0
1105	0	0
1106	5	0
1107	3	0
1108	3	0
1109	1	0
1110	3	0
1111	3	0
1112	2	0
1113	2	0
1114	0	0
1115	1	0
1116	2	0
1117	2	0
1118	1	0
1119	1	0
1120	0	0
1121	6	0
1122	0	0
1123	0	0
1124	1	0
1125	1	0
1126	0	0
1127	1	0
1128	0	0
1129	1	0
1130	0	0
1131	1	0
1132	0	0
1133	1	0
1134	0	0
1135	1	0
1136	0	0
1137	1	0
1138	1	0
1139	0	0
1140	0	0
1141	2	0
1142	0	0
1143	1	0
1144	0	0
1145	0	0
1146	0	0
1147	0	0
1148	0	0
1149	1	0
1150	0	0
1151	3	0
1152	0	0
1153	0	0
1154	2	0
1155	1	0
1156	0	0
1157	0	0
1158	0	0
1159	0	0
1160	0	0
1161	2	0
1162	2	0
1163	2	0
1164	0	0
1165	1	0
1166	1	0
1167	0	0
1168	1	0
1169	1	0
1170	0	0
1171	0	0
1172	0	0
1173	1	0
1174	0	0
1175	0	0
1176	0	0
1177	0	0
1178	0	0
1179	0	0
1180	1	0
1181	2	0
1182	3	0
1183	2	0
1184	0	0
1185	0	0
1186	0	0
1187	2	0
1188	2	0
1189	0	0
1190	0	0
1191	2	0
1192	1	0
1193	0	0
1194	0	0
1195	1	0
1196	2	0
1197	2	0
1198	1	0
1199	1	0
1200	0	0
1201	0	0
1202	3	0
1203	1	0
1204	1	0
1205	0	0
1206	2	0
1207	0	0
1208	0	0
1209	3	0
1210	0	0
1211	1	0
1212	2	0
1213	0	0
1214	0	0
1215	1	0
1216	0	0
1217	1	0
1218	1	0
1219	1	0
1220	1	0
1221	2	0
1222	0	0
1223	1	0
1224	1	0
1225	1	0
1226	1	0
1227	0	0
1228	2	0
1229	0	0
1230	1	0
1231	0	0
1232	0	0
1233	2	0
1234	0	0
1235	1	0
1236	0	0
1237	1	0
1238	1	0
1239	0	0
1240	0	0
1241	3	0
1242	0	0
1243	2	0
1244	1	0
1245	2	0
1246	1	0
1247	1	0
1248	1	0
1249	0	0
1250	0	0
1251	0	0
1252	2	0
1253	0	0
1254	0	0
1255	0	0
1256	2	0
1257	1	0
1258	1	0
1259	2	0
1260	0	0
1261	1	0
1262	3	0
1263	1	0
1264	0	0
1265	0	0
1266	0	0
1267	2	0
1268	0	0
1269	0	0
1270	0	0
1271	0	0
1272	0	0
1273	0	0
1274	1	0
1275	0	0
1276	0	0
1277	0	0
1278	0	0
1279	1	0
1280	1	0
1281	1	0
1282	0	0
1283	0	0
1284	1	0
1285	0	0
1286	0	0
1287	0	0
1288	1	0
1289	0	0
1290	0	0
1291	1	0
1292	1	0
1293	2	0
1294	2	0
1295	1	0
1296	0	0
1297	2	0
1298	0	0
1299	1	0
1300	1	0
1301	1	0
1302	2	0
1303	1	0
1304	1	0
1305	1	0
1306	2	0
1307	2	0
1308	0	0
1309	0	0
1310	0	0
1311	0	0
1312	0	0
1313	1	0
1314	4	0
1315	0	0
1316	0	0
1317	0	0
1318	0	0
1319	0	0
1320	0	0
1321	1	0
1322	2	0
1323	0	0
1324	0	0
1325	1	0
1326	0	0
1327	1	0
1328	0	0
1329	0	0
1330	1	0
1331	0	0
1332	2	0
1333	0	0
1334	1	0
1335	1	0
1336	0	0
1337	0	0
1338	0	0
1339	0	0
1340	0	0
1341	0	0
1342	1	0
1343	2	0
1344	0	0
1345	1	0
1346	0	0
1347	2	0
1348	0	0
1349	1	0
1350	2	0
1351	0	0
1352	0	0
1353	1	0
1354	0	0
1355	0	0
1356	0	0
1357	0	0
1358	2	0
1359	0	0
1360	1	0
1361	1	0
1362	1	0
1363	1	0
1364	0	0
1365	0	0
1366	0	0
1367	0	0
1368	0	0
1369	3	0
1370	0	0
1371	0	0
1372	2	0
1373	0	0
1374	1	0
1375	0	0
1376	0	0
1377	0	0
1378	0	0
1379	2	0
1380	0	0
1381	0	0
1382	2	0
1383	0	0
1384	0	0
1385	2	0
1386	0	0
1387	0	0
1388	2	0
1389	0	0
1390	0	0
1391	1	0
1392	0	0
1393	0	0
1394	0	0
1395	0	0
1396	0	0
1397	0	0
1398	3	0
1399	1	0
1400	1	0
1401	1	0
1402	1	0
1403	0	0
1404	0	0
1405	0	0
1406	0	0
1407	0	0
1408	1	0
1409	0	0
1410	0	0
1411	0	0
1412	1	0
1413	1	0
1414	1	0
1415	2	0
1416	1	0
1417	0	0
1418	2	0
1419	0	0
1420	0	0
1421	2	0
1422	1	0
1423	1	0
1424	0	0
1425	3	0
1426	0	0
1427	1	0
1428	1	0
1429	1	0
1430	2	0
1431	2	0
1432	1	0
1433	0	0
1434	0	0
1435	0	0
1436	0	0
1437	0	0
1438	2	0
1439	1	0
1440	1	0
1441	1	0
1442	0	0
1443	0	0
1444	0	0
1445	0	0
1446	0	0
1447	2	0
1448	0	0
1449	2	0
1450	0	0
1451	0	0
1452	0	0
1453	0	0
1454	0	0
1455	0	0
1456	0	0
1457	0	0
1458	0	0
1459	0	0
1460	0	0
1461	0	0
1462	0	0
1463	0	0
1464	0	0
1465	0	0
1466	0	0
1467	0	0
1468	1	0
1469	1	0
1470	1	0
1471	2	0
1472	0	0
1473	0	0
1474	1	0
1475	0	0
1476	1	0
1477	1	0
1478	1	0
1479	0	0
1480	0	0
1481	1	0
1482	0	0
1483	0	0
1484	1	0
1485	0	0
1486	0	0
1487	0	0
1488	0	0
1489	1	0
1490	0	0
1491	2	0
1492	0	0
1493	0	0
1494	0	0
1495	0	0
1496	0	0
1497	0	0
1498	0	0
1499	0	0
1500	1	0
1501	0	0
1502	1	0
1503	0	0
1504	0	0
1505	1	0
1506	0	0
1507	0	0
1508	0	0
1509	1	0
1510	1	0
1511	0	0
1512	0	0
1513	0	0
1514	0	0
1515	0	0
1516	0	0
1517	0	0
1518	0	0
1519	0	0
1520	0	0
1521	0	0
1522	0	0
1523	1	0
1524	0	0
1525	1	0
1526	0	0
1527	1	0
1528	1	0
1529	0	0
1530	0	0
1531	1	0
1532	0	0
1533	1	0
1534	2	0
1535	0	0
1536	0	0
1537	0	0
1538	0	0
1539	2	0
1540	1	0
1541	1	0
1542	1	0
1543	0	0
1544	0	0
1545	0	0
1546	0	0
1547	0	0
1548	1	0
1549	1	0
1550	1	0
1551	2	0
1552	3	0
1553	1	0
1554	0	0
1555	1	0
1556	1	0
1557	0	0
1558	0	0
1559	0	0
1560	0	0
1561	2	0
1562	0	0
1563	1	0
1564	0	0
1565	1	0
1566	0	0
1567	0	0
1568	0	0
1569	1	0
1570	0	0
1571	1	0
1572	0	0
1573	0	0
1574	0	0
1575	0	0
1576	0	0
1577	1	0
1578	1	0
1579	0	0
1580	1	0
1581	2	0
1582	0	0
1583	0	0
1584	0	0
1585	1	0
1586	0	0
1587	0	0
1588	0	0
1589	0	0
1590	0	0
1591	0	0
1592	0	0
1593	0	0
1594	1	0
1595	0	0
1596	1	0
1597	0	0
1598	0	0
1599	1	0
1600	2	0
1601	0	0
1602	1	0
1603	1	0
1604	0	0
1605	0	0
1606	2	0
1607	2	0
1608	1	0
1609	0	0
1610	2	0
1611	2	0
1612	0	0
1613	0	0
1614	0	0
1615	0	0
1616	1	0
1617	0	0
1618	1	0
1619	0	0
1620	1	0
1621	0	0
1622	0	0
1623	0	0
1624	0	0
1625	0	0
1626	0	0
1627	2	0
1628	1	0
1629	0	0
1630	1	0
1631	0	0
1632	0	0
1633	1	0
1634	0	0
1635	0	0
1636	0	0
1637	0	0
1638	0	0
1639	2	0
1640	2	0
1641	0	0
1642	1	0
1643	1	0
1644	0	0
1645	0	0
1646	0	0
1647	0	0
1648	1	0
1649	1	0
1650	0	0
1651	0	0
1652	1	0
1653	0	0
1654	0	0
1655	0	0
1656	0	0
1657	0	0
1658	0	0
1659	0	0
1660	0	0
1661	0	0
1662	0	0
1663	0	0
1664	0	0
1665	0	0
1666	0	0
1667	0	0
1668	2	0
1669	0	0
1670	2	0
1671	3	0
1672	1	0
1673	0	0
1674	0	0
1675	0	0
1676	0	0
1677	0	0
1678	1	0
1679	0	0
1680	0	0
1681	1	0
1682	0	0
1683	1	0
1684	0	0
1685	1	0
1686	0	0
1687	0	0
1688	0	0
1689	0	0
1690	1	0
1691	0	0
1692	1	0
1693	0	0
1694	1	0
1695	0	0
1696	1	0
1697	0	0
1698	0	0
1699	0	0
1700	1	0
1701	0	0
1702	0	0
1703	1	0
1704	0	0
1705	1	0
1706	0	0
1707	0	0
1708	0	0
1709	0	0
1710	1	0
1711	1	0
1712	0	0
1713	0	0
1714	2	0
1715	1	0
1716	0	0
1717	0	0
1718	0	0
1719	0	0
1720	0	0
1721	1	0
1722	1	0
1723	2	0
1724	2	0
1725	1	0
1726	1	0
1727	0	0
1728	0	0
1729	0	0
1730	0	0
1731	0	0
1732	0	0
1733	0	0
1734	0	0
1735	1	0
1736	1	0
1737	0	0
1738	0	0
1739	0	0
1740	1	0
1741	0	0
1742	0	0
1743	0	0
1744	2	0
1745	3	0
1746	0	0
1747	0	0
1748	2	0
1749	0	0
1750	0	0
1751	0	0
1752	0	0
1753	0	0
1754	1	0
1755	0	0
1756	1	0
1757	1	0
1758	0	0
1759	0	0
1760	0	0
1761	0	0
1762	1	0
1763	0	0
1764	0	0
1765	0	0
1766	1	0
1767	0	0
1768	1	0
1769	0	0
1770	0	0
1771	0	0
1772	1	0
1773	0	0
1774	0	0
1775	0	0
1776	1	0
1777	1	0
1778	0	0
1779	0	0
1780	0	0
1781	1	0
1782	2	0
1783	0	0
1784	0	0
1785	0	0
1786	0	0
1787	0	0
1788	1	0
1789	0	0
1790	0	0
1791	0	0
1792	0	0
1793	0	0
1794	1	0
1795	0	0
1796	1	0
1797	0	0
1798	0	0
1799	0	0
1800	0	0
1801	0	0
1802	0	0
1803	0	0
1804	1	0
1805	0	0
1806	0	0
1807	1	0
1808	1	0
1809	0	0
1810	1	0
1811	0	0
1812	0	0
1813	0	0
1814	0	0
1815	2	0
1816	0	0
1817	1	0
1818	0	0
1819	0	0
1820	0	0
1821	1	0
1822	0	0
1823	0	0
1824	0	0
1825	0	0
1826	1	0
1827	0	0
1828	1	0
1829	0	0
1830	0	0
1831	1	0
1832	0	0
1833	0	0
1834	1	0
1835	1	0
1836	0	0
1837	1	0
1838	1	0
1839	0	0
1840	2	0
1841	0	0
1842	2	0
1843	1	0
1844	1	0
1845	0	0
1846	0	0
1847	0	0
1848	0	0
1849	1	0
1850	2	0
1851	1	0
1852	0	0
1853	1	0
1854	1	0
1855	0	0
1856	1	0
1857	1	0
1858	1	0
1859	0	0
1860	0	0
1861	0	0
1862	0	0
1863	0	0
1864	0	0
1865	0	0
1866	2	0
1867	2	0
1868	0	0
1869	1	0
1870	1	0
1871	0	0
1872	0	0
1873	1	0
1874	0	0
1875	1	0
1876	0	0
1877	0	0
1878	1	0
1879	0	0
1880	0	0
1881	0	0
1882	1	0
1883	0	0
1884	0	0
1885	1	0
1886	1	0
1887	1	0
1888	0	0
1889	0	0
1890	0	0
1891	0	0
1892	0	0
1893	0	0
1894	0	0
1895	1	0
1896	0	0
1897	0	0
1898	0	0
1899	0	0
1900	1	0
1901	0	0
1902	0	0
1903	1	0
1904	0	0
1905	0	0
1906	0	0
1907	2	0
1908	0	0
1909	1	0
1910	0	0
1911	0	0
1912	0	0
1913	0	0
1914	1	0
1915	0	0
1916	0	0
1917	0	0
1918	0	0
1919	1	0
1920	0	0
1921	1	0
1922	2	0
1923	0	0
1924	0	0
1925	0	0
1926	1	0
1927	0	0
1928	0	0
1929	0	0
1930	0	0
1931	2	0
1932	1	0
1933	0	0
1934	0	0
1935	0	0
1936	2	0
1937	0	0
1938	0	0
1939	0	0
1940	0	0
1941	0	0
1942	1	0
1943	1	0
1944	0	0
1945	1	0
1946	1	0
1947	2	0
1948	0	0
1949	0	0
1950	0	0
1951	0	0
1952	0	0
1953	1	0
1954	1	0
1955	1	0
1956	0	0
1957	2	0
1958	0	0
1959	1	0
1960	0	0
1961	0	0
1962	0	0
1963	1	0
1964	0	0
1965	3	0
1966	0	0
1967	0	0
1968	1	0
1969	3	0
1970	0	0
1971	0	0
1972	2	0
1973	0	0
1974	1	0
1975	1	0
1976	0	0
1977	1	0
1978	0	0
1979	2	0
1980	0	0
1981	1	0
1982	1	0
1983	1	0
1984	0	0
1985	1	0
1986	0	0
1987	1	0
1988	0	0
1989	0	0
1990	0	0
1991	0	0
1992	0	0
1993	1	0
1994	0	0
1995	1	0
1996	0	0
1997	0	0
1998	0	0
1999	1	0
2000	0	0
2001	0	0
2002	0	0
2003	0	0
2004	0	0
2005	0	0
2006	0	0
2007	0	0
2008	0	0
2009	1	0
2010	0	0
2011	1	0
2012	1	0
2013	0	0
2014	0	0
2015	0	0
2016	0	0
2017	0	0
2018	0	0
2019	0	0
2020	0	0
2021	0	0
2022	0	0
2023	0	0
2024	0	0
2025	0	0
2026	0	0
2027	0	0
2028	1	0
2029	0	0
2030	1	0
2031	1	0
2032	0	0
2033	0	0
2034	1	0
2035	0	0
2036	1	0
2037	0	0
2038	2	0
2039	0	0
2040	0	0
2041	0	0
2042	0	0
2043	0	0
2044	0	0
2045	0	0
2046	1	0
2047	0	0
2048	0	0
2049	0	0
2050	0	0
2051	1	0
2052	0	0
2053	0	0
2054	0	0
2055	0	0
2056	0	0
2057	0	0
2058	0	0
2059	1	0
2060	0	0
2061	0	0
2062	1	0
2063	0	0
2064	0	0
2065	0	0
2066	0	0
2067	0	0
2068	0	0
2069	0	0
2070	0	0
2071	1	0
2072	0	0
2073	0	0
2074	0	0
2075	0	0
2076	0	0
2077	1	0
2078	0	0
2079	0	0
2080	0	0
2081	1	0
2082	0	0
2083	0	0
2084	0	0
2085	0	0
2086	1	0
2087	0	0
2088	0	0
2089	0	0
2090	0	0
2091	0	0
2092	0	0
2093	0	0
2094	1	0
2095	0	0
2096	0	0
2097	0	0
2098	0	0
2099	0	0
2100	0	0
2101	0	0
2102	0	0
2103	0	0
2104	1	0
2105	0	0
2106	0	0
2107	0	0
2108	0	0
2109	0	0
2110	0	0
2111	0	0
2112	2	0
2113	0	0
2114	0	0
2115	0	0
2116	0	0
2117	0	0
2118	1	0
2119	1	0
2120	0	0
2121	0	0
2122	0	0
2123	1	0
2124	0	0
2125	0	0
2126	0	0
2127	0	0
2128	0	0
2129	1	0
2130	1	0
2131	0	0
2132	0	0
2133	1	0
2134	0	0
2135	0	0
2136	1	0
2137	0	0
2138	0	0
2139	0	0
2140	0	0
2141	0	0
2142	1	0
2143	2	0
2144	0	0
2145	0	0
2146	1	0
2147	0	0
2148	0	0
2149	0	0
2150	1	0
2151	0	0
2152	0	0
2153	0	0
2154	0	0
2155	0	0
2156	0	0
2157	1	0
2158	0	0
2159	0	0
2160	0	0
2161	1	0
2162	2	0
2163	1	0
2164	0	0
2165	1	0
2166	0	0
2167	0	0
2168	1	0
2169	0	0
2170	0	0
2171	0	0
2172	0	0
2173	0	0
2174	0	0
2175	0	0
2176	0	0
2177	1	0
2178	0	0
2179	1	0
2180	0	0
2181	0	0
2182	0	0
2183	0	0
2184	1	0
2185	0	0
2186	2	0
2187	0	0
2188	0	0
2189	0	0
2190	0	0
2191	0	0
2192	0	0
2193	0	0
2194	1	0
2195	0	0
2196	0	0
2197	0	0
2198	0	0
2199	0	0
2200	0	0
2201	1	0
2202	0	0
2203	0	0
2204	0	0
2205	1	0
2206	1	0
2207	0	0
2208	1	0
2209	0	0
2210	0	0
2211	1	0
2212	1	0
2213	0	0
2214	0	0
2215	1	0
2216	0	0
2217	0	0
2218	1	0
2219	0	0
2220	0	0
2221	0	0
2222	0	0
2223	1	0
2224	0	0
2225	0	0
2226	0	0
2227	0	0
2228	0	0
2229	0	0
2230	0	0
2231	1	0
2232	2	0
2233	1	0
2234	0	0
2235	0	0
2236	0	0
2237	0	0
2238	0	0
2239	0	0
2240	1	0
2241	0	0
2242	0	0
2243	0	0
2244	0	0
2245	0	0
2246	0	0
2247	1	0
2248	0	0
2249	0	0
2250	0	0
2251	0	0
2252	0	0
2253	0	0
2254	1	0
2255	1	0
2256	0	0
2257	0	0
2258	0	0
2259	0	0
2260	0	0
2261	0	0
2262	0	0
2263	0	0
2264	0	0
2265	1	0
2266	0	0
2267	1	0
2268	0	0
2269	0	0
2270	1	0
2271	0	0
2272	0	0
2273	0	0
2274	1	0
2275	1	0
2276	0	0
2277	0	0
2278	1	0
2279	0	0
2280	0	0
2281	0	0
2282	1	0
2283	0	0
2284	1	0
2285	1	0
2286	0	0
2287	0	0
2288	1	0
2289	0	0
2290	0	0
2291	2	0
2292	1	0
2293	0	0
2294	0	0
2295	0	0
2296	0	0
2297	1	0
2298	0	0
2299	0	0
2300	0	0
2301	0	0
2302	0	0
2303	2	0
2304	0	0
2305	1	0
2306	0	0
2307	0	0
2308	0	0
2309	0	0
2310	1	0
2311	0	0
2312	0	0
2313	0	0
2314	0	0
2315	0	0
2316	0	0
2317	0	0
2318	0	0
2319	0	0
2320	0	0
2321	0	0
2322	0	0
2323	2	0
2324	1	0
2325	0	0
2326	0	0
2327	1	0
2328	0	0
2329	0	0
2330	0	0
2331	2	0
2332	1	0
2333	0	0
2334	0	0
2335	0	0
2336	0	0
2337	0	0
2338	1	0
2339	0	0
2340	0	0
2341	0	0
2342	0	0
2343	1	0
2344	0	0
2345	0	0
2346	0	0
2347	0	0
2348	0	0
2349	0	0
2350	0	0
2351	1	0
2352	0	0
2353	1	0
2354	0	0
2355	0	0
2356	1	0
2357	0	0
2358	0	0
2359	1	0
2360	0	0
2361	0	0
2362	0	0
2363	0	0
2364	0	0
2365	0	0
2366	1	0
2367	0	0
2368	0	0
2369	0	0
2370	1	0
2371	0	0
2372	0	0
2373	0	0
2374	1	0
2375	0	0
2376	0	0
2377	0	0
2378	0	0
2379	0	0
2380	0	0
2381	0	0
2382	1	0
2383	1	0
2384	0	0
2385	0	0
2386	0	0
2387	0	0
2388	0	0
2389	0	0
2390	0	0
2391	0	0
2392	0	0
2393	0	0
2394	1	0
2395	0	0
2396	0	0
2397	0	0
2398	0	0
2399	0	0
2400	0	0
2401	0	0
2402	0	0
2403	0	0
2404	1	0
2405	1	0
2406	0	0
2407	0	0
2408	0	0
2409	0	0
2410	0	0
2411	1	0
2412	2	0
2413	0	0
2414	0	0
2415	0	0
2416	0	0
2417	0	0
2418	0	0
2419	0	0
2420	1	0
2421	0	0
2422	0	0
2423	1	0
2424	0	0
2425	1	0
2426	1	0
2427	1	0
2428	1	0
2429	0	0
2430	0	0
2431	0	0
2432	0	0
2433	0	0
2434	0	0
2435	0	0
2436	1	0
2437	0	0
2438	0	0
2439	0	0
2440	1	0
2441	0	0
2442	0	0
2443	1	0
2444	0	0
2445	0	0
2446	1	0
2447	0	0
2448	0	0
2449	0	0
2450	0	0
2451	0	0
2452	0	0
2453	0	0
2454	0	0
2455	0	0
2456	0	0
2457	0	0
2458	1	0
2459	0	0
2460	0	0
2461	0	0
2462	1	0
2463	0	0
2464	0	0
2465	0	0
2466	0	0
2467	0	0
2468	0	0
2469	0	0
2470	0	0
2471	0	0
2472	0	0
2473	0	0
2474	0	0
2475	0	0
2476	0	0
2477	0	0
2478	0	0
2479	0	0
2480	0	0
2481	0	0
2482	0	0
2483	0	0
2484	1	0
2485	0	0
2486	1	0
2487	0	0
2488	0	0
2489	1	0
2490	0	0
2491	0	0
2492	1	0
2493	1	0
2494	1	0
2495	0	0
2496	0	0
2497	0	0
2498	0	0
2499	1	0
2500	0	0
2501	0	0
2502	0	0
2503	0	0
2504	1	0
2505	1	0
2506	0	0
2507	0	0
2508	0	0
2509	0	0
2510	0	0
2511	1	0
2512	1	0
2513	0	0
2514	0	0
2515	1	0
2516	0	0
2517	0	0
2518	0	0
2519	0	0
2520	0	0
2521	0	0
2522	0	0
2523	0	0
2524	1	0
2525	1	0
2526	0	0
2527	0	0
2528	0	0
2529	0	0
2530	0	0
2531	1	0
2532	0	0
2533	0	0
2534	1	0
2535	0	0
2536	0	0
2537	0	0
2538	0	0
2539	0	0
2540	0	0
2541	1	0
2542	0	0
2543	0	0
2544	1	0
2545	0	0
2546	0	0
2547	0	0
2548	0	0
2549	1	0
2550	0	0
2551	0	0
2552	0	0
2553	0	0
2554	0	0
2555	0	0
2556	0	0
2557	0	0
2558	0	0
2559	0	0
2560	0	0
2561	0	0
2562	0	0
2563	0	0
2564	0	0
2565	0	0
2566	0	0
2567	0	0
2568	0	0
2569	0	0
2570	0	0
2571	0	0
2572	0	0
2573	0	0
2574	2	0
2575	0	0
2576	0	0
2577	0	0
2578	1	0
2579	0	0
2580	0	0
2581	0	0
2582	0	0
2583	0	0
2584	1	0
2585	1	0
2586	0	0
2587	0	0
2588	0	0
2589	0	0
2590	0	0
2591	1	0
2592	0	0
2593	0	0
2594	0	0
2595	0	0
2596	0	0
2597	0	0
2598	0	0
2599	0	0
2600	0	0
2601	0	0
2602	1	0
2603	0	0
2604	1	0
2605	0	0
2606	0	0
2607	0	0
2608	1	0
2609	0	0
2610	0	0
2611	0	0
2612	1	0
2613	0	0
2614	0	0
2615	0	0
2616	0	0
2617	0	0
2618	0	0
2619	0	0
2620	1	0
2621	1	0
2622	0	0
2623	0	0
2624	0	0
2625	0	0
2626	0	0
2627	0	0
2628	0	0
2629	0	0
2630	1	0
2631	0	0
2632	0	0
2633	1	0
2634	1	0
2635	0	0
2636	1	0
2637	0	0
2638	0	0
2639	0	0
2640	0	0
2641	0	0
2642	0	0
2643	0	0
2644	0	0
2645	0	0
2646	1	0
2647	0	0
2648	0	0
2649	1	0
2650	0	0
2651	1	0
2652	0	0
2653	0	0
2654	0	0
2655	1	0
2656	0	0
2657	0	0
2658	0	0
2659	0	0
2660	0	0
2661	0	0
2662	0	0
2663	0	0
2664	1	0
2665	1	0
2666	1	0
2667	0	0
2668	2	0
2669	1	0
2670	0	0
2671	0	0
2672	0	0
2673	0	0
2674	0	0
2675	1	0
2676	0	0
2677	0	0
2678	2	0
2679	0	0
2680	0	0
2681	0	0
2682	0	0
2683	0	0
2684	0	0
2685	0	0
2686	0	0
2687	0	0
2688	1	0
2689	0	0
2690	0	0
2691	0	0
2692	0	0
2693	0	0
2694	0	0
2695	0	0
2696	0	0
2697	1	0
2698	0	0
2699	0	0
2700	0	0
2701	0	0
2702	0	0
2703	0	0
2704	0	0
2705	0	0
2706	0	0
2707	0	0
2708	0	0
2709	0	0
2710	0	0
2711	0	0
2712	0	0
2713	0	0
2714	0	0
2715	0	0
2716	0	0
2717	0	0
2718	0	0
2719	0	0
2720	0	0
2721	0	0
2722	0	0
2723	0	0
2724	0	0
2725	0	0
2726	0	0
2727	0	0
2728	0	0
2729	0	0
2730	0	0
2731	0	0
2732	0	0
2733	0	0
2734	0	0
2735	0	0
2736	0	0
2737	0	0
2738	0	0
2739	1	0
2740	2	0
2741	0	0
2742	0	0
2743	0	0
2744	0	0
2745	0	0
2746	0	0
2747	0	0
2748	0	0
2749	0	0
2750	0	0
2751	0	0
2752	0	0
2753	0	0
2754	1	0
2755	0	0
2756	0	0
2757	0	0
2758	0	0
2759	0	0
2760	0	0
2761	0	0
2762	0	0
2763	0	0
2764	0	0
2765	0	0
2766	0	0
2767	0	0
2768	0	0
2769	0	0
2770	0	0
2771	0	0
2772	0	0
2773	0	0
2774	0	0
2775	0	0
2776	0	0
2777	1	0
2778	0	0
2779	0	0
2780	0	0
2781	0	0
2782	0	0
2783	1	0
2784	0	0
2785	0	0
2786	0	0
2787	0	0
2788	2	0
2789	0	0
2790	0	0
2791	1	0
2792	0	0
2793	1	0
2794	0	0
2795	0	0
2796	0	0
2797	0	0
2798	0	0
2799	0	0
2800	0	0
2801	0	0
2802	0	0
2803	0	0
2804	1	0
2805	0	0
2806	0	0
2807	1	0
2808	0	0
2809	1	0
2810	0	0
2811	0	0
2812	1	0
2813	0	0
2814	0	0
2815	0	0
2816	0	0
2817	0	0
2818	0	0
2819	0	0
2820	0	0
2821	1	0
2822	0	0
2823	0	0
2824	0	0
2825	0	0
2826	1	0
2827	0	0
2828	1	0
2829	0	0
2830	0	0
2831	0	0
2832	0	0
2833	0	0
2834	0	0
2835	0	0
2836	0	0
2837	0	0
2838	1	0
2839	0	0
2840	0	0
2841	1	0
2842	0	0
2843	0	0
2844	0	0
2845	0	0
2846	0	0
2847	0	0
2848	0	0
2849	0	0
2850	0	0
2851	0	0
2852	0	0
2853	0	0
2854	0	0
2855	0	0
2856	0	0
2857	0	0
2858	0	0
2859	2	0
2860	0	0
2861	0	0
2862	0	0
2863	0	0
2864	0	0
2865	0	0
2866	0	0
2867	0	0
2868	0	0
2869	0	0
2870	1	0
2871	1	0
2872	0	0
2873	0	0
2874	0	0
2875	2	0
2876	0	0
2877	0	0
2878	0	0
2879	1	0
2880	0	0
2881	1	0
2882	0	0
2883	1	0
2884	0	0
2885	0	0
2886	0	0
2887	0	0
2888	0	0
2889	0	0
2890	0	0
2891	0	0
2892	0	0
2893	0	0
2894	0	0
2895	0	0
2896	0	0
2897	0	0
2898	0	0
2899	0	0
2900	0	0
2901	0	0
2902	0	0
2903	0	0
2904	1	0
2905	0	0
2906	0	0
2907	0	0
2908	0	0
2909	0	0
2910	0	0
2911	0	0
2912	0	0
2913	0	0
2914	0	0
2915	0	0
2916	0	0
2917	0	0
2918	0	0
2919	0	0
2920	0	0
2921	0	0
2922	0	0
2923	0	0
2924	2	0
2925	0	0
2926	0	0
2927	0	0
2928	0	0
2929	0	0
2930	0	0
2931	1	0
2932	0	0
2933	0	0
2934	0	0
2935	0	0
2936	0	0
2937	0	0
2938	0	0
2939	0	0
2940	0	0
2941	0	0
2942	0	0
2943	0	0
2944	0	0
2945	0	0
2946	1	0
2947	0	0
2948	0	0
2949	0	0
2950	0	0
2951	0	0
2952	0	0
2953	0	0
2954	0	0
2955	0	0
2956	1	0
2957	0	0
2958	0	0
2959	0	0
2960	0	0
2961	0	0
2962	0	0
2963	0	0
2964	0	0
2965	0	0
2966	0	0
2967	0	0
2968	0	0
2969	0	0
2970	0	0
2971	0	0
2972	0	0
2973	0	0
2974	0	0
2975	0	0
2976	0	0
2977	0	0
2978	0	0
2979	0	0
2980	0	0
2981	0	0
2982	0	0
2983	0	0
2984	0	0
2985	0	0
2986	0	0
2987	0	0
2988	0	0
2989	0	0
2990	1	0
2991	0	0
2992	1	0
2993	0	0
2994	0	0
2995	0	0
2996	0	0
2997	0	0
2998	0	0
2999	0	0
3000	0	0
3001	0	0
3002	0	0
3003	0	0
3004	0	0
3005	0	0
3006	0	0
3007	0	0
3008	0	0
3009	0	0
3010	0	0
3011	0	0
3012	0	0
3013	0	0
3014	0	0
3015	0	0
3016	0	0
3017	0	0
3018	0	0
3019	0	0
3020	0	0
3021	0	0
3022	0	0
3023	0	0
3024	0	0
3025	0	0
3026	0	0
3027	0	0
3028	0	0
3029	0	0
3030	0	0
3031	0	0
3032	0	0
3033	0	0
3034	0	0
3035	0	0
3036	0	0
3037	1	0
3038	0	0
3039	0	0
3040	0	0
3041	0	0
3042	0	0
3043	0	0
3044	1	0
3045	0	0
3046	0	0
3047	0	0
3048	0	0
3049	0	0
3050	0	0
3051	0	0
3052	0	0
3053	0	0
3054	0	0
3055	0	0
3056	0	0
3057	0	0
3058	0	0
3059	0	0
3060	0	0
3061	0	0
3062	0	0
3063	0	0
3064	0	0
3065	0	0
3066	0	0
3067	0	0
3068	2	0
3069	0	0
3070	0	0
3071	0	0
3072	0	0
3073	0	0
3074	0	0
3075	0	0
3076	1	0
3077	0	0
3078	0	0
3079	0	0
3080	0	0
3081	0	0
3082	0	0
3083	0	0
3084	0	0
3085	0	0
3086	1	0
3087	0	0
3088	1	0
3089	0	0
3090	1	0
3091	0	0
3092	0	0
3093	0	0
3094	0	0
3095	0	0
3096	0	0
3097	0	0
3098	0	0
3099	0	0
3100	0	0
3101	0	0
3102	0	0
3103	0	0
3104	0	0
3105	0	0
3106	0	0
3107	0	0
3108	0	0
3109	0	0
3110	0	0
3111	0	0
3112	0	0
3113	1	0
3114	0	0
3115	0	0
3116	0	0
3117	0	0
3118	0	0
3119	0	0
3120	0	0
3121	0	0
3122	0	0
3123	0	0
3124	0	0
3125	0	0
3126	0	0
3127	0	0
3128	0	0
3129	0	0
3130	0	0
3131	0	0
3132	0	0
3133	1	0
3134	0	0
3135	0	0
3136	0	0
3137	1	0
3138	0	0
3139	0	0
3140	0	0
3141	0	0
3142	0	0
3143	0	0
3144	0	0
3145	0	0
3146	0	0
3147	0	0
3148	0	0
3149	0	0
3150	0	0
3151	0	0
3152	0	0
3153	0	0
3154	0	0
3155	0	0
3156	0	0
3157	0	0
3158	0	0
3159	0	0
3160	1	0
3161	0	0
3162	1	0
3163	0	0
3164	0	0
3165	0	0
3166	0	0
3167	1	0
3168	0	0
3169	0	0
3170	0	0
3171	0	0
3172	2	0
3173	0	0
3174	0	0
3175	0	0
3176	1	0
3177	1	0
3178	1	0
3179	0	0
3180	0	0
3181	0	0
3182	1	0
3183	0	0
3184	0	0
3185	0	0
3186	0	0
3187	0	0
3188	0	0
3189	0	0
3190	0	0
3191	1	0
3192	0	0
3193	0	0
3194	0	0
3195	0	0
3196	1	0
3197	0	0
3198	0	0
3199	0	0
3200	0	0
3201	0	0
3202	0	0
3203	0	0
3204	0	0
3205	0	0
3206	0	0
3207	0	0
3208	0	0
3209	0	0
3210	0	0
3211	1	0
3212	0	0
3213	0	0
3214	0	0
3215	0	0
3216	0	0
3217	0	0
3218	0	0
3219	0	0
3220	0	0
3221	0	0
3222	0	0
3223	0	0
3224	0	0
3225	0	0
3226	0	0
3227	2	0
3228	0	0
3229	0	0
3230	0	0
3231	1	0
3232	0	0
3233	0	0
3234	0	0
3235	0	0
3236	0	0
3237	1	0
3238	0	0
3239	0	0
3240	0	0
3241	0	0
3242	0	0
3243	0	0
3244	1	0
3245	0	0
3246	0	0
3247	0	0
3248	0	0
3249	0	0
3250	0	0
3251	0	0
3252	0	0
3253	0	0
3254	0	0
3255	0	0
3256	0	0
3257	0	0
3258	0	0
3259	0	0
3260	0	0
3261	0	0
3262	0	0
3263	0	0
3264	0	0
3265	0	0
3266	0	0
3267	0	0
3268	0	0
3269	1	0
3270	0	0
3271	0	0
3272	0	0
3273	0	0
3274	0	0
3275	0	0
3276	0	0
3277	0	0
3278	0	0
3279	0	0
3280	0	0
3281	0	0
3282	0	0
3283	0	0
3284	0	0
3285	0	0
3286	0	0
3287	1	0
3288	0	0
3289	1	0
3290	0	0
3291	0	0
3292	0	0
3293	0	0
3294	0	0
3295	0	0
3296	0	0
3297	0	0
3298	0	0
3299	0	0
3300	0	0
3301	0	0
3302	0	0
3303	0	0
3304	0	0
3305	0	0
3306	0	0
3307	0	0
3308	0	0
3309	0	0
3310	0	0
3311	0	0
3312	0	0
3313	0	0
3314	0	0
3315	1	0
3316	0	0
3317	0	0
3318	0	0
3319	0	0
3320	0	0
3321	0	0
3322	0	0
3323	0	0
3324	0	0
3325	0	0
3326	1	0
3327	0	0
3328	0	0
3329	0	0
3330	0	0
3331	0	0
3332	0	0
3333	0	0
3334	0	0
3335	0	0
3336	0	0
3337	0	0
3338	0	0
3339	0	0
3340	0	0
3341	0	0
3342	0	0
3343	0	0
3344	0	0
3345	0	0
3346	0	0
3347	0	0
3348	0	0
3349	0	0
3350	0	0
3351	0	0
3352	0	0
3353	0	0
3354	0	0
3355	0	0
3356	0	0
3357	0	0
3358	0	0
3359	0	0
3360	0	0
3361	0	0
3362	0	0
3363	0	0
3364	0	0
3365	0	0
3366	0	0
3367	0	0
3368	0	0
3369	0	0
3370	0	0
3371	0	0
3372	0	0
3373	0	0
3374	0	0
3375	0	0
3376	0	0
3377	0	0
3378	0	0
3379	0	0
3380	0	0
3381	0	0
3382	0	0
3383	0	0
3384	1	0
3385	0	0
3386	0	0
3387	0	0
3388	0	0
3389	0	0
3390	0	0
3391	0	0
3392	0	0
3393	0	0
3394	0	0
3395	0	0
3396	1	0
3397	0	0
3398	0	0
3399	0	0
3400	0	0
3401	0	0
3402	0	0
3403	0	0
3404	0	0
3405	0	0
3406	0	0
3407	0	0
3408	0	0
3409	0	0
3410	0	0
3411	0	0
3412	0	0
3413	0	0
3414	0	0
3415	0	0
3416	0	0
3417	0	0
3418	0	0
3419	0	0
3420	0	0
3421	0	0
3422	0	0
3423	0	0
3424	0	0
3425	0	0
3426	0	0
3427	0	0
3428	0	0
3429	0	0
3430	0	0
3431	0	0
3432	0	0
3433	0	0
3434	0	0
3435	0	0
3436	0	0
3437	0	0
3438	0	0
3439	0	0
3440	0	0
3441	0	0
3442	0	0
3443	1	0
3444	0	0
3445	0	0
3446	0	0
3447	0	0
3448	0	0
3449	0	0
3450	0	0
3451	0	0
3452	0	0
3453	0	0
3454	0	0
3455	0	0
3456	0	0
3457	0	0
3458	0	0
3459	0	0
3460	0	0
3461	0	0
3462	0	0
3463	0	0
3464	0	0
3465	0	0
3466	0	0
3467	0	0
3468	0	0
3469	0	0
3470	0	0
3471	0	0
3472	0	0
3473	0	0
3474	0	0
3475	0	0
3476	0	0
3477	0	0
3478	0	0
3479	0	0
3480	0	0
3481	0	0
3482	0	0
3483	0	0
3484	0	0
3485	0	0
3486	0	0
3487	0	0
3488	0	0
3489	0	0
3490	0	0
3491	0	0
3492	0	0
3493	0	0
3494	0	0
3495	0	0
3496	0	0
3497	0	0
3498	0	0
3499	0	0
3500	0	0
3501	0	0
3502	0	0
3503	0	0
3504	0	0
3505	0	0
3506	0	0
3507	0	0
3508	0	0
3509	0	0
3510	0	0
3511	0	0
3512	0	0
3513	0	0
3514	0	0
3515	0	0
3516	0	0
3517	0	0
3518	0	0
3519	0	0
3520	0	0
3521	0	0
3522	0	0
3523	0	0
3524	0	0
3525	0	0
3526	0	0
3527	0	0
3528	0	0
3529	0	0
3530	0	0
3531	0	0
3532	0	0
3533	0	0
3534	0	0
3535	0	0
3536	0	0
3537	0	0
3538	0	0
3539	0	0
3540	0	0
3541	0	0
3542	0	0
3543	0	0
3544	0	0
3545	0	0
3546	0	0
3547	0	0
3548	0	0
3549	0	0
3550	0	0
3551	0	0
3552	0	0
3553	0	0
3554	0	0
3555	0	0
3556	0	0
3557	0	0
3558	0	0
3559	0	0
3560	0	0
3561	0	0
3562	0	0
3563	0	0
3564	0	0
3565	0	0
3566	0	0
3567	0	0
3568	0	0
3569	0	0
3570	0	0
3571	0	0
3572	0	0
3573	0	0
3574	0	0
3575	0	0
3576	0	0
3577	0	0
3578	0	0
3579	0	0
3580	0	0
3581	0	0
3582	0	0
3583	0	0
3584	0	0
3585	0	0
3586	0	0
3587	0	0
3588	0	0
3589	0	0
3590	0	0
3591	0	0
3592	0	0
3593	0	0
3594	0	0
3595	0	0
3596	0	0
3597	0	0
3598	0	0
3599	0	0
3600	1	0
3601	0	0
3602	0	0
3603	0	0
3604	0	0
3605	0	0
3606	0	0
3607	0	0
3608	0	0
3609	0	0
3610	0	0
3611	0	0
3612	0	0
3613	0	0
3614	0	0
3615	0	0
3616	0	0
3617	0	0
3618	0	0
3619	0	0
3620	0	0
3621	0	0
3622	0	0
3623	0	0
3624	0	0
3625	0	0
3626	0	0
3627	0	0
3628	0	0
3629	0	0
3630	0	0
3631	0	0
3632	0	0
3633	0	0
3634	0	0
3635	0	0
3636	0	0
3637	0	0
3638	0	0
3639	0	0
3640	0	0
3641	0	0
3642	0	0
3643	0	0
3644	0	0
3645	0	0
3646	0	0
3647	0	0
3648	0	0
3649	0	0
3650	0	0
3651	0	0
3652	0	0
3653	0	0
3654	0	0
3655	0	0
3656	0	0
3657	0	0
3658	0	0
3659	0	0
3660	0	0
3661	1	0
3662	0	0
3663	0	0
3664	0	0
3665	0	0
3666	1	0
3667	0	0
3668	0	0
3669	0	0
3670	0	0
3671	0	0
3672	1	0
3673	0	0
3674	0	0
3675	0	0
3676	0	0
3677	0	0
3678	0	0
3679	0	0
3680	0	0
3681	0	0
3682	0	0
3683	0	0
3684	0	0
3685	0	0
3686	0	0
3687	0	0
3688	0	0
3689	0	0
3690	0	0
3691	0	0
3692	0	0
3693	0	0
3694	0	0
3695	0	0
3696	0	0
3697	0	0
3698	0	0
3699	0	0
3700	0	0
3701	0	0
3702	0	0
3703	0	0
3704	0	0
3705	0	0
3706	0	0
3707	0	0
3708	0	0
3709	0	0
3710	0	0
3711	0	0
3712	0	0
3713	0	0
3714	0	0
3715	0	0
3716	0	0
3717	0	0
3718	0	0
3719	0	0
3720	0	0
3721	0	0
3722	0	0
3723	0	0
3724	0	0
3725	0	0
3726	0	0
3727	0	0
3728	0	0
3729	0	0
3730	0	0
3731	0	0
3732	0	0
3733	0	0
3734	0	0
3735	0	0
3736	0	0
3737	0	0
3738	0	0
3739	0	0
3740	0	0
3741	0	0
3742	0	0
3743	0	0
3744	0	0
3745	0	0
3746	0	0
3747	0	0
3748	0	0
3749	0	0
3750	0	0
3751	0	0
3752	1	0
3753	0	0
3754	0	0
3755	0	0
3756	0	0
3757	0	0
3758	0	0
3759	0	0
3760	0	0
3761	0	0
3762	0	0
3763	0	0
3764	0	0
3765	0	0
3766	0	0
3767	0	0
3768	0	0
3769	0	0
3770	0	0
3771	0	0
3772	0	0
3773	0	0
3774	0	0
3775	0	0
3776	0	0
3777	0	0
3778	0	0
3779	0	0
3780	0	0
3781	0	0
3782	0	0
3783	0	0
3784	0	0
3785	0	0
3786	0	0
3787	0	0
3788	0	0
3789	0	0
3790	0	0
3791	0	0
3792	0	0
3793	0	0
3794	0	0
3795	0	0
3796	0	0
3797	0	0
3798	0	0
3799	0	0
3800	0	0
3801	0	0
3802	0	0
3803	0	0
3804	0	0
3805	0	0
3806	0	0
3807	0	0
3808	0	0
3809	0	0
3810	0	0
3811	0	0
3812	0	0
3813	0	0
3814	0	0
3815	0	0
3816	0	0
3817	0	0
3818	0	0
3819	0	0
3820	0	0
3821	0	0
3822	0	0
3823	0	0
3824	0	0
3825	0	0
3826	0	0
3827	0	0
3828	0	0
3829	0	0
3830	0	0
3831	0	0
3832	0	0
3833	0	0
3834	0	0
3835	0	0
3836	0	0
3837	0	0
3838	0	0
3839	0	0
3840	0	0
3841	0	0
3842	0	0
3843	0	0
3844	0	0
3845	0	0
3846	0	0
3847	0	0
3848	0	0
3849	0	0
3850	0	0
3851	0	0
3852	0	0
3853	0	0
3854	0	0
3855	0	0
3856	0	0
3857	0	0
3858	0	0
3859	0	0
3860	0	0
3861	0	0
3862	0	0
3863	0	0
3864	0	0
3865	0	0
3866	0	0
3867	0	0
3868	0	0
3869	0	0
3870	0	0
3871	0	0
3872	0	0
3873	0	0
3874	0	0
3875	0	0
3876	0	0
3877	0	0
3878	0	0
3879	0	0
3880	0	0
3881	0	0
3882	0	0
3883	0	0
3884	0	0
3885	0	0
3886	0	0
3887	0	0
3888	0	0
3889	0	0
3890	0	0
3891	0	0
3892	0	0
3893	0	0
3894	0	0
3895	0	0
3896	0	0
3897	0	0
3898	0	0
3899	0	0
3900	0	0
3901	0	0
3902	0	0
3903	0	0
3904	0	0
3905	0	0
3906	0	0
3907	0	0
3908	0	0
3909	0	0
3910	0	0
3911	0	0
3912	0	0
3913	0	0
3914	0	0
3915	0	0
3916	0	0
3917	0	0
3918	0	0
3919	0	0
3920	0	0
3921	0	0
3922	0	0
3923	0	0
3924	0	0
3925	0	0
3926	0	0
3927	0	0
3928	0	0
3929	0	0
3930	0	0
3931	0	0
3932	0	0
3933	0	0
3934	0	0
3935	0	0
3936	0	0
3937	0	0
3938	0	0
3939	0	0
3940	0	0
3941	0	0
3942	0	0
3943	0	0
3944	0	0
3945	0	0
3946	0	0
3947	0	0
3948	0	0
3949	0	0
3950	0	0
3951	0	0
3952	0	0
3953	0	0
3954	0	0
3955	0	0
3956	0	0
3957	0	0
3958	0	0
3959	0	0
3960	0	0
3961	0	0
3962	0	0
3963	0	0
3964	0	0
3965	0	0
3966	0	0
3967	0	0
3968	0	0
3969	0	0
3970	0	0
3971	0	0
3972	0	0
3973	0	0
3974	0	0
3975	0	0
3976	0	0
3977	0	0
3978	0	0
3979	0	0
3980	0	0
3981	0	0
3982	0	0
3983	0	0
3984	0	0
3985	0	0
3986	0	0
3987	0	0
3988	0	0
3989	0	0
3990	0	0
3991	0	0
3992	0	0
3993	0	0
3994	0	0
3995	0	0
3996	0	0
3997	0	0
3998	0	0
3999	0	0
4000	0	0
