# Oscilloscope file ./20170703_493016.bin
# Channel 1
Time / s;Voltage / V
0;-23.6
0.025;-24
0.05;-23.6
0.075;-24
0.1;-24
0.125;-24
0.15;-23.6
0.175;-24
0.2;-23.6
0.225;-24
0.25;-23.6
0.275;-24
0.3;-24
0.325;-23.6
0.35;-23.6
0.375;-24
0.4;-23.6
0.425;-24
0.45;-23.6
0.475;-24.4
0.5;-23.6
0.525;-24
0.55;-24
0.575;-24
0.6;-24
0.625;-24
0.65;-24
0.675;-24.4
0.7;-24
0.725;-24
0.75;-24
0.775;-24
0.8;-24
0.825;-24
0.85;-24
0.875;-24.4
0.9;-24
0.925;-24.4
0.95;-24
0.975;-24.4
1;-24
1.025;-24
1.05;-24
1.075;-24.4
1.1;-24.4
1.125;-24.4
1.15;-24.4
1.175;-24.8
1.2;-24.4
1.225;-24
1.25;-24
1.275;-24.4
1.3;-24.4
1.325;-24.4
1.35;-24.4
1.375;-24.8
1.4;-24.4
1.425;-24.4
1.45;-24.4
1.475;-24.4
1.5;-24.4
1.525;-24.4
1.55;-24
1.575;-24.4
1.6;-24.4
1.625;-24.4
1.65;-24
1.675;-24.8
1.7;-24.4
1.725;-24.4
1.75;-24
1.775;-24.4
1.8;-24
1.825;-24.4
1.85;-24.4
1.875;-24.8
1.9;-24.4
1.925;-24
1.95;-24
1.975;-24.8
2;-24.4
2.025;-24.4
2.05;-24.4
2.075;-24.8
2.1;-24.4
2.125;-24.8
2.15;-24.4
2.175;-24.8
2.2;-24.4
2.225;-24.4
2.25;-24.4
2.275;-24.8
2.3;-24.4
2.325;-24.8
2.35;-24.4
2.375;-24.8
2.4;-24.4
2.425;-24.8
2.45;-24.4
2.475;-24.8
2.5;-24.4
2.525;-24.8
2.55;-24.4
2.575;-24.8
2.6;-24.8
2.625;-24.8
2.65;-24.8
2.675;-25.2
2.7;-25.2
2.725;-24.8
2.75;-24.8
2.775;-24.8
2.8;-24.8
2.825;-24.8
2.85;-24.8
2.875;-25.2
2.9;-24.8
2.925;-25.2
2.95;-24.8
2.975;-25.2
3;-24.8
3.025;-24.8
3.05;-24.8
3.075;-25.2
3.1;-24.8
3.125;-24.4
3.15;-24.4
3.175;-25.2
3.2;-25.2
3.225;-25.2
3.25;-24.8
3.275;-25.2
3.3;-24.8
3.325;-25.2
3.35;-24.8
3.375;-25.2
3.4;-25.2
3.425;-25.2
3.45;-24.8
3.475;-25.2
3.5;-25.2
3.525;-25.2
3.55;-24.8
3.575;-25.6
3.6;-25.2
3.625;-25.2
3.65;-25.2
3.675;-25.6
3.7;-25.6
3.725;-25.2
3.75;-24.8
3.775;-25.6
3.8;-25.2
3.825;-24.8
3.85;-24.8
3.875;-25.6
3.9;-25.6
3.925;-25.6
3.95;-24.8
3.975;-25.6
4;-25.2
4.025;-25.2
4.05;-25.2
4.075;-25.6
4.1;-25.6
4.125;-25.6
4.15;-25.2
4.175;-25.6
4.2;-25.2
4.225;-25.6
4.25;-25.6
4.275;-25.6
4.3;-25.6
4.325;-25.6
4.35;-25.2
4.375;-26
4.4;-26
4.425;-25.6
4.45;-25.6
4.475;-25.6
4.5;-25.6
4.525;-25.6
4.55;-25.2
4.575;-26
4.6;-25.2
4.625;-26
4.65;-25.2
4.675;-26
4.7;-25.6
4.725;-26
4.75;-25.2
4.775;-26
4.8;-25.2
4.825;-25.6
4.85;-25.6
4.875;-26
4.9;-26
4.925;-25.6
4.95;-25.6
4.975;-26.4
5;-26
5.025;-26
5.05;-26
5.075;-26
5.1;-26
5.125;-26
5.15;-26
5.175;-26
5.2;-26
5.225;-26
5.25;-26
5.275;-26.4
5.3;-26
5.325;-26
5.35;-26
5.375;-26.4
5.4;-26
5.425;-26.4
5.45;-26
5.475;-26.4
5.5;-26.4
5.525;-26.4
5.55;-26
5.575;-26.4
5.6;-26.4
5.625;-26
5.65;-26
5.675;-26.4
5.7;-26.4
5.725;-26.4
5.75;-26.4
5.775;-26.8
5.8;-26.4
5.825;-26.4
5.85;-26.4
5.875;-26.8
5.9;-26.4
5.925;-26.8
5.95;-26.4
5.975;-26.8
6;-26.4
6.025;-26.8
6.05;-26.4
6.075;-27.2
6.1;-26.8
6.125;-26.8
6.15;-26.4
6.175;-27.2
6.2;-26.8
6.225;-26.8
6.25;-26.4
6.275;-26.8
6.3;-26.8
6.325;-26.8
6.35;-26.8
6.375;-27.2
6.4;-26.8
6.425;-27.2
6.45;-26.8
6.475;-27.2
6.5;-26.8
6.525;-26.8
6.55;-26.8
6.575;-27.6
6.6;-26.8
6.625;-27.2
6.65;-26.8
6.675;-27.2
6.7;-27.2
6.725;-27.2
6.75;-26.8
6.775;-27.2
6.8;-26.8
6.825;-27.2
6.85;-26.8
6.875;-27.2
6.9;-27.2
6.925;-27.2
6.95;-26.8
6.975;-27.2
7;-26.8
7.025;-26.8
7.05;-26.8
7.075;-27.2
7.1;-27.2
7.125;-27.2
7.15;-26.8
7.175;-27.6
7.2;-27.2
7.225;-27.6
7.25;-27.2
7.275;-27.6
7.3;-27.2
7.325;-27.2
7.35;-27.2
7.375;-28
7.4;-27.6
7.425;-27.6
7.45;-27.2
7.475;-27.6
7.5;-27.6
7.525;-27.6
7.55;-27.6
7.575;-28
7.6;-27.6
7.625;-27.6
7.65;-27.6
7.675;-28
7.7;-27.6
7.725;-28
7.75;-27.6
7.775;-28
7.8;-27.6
7.825;-27.6
7.85;-27.6
7.875;-28.4
7.9;-28
7.925;-28
7.95;-27.6
7.975;-28
8;-28
8.025;-28.4
8.05;-27.6
8.075;-28.4
8.1;-27.6
8.125;-28
8.15;-28
8.175;-28.4
8.2;-28
8.225;-28
8.25;-28
8.275;-28.4
8.3;-28
8.325;-28
8.35;-28
8.375;-28.4
8.4;-28
8.425;-28
8.45;-28
8.475;-28.4
8.5;-28.4
8.525;-28
8.55;-28
8.575;-28.4
8.6;-28.4
8.625;-28.4
8.65;-28
8.675;-28.4
8.7;-28.4
8.725;-28.4
8.75;-28.4
8.775;-28.8
8.8;-28.4
8.825;-28.4
8.85;-28.4
8.875;-28.8
8.9;-28.4
8.925;-28.4
8.95;-28.4
8.975;-28.8
9;-28.8
9.025;-28.8
9.05;-28.4
9.075;-28.8
9.1;-28.8
9.125;-28.4
9.15;-28.4
9.175;-28.8
9.2;-28.8
9.225;-28.8
9.25;-28.8
9.275;-29.2
9.3;-28.8
9.325;-28.8
9.35;-28.8
9.375;-29.2
9.4;-28.8
9.425;-29.2
9.45;-28.8
9.475;-29.2
9.5;-29.2
9.525;-29.2
9.55;-28.8
9.575;-29.2
9.6;-29.2
9.625;-28.8
9.65;-28.8
9.675;-29.2
9.7;-29.2
9.725;-29.2
9.75;-29.2
9.775;-29.6
9.8;-29.6
9.825;-29.6
9.85;-29.2
9.875;-29.6
9.9;-29.6
9.925;-29.2
9.95;-29.2
9.975;-29.6
10;-29.6
10.025;-29.6
10.05;-29.2
10.075;-30
10.1;-29.2
10.125;-29.2
10.15;-29.2
10.175;-29.6
10.2;-29.6
10.225;-29.6
10.25;-29.6
10.275;-30
10.3;-29.6
10.325;-29.6
10.35;-29.6
10.375;-30
10.4;-30
10.425;-29.6
10.45;-29.6
10.475;-30
10.5;-30
10.525;-29.6
10.55;-29.6
10.575;-30
10.6;-30
10.625;-30
10.65;-29.6
10.675;-30
10.7;-30
10.725;-30
10.75;-30
10.775;-30
10.8;-30
10.825;-30
10.85;-30
10.875;-30.4
10.9;-30
10.925;-30
10.95;-30
10.975;-30.4
11;-30
11.025;-30.4
11.05;-30
11.075;-30.4
11.1;-30.4
11.125;-30.4
11.15;-30.4
11.175;-30.4
11.2;-30.4
11.225;-30.4
11.25;-30
11.275;-30.8
11.3;-30.8
11.325;-30.4
11.35;-30.4
11.375;-30.8
11.4;-30.4
11.425;-30.8
11.45;-30.4
11.475;-30.8
11.5;-30.4
11.525;-30.4
11.55;-30.4
11.575;-30.8
11.6;-30.8
11.625;-30.8
11.65;-30.4
11.675;-30.8
11.7;-30.8
11.725;-30.8
11.75;-30.8
11.775;-31.2
11.8;-31.2
11.825;-31.2
11.85;-30.8
11.875;-31.2
11.9;-31.2
11.925;-31.2
11.95;-31.2
11.975;-31.2
12;-31.2
12.025;-31.2
12.05;-30.8
12.075;-31.6
12.1;-31.2
12.125;-31.2
12.15;-31.2
12.175;-31.6
12.2;-31.6
12.225;-31.6
12.25;-31.2
12.275;-31.6
12.3;-31.6
12.325;-31.6
12.35;-31.6
12.375;-32
12.4;-31.6
12.425;-31.6
12.45;-31.6
12.475;-32
12.5;-32
12.525;-32
12.55;-31.6
12.575;-32
12.6;-32
12.625;-32
12.65;-32
12.675;-32
12.7;-32
12.725;-32
12.75;-32
12.775;-32.4
12.8;-32
12.825;-31.6
12.85;-31.6
12.875;-32.4
12.9;-32
12.925;-32
12.95;-32
12.975;-32.4
13;-32
13.025;-32
13.05;-31.6
13.075;-32
13.1;-32
13.125;-32
13.15;-32
13.175;-32
13.2;-32
13.225;-32
13.25;-32
13.275;-32
13.3;-32
13.325;-32.4
13.35;-32
13.375;-32.4
13.4;-32
13.425;-32
13.45;-32
13.475;-32.4
13.5;-32.4
13.525;-32.4
13.55;-32
13.575;-32.8
13.6;-32.4
13.625;-32.4
13.65;-32
13.675;-32.4
13.7;-32.4
13.725;-32.4
13.75;-32.4
13.775;-32.8
13.8;-32.4
13.825;-32.4
13.85;-32.4
13.875;-32.8
13.9;-32.4
13.925;-32.4
13.95;-32.4
13.975;-32.8
14;-32.8
14.025;-32.4
14.05;-32.4
14.075;-32.8
14.1;-32.8
14.125;-32.8
14.15;-32.8
14.175;-32.8
14.2;-32.8
14.225;-32.8
14.25;-32.8
14.275;-32.8
14.3;-32.8
14.325;-33.2
14.35;-32.4
14.375;-33.2
14.4;-32.4
14.425;-32.8
14.45;-32.8
14.475;-33.2
14.5;-32.8
14.525;-32.8
14.55;-32.8
14.575;-33.2
14.6;-32.8
14.625;-33.2
14.65;-32.8
14.675;-33.2
14.7;-33.2
14.725;-33.2
14.75;-32.8
14.775;-33.6
14.8;-33.2
14.825;-33.2
14.85;-32.8
14.875;-33.2
14.9;-33.2
14.925;-33.2
14.95;-33.2
14.975;-33.6
15;-33.6
15.025;-33.2
15.05;-33.2
15.075;-33.6
15.1;-33.2
15.125;-33.2
15.15;-33.2
15.175;-33.6
15.2;-33.6
15.225;-33.6
15.25;-33.6
15.275;-34
15.3;-33.6
15.325;-33.6
15.35;-33.2
15.375;-34
15.4;-33.6
15.425;-33.6
15.45;-33.6
15.475;-34
15.5;-33.6
15.525;-33.6
15.55;-33.6
15.575;-34
15.6;-33.6
15.625;-34
15.65;-33.6
15.675;-34
15.7;-34
15.725;-34
15.75;-33.6
15.775;-34
15.8;-34
15.825;-34
15.85;-33.6
15.875;-34
15.9;-34
15.925;-34
15.95;-34
15.975;-34.4
16;-34.4
16.025;-34
16.05;-34
16.075;-34.4
16.1;-34.4
16.125;-34.4
16.15;-34
16.175;-34.8
16.2;-34.8
16.225;-34.4
16.25;-34
16.275;-34.4
16.3;-34
16.325;-34.4
16.35;-34.4
16.375;-34.8
16.4;-34.8
16.425;-34.8
16.45;-34.4
16.475;-34.8
16.5;-34.4
16.525;-34.4
16.55;-34.4
16.575;-35.2
16.6;-35.2
16.625;-34.8
16.65;-34.8
16.675;-35.2
16.7;-35.2
16.725;-34.8
16.75;-34.8
16.775;-35.2
16.8;-34.8
16.825;-35.2
16.85;-34.8
16.875;-35.2
16.9;-35.2
16.925;-35.2
16.95;-34.8
16.975;-35.2
17;-35.2
17.025;-35.2
17.05;-35.2
17.075;-35.2
17.1;-35.2
17.125;-35.2
17.15;-35.2
17.175;-35.6
17.2;-35.6
17.225;-35.2
17.25;-35.2
17.275;-35.6
17.3;-35.6
17.325;-35.6
17.35;-35.6
17.375;-36
17.4;-35.6
17.425;-35.6
17.45;-35.6
17.475;-36
17.5;-36
17.525;-36
17.55;-35.6
17.575;-36.4
17.6;-36
17.625;-36
17.65;-36
17.675;-36
17.7;-36
17.725;-36
17.75;-36
17.775;-36.4
17.8;-36
17.825;-36
17.85;-36
17.875;-36.4
17.9;-36
17.925;-36
17.95;-36
17.975;-36.4
18;-36.4
18.025;-36.4
18.05;-36.4
18.075;-36.4
18.1;-36.4
18.125;-36.4
18.15;-36.4
18.175;-36.8
18.2;-36.8
18.225;-36.4
18.25;-36.4
18.275;-36.8
18.3;-36.8
18.325;-36.8
18.35;-36.4
18.375;-37.2
18.4;-37.2
18.425;-36.4
18.45;-36.4
18.475;-36.8
18.5;-36.8
18.525;-36.8
18.55;-36.8
18.575;-37.2
18.6;-36.8
18.625;-37.2
18.65;-36.8
18.675;-37.2
18.7;-36.8
18.725;-36.8
18.75;-36.8
18.775;-37.2
18.8;-36.8
18.825;-37.2
18.85;-36.8
18.875;-37.2
18.9;-37.2
18.925;-37.2
18.95;-37.2
18.975;-37.6
19;-37.2
19.025;-37.6
19.05;-37.2
19.075;-37.6
19.1;-37.6
19.125;-37.6
19.15;-37.2
19.175;-37.6
19.2;-37.6
19.225;-37.6
19.25;-37.6
19.275;-38
19.3;-37.6
19.325;-37.6
19.35;-37.6
19.375;-38
19.4;-38
19.425;-38
19.45;-37.6
19.475;-38
19.5;-38
19.525;-38
19.55;-37.6
19.575;-38
19.6;-38
19.625;-38
19.65;-38
19.675;-38.4
19.7;-38
19.725;-38
19.75;-38
19.775;-38.4
19.8;-38.4
19.825;-38
19.85;-38
19.875;-38.4
19.9;-38
19.925;-38.4
19.95;-38
19.975;-38.4
20;-38.4
20.025;-38
20.05;-38
20.075;-38.8
20.1;-38
20.125;-38.4
20.15;-38
20.175;-38.4
20.2;-38.4
20.225;-38.4
20.25;-38
20.275;-38.4
20.3;-38.4
20.325;-38.4
20.35;-38
20.375;-38.4
20.4;-38.4
20.425;-38
20.45;-38
20.475;-38.8
20.5;-38
20.525;-38.4
20.55;-38
20.575;-38.4
20.6;-38.4
20.625;-38.4
20.65;-38
20.675;-38.4
20.7;-38.4
20.725;-38.4
20.75;-38
20.775;-38.8
20.8;-38.4
20.825;-38.4
20.85;-38
20.875;-38.4
20.9;-38.4
20.925;-38.4
20.95;-38.4
20.975;-38.4
21;-38.4
21.025;-38.4
21.05;-38
21.075;-38.8
21.1;-38.8
21.125;-38.4
21.15;-38.4
21.175;-38.8
21.2;-38.8
21.225;-38.4
21.25;-38.4
21.275;-38.8
21.3;-38.8
21.325;-38.8
21.35;-38.4
21.375;-38.8
21.4;-38.8
21.425;-38.8
21.45;-38.4
21.475;-38.8
21.5;-38.8
21.525;-38.4
21.55;-38.4
21.575;-38.8
21.6;-38.4
21.625;-38.8
21.65;-38.4
21.675;-39.2
21.7;-38.8
21.725;-39.2
21.75;-38.8
21.775;-39.2
21.8;-38.8
21.825;-38.8
21.85;-38.8
21.875;-39.2
21.9;-39.2
21.925;-38.8
21.95;-38.8
21.975;-39.2
22;-38.8
22.025;-39.2
22.05;-38.8
22.075;-39.2
22.1;-38.8
22.125;-39.2
22.15;-39.2
22.175;-39.6
22.2;-39.2
22.225;-39.6
22.25;-39.2
22.275;-40.4
22.3;-39.6
22.325;-39.6
22.35;-39.2
22.375;-39.6
22.4;-39.6
22.425;-39.2
22.45;-39.2
22.475;-39.6
22.5;-39.6
22.525;-39.6
22.55;-39.6
22.575;-40
22.6;-39.6
22.625;-39.6
22.65;-39.6
22.675;-40
22.7;-39.6
22.725;-40.4
22.75;-39.6
22.775;-40.4
22.8;-40
22.825;-39.6
22.85;-39.6
22.875;-40
22.9;-40
22.925;-40
22.95;-39.6
22.975;-40.4
23;-39.6
23.025;-40
23.05;-40
23.075;-40.4
23.1;-40
23.125;-40
23.15;-40
23.175;-40.4
23.2;-40
23.225;-40
23.25;-40
23.275;-40.4
23.3;-40.4
23.325;-40.4
23.35;-40.4
23.375;-40.8
23.4;-40.4
23.425;-40.4
23.45;-40.4
23.475;-40.8
23.5;-40.8
23.525;-40.8
23.55;-40.8
23.575;-40.8
23.6;-40.8
23.625;-40.8
23.65;-40.8
23.675;-41.6
23.7;-41.2
23.725;-41.2
23.75;-40.8
23.775;-41.6
23.8;-41.2
23.825;-41.2
23.85;-41.2
23.875;-41.2
23.9;-41.2
23.925;-41.2
23.95;-41.2
23.975;-41.6
24;-41.2
24.025;-41.6
24.05;-41.2
24.075;-41.6
24.1;-41.2
24.125;-41.6
24.15;-41.6
24.175;-42
24.2;-42
24.225;-41.6
24.25;-41.6
24.275;-42
24.3;-42
24.325;-41.6
24.35;-41.6
24.375;-42.4
24.4;-41.6
24.425;-42
24.45;-41.6
24.475;-42.4
24.5;-42
24.525;-42.4
24.55;-42
24.575;-42.4
24.6;-42
24.625;-42.4
24.65;-42.4
24.675;-42.8
24.7;-42.4
24.725;-42.4
24.75;-42.4
24.775;-42.8
24.8;-42.8
24.825;-42.4
24.85;-42.4
24.875;-42.8
24.9;-42.8
24.925;-42.8
24.95;-42.4
24.975;-43.2
25;-42.8
25.025;-42.8
25.05;-42.8
25.075;-43.2
25.1;-42.8
25.125;-42.8
25.15;-42.8
25.175;-43.2
25.2;-43.2
25.225;-43.6
25.25;-42.8
25.275;-43.6
25.3;-43.2
25.325;-43.2
25.35;-42.8
25.375;-43.6
25.4;-43.6
25.425;-43.2
25.45;-43.2
25.475;-43.6
25.5;-43.6
25.525;-43.2
25.55;-43.2
25.575;-44
25.6;-43.6
25.625;-43.6
25.65;-43.2
25.675;-44
25.7;-43.6
25.725;-44
25.75;-43.6
25.775;-44
25.8;-43.6
25.825;-43.6
25.85;-43.6
25.875;-44
25.9;-44
25.925;-44
25.95;-44
25.975;-44
26;-44
26.025;-44
26.05;-44
26.075;-44
26.1;-44
26.125;-44
26.15;-44
26.175;-44.4
26.2;-44.4
26.225;-44.4
26.25;-44
26.275;-44.4
26.3;-44
26.325;-44
26.35;-44
26.375;-44.4
26.4;-44.4
26.425;-44.4
26.45;-44.4
26.475;-44.8
26.5;-44.4
26.525;-44.4
26.55;-44.4
26.575;-44.8
26.6;-44.4
26.625;-44.4
26.65;-44.4
26.675;-44.8
26.7;-44.8
26.725;-44.8
26.75;-44.4
26.775;-44.8
26.8;-44.8
26.825;-44.8
26.85;-44.4
26.875;-44.8
26.9;-44.8
26.925;-44.4
26.95;-44.4
26.975;-44.8
27;-44.8
27.025;-44.8
27.05;-44.4
27.075;-44.8
27.1;-44.8
27.125;-44.8
27.15;-44.4
27.175;-44.8
27.2;-44.4
27.225;-44.4
27.25;-44.4
27.275;-44.8
27.3;-44.8
27.325;-44.8
27.35;-44.8
27.375;-44.8
27.4;-44.8
27.425;-44.8
27.45;-44.8
27.475;-44.8
27.5;-44.8
27.525;-44.8
27.55;-44.4
27.575;-45.2
27.6;-44.8
27.625;-44.8
27.65;-44.8
27.675;-45.2
27.7;-45.2
27.725;-45.2
27.75;-45.2
27.775;-45.6
27.8;-45.6
27.825;-45.2
27.85;-45.2
27.875;-45.6
27.9;-45.6
27.925;-45.6
27.95;-45.6
27.975;-45.6
28;-45.6
28.025;-45.6
28.05;-45.2
28.075;-46
28.1;-46
28.125;-46
28.15;-45.6
28.175;-46
28.2;-46
28.225;-46
28.25;-45.6
28.275;-46.4
28.3;-46
28.325;-45.6
28.35;-45.6
28.375;-46.4
28.4;-46
28.425;-46.4
28.45;-46
28.475;-46.4
28.5;-46.4
28.525;-46.4
28.55;-46
28.575;-46.8
28.6;-46.4
28.625;-46.4
28.65;-46
28.675;-46.8
28.7;-46.4
28.725;-46.4
28.75;-46.4
28.775;-46.8
28.8;-46.8
28.825;-46.8
28.85;-46.8
28.875;-46.8
28.9;-46.8
28.925;-46.8
28.95;-46.8
28.975;-47.2
29;-47.2
29.025;-46.8
29.05;-46.8
29.075;-47.2
29.1;-47.2
29.125;-47.2
29.15;-47.2
29.175;-47.2
29.2;-47.2
29.225;-47.6
29.25;-47.2
29.275;-47.6
29.3;-47.2
29.325;-47.6
29.35;-47.6
29.375;-47.6
29.4;-47.6
29.425;-47.6
29.45;-47.6
29.475;-48
29.5;-48
29.525;-47.6
29.55;-47.6
29.575;-48
29.6;-48
29.625;-48
29.65;-48
29.675;-48.4
29.7;-48.4
29.725;-48
29.75;-48
29.775;-48.8
29.8;-48.4
29.825;-48.4
29.85;-48
29.875;-48.8
29.9;-48.8
29.925;-48.8
29.95;-48.4
29.975;-48.8
30;-48.8
30.025;-49.2
30.05;-48.8
30.075;-49.2
30.1;-49.2
30.125;-48.8
30.15;-48.8
30.175;-49.2
30.2;-49.2
30.225;-49.2
30.25;-49.2
30.275;-49.2
30.3;-49.2
30.325;-49.6
30.35;-49.2
30.375;-49.6
30.4;-49.2
30.425;-49.2
30.45;-49.2
30.475;-49.6
30.5;-49.2
30.525;-49.2
30.55;-49.2
30.575;-49.6
30.6;-49.2
30.625;-49.2
30.65;-49.2
30.675;-49.6
30.7;-49.6
30.725;-49.6
30.75;-49.2
30.775;-49.6
30.8;-49.6
30.825;-49.6
30.85;-49.2
30.875;-49.6
30.9;-49.2
30.925;-49.6
30.95;-49.2
30.975;-49.6
31;-49.6
31.025;-49.2
31.05;-49.2
31.075;-50
31.1;-49.6
31.125;-49.2
31.15;-49.2
31.175;-49.6
31.2;-49.6
31.225;-49.6
31.25;-49.6
31.275;-50
31.3;-50
31.325;-50
31.35;-50
31.375;-50
31.4;-50
31.425;-50
31.45;-50
31.475;-50.4
31.5;-50.4
31.525;-50
31.55;-50
31.575;-50.4
31.6;-50.4
31.625;-50.4
31.65;-50.4
31.675;-50.8
31.7;-50.4
31.725;-50.4
31.75;-50.4
31.775;-50.8
31.8;-50.8
31.825;-50.8
31.85;-50.8
31.875;-50.8
31.9;-50.8
31.925;-51.2
31.95;-50.8
31.975;-51.2
32;-50.8
32.025;-50.8
32.05;-50.8
32.075;-51.6
32.1;-51.2
32.125;-51.2
32.15;-51.2
32.175;-51.6
32.2;-51.6
32.225;-51.2
32.25;-51.2
32.275;-51.6
32.3;-51.6
32.325;-51.2
32.35;-51.2
32.375;-52
32.4;-52
32.425;-51.6
32.45;-51.6
32.475;-52
32.5;-51.6
32.525;-52
32.55;-51.6
32.575;-52
32.6;-51.6
32.625;-52
32.65;-51.6
32.675;-52
32.7;-52
32.725;-52
32.75;-52
32.775;-52.4
32.8;-52
32.825;-52
32.85;-52
32.875;-52.4
32.9;-52.4
32.925;-52
32.95;-52
32.975;-52.4
33;-52.4
33.025;-52.4
33.05;-52
33.075;-52.8
33.1;-52.4
33.125;-52.4
33.15;-52.4
33.175;-52.8
33.2;-52.8
33.225;-52.8
33.25;-52.8
33.275;-53.2
33.3;-52.8
33.325;-52.8
33.35;-52.8
33.375;-53.2
33.4;-53.2
33.425;-52.8
33.45;-52.8
33.475;-53.6
33.5;-53.2
33.525;-53.2
33.55;-53.2
33.575;-53.6
33.6;-53.6
33.625;-53.6
33.65;-53.2
33.675;-54
33.7;-53.6
33.725;-53.6
33.75;-53.6
33.775;-54
33.8;-54
33.825;-54
33.85;-53.6
33.875;-54.4
33.9;-54.4
33.925;-54
33.95;-54
33.975;-54.4
34;-54.4
34.025;-54.4
34.05;-54
34.075;-54.4
34.1;-54.4
34.125;-54
34.15;-54
34.175;-54.8
34.2;-54.4
34.225;-54.8
34.25;-54.4
34.275;-55.2
34.3;-54.8
34.325;-54.8
34.35;-54.4
34.375;-55.2
34.4;-54.8
34.425;-54.8
34.45;-54.8
34.475;-55.2
34.5;-54.8
34.525;-55.2
34.55;-54.4
34.575;-55.6
34.6;-55.2
34.625;-55.2
34.65;-54.8
34.675;-55.6
34.7;-55.6
34.725;-55.6
34.75;-55.2
34.775;-55.6
34.8;-55.6
34.825;-55.6
34.85;-55.6
34.875;-56
34.9;-55.6
34.925;-55.6
34.95;-55.6
34.975;-56
35;-56
35.025;-55.6
35.05;-55.6
35.075;-56
35.1;-56
35.125;-56
35.15;-55.6
35.175;-56
35.2;-55.6
35.225;-56
35.25;-55.6
35.275;-56
35.3;-56
35.325;-55.6
35.35;-55.6
35.375;-56
35.4;-55.6
35.425;-55.6
35.45;-55.6
35.475;-56
35.5;-55.6
35.525;-56
35.55;-56
35.575;-56.4
35.6;-56
35.625;-56
35.65;-56
35.675;-56.4
35.7;-56.4
35.725;-56.4
35.75;-56.4
35.775;-56.8
35.8;-56.8
35.825;-56.8
35.85;-56.4
35.875;-56.8
35.9;-56.8
35.925;-57.2
35.95;-56.8
35.975;-57.2
36;-57.2
36.025;-57.2
36.05;-57.2
36.075;-57.6
36.1;-57.6
36.125;-57.6
36.15;-57.6
36.175;-58
36.2;-58
36.225;-57.6
36.25;-57.6
36.275;-58
36.3;-58
36.325;-58
36.35;-58
36.375;-58.4
36.4;-58.4
36.425;-58.4
36.45;-58.4
36.475;-58.8
36.5;-58.8
36.525;-58.4
36.55;-58.4
36.575;-58.8
36.6;-58.8
36.625;-58.8
36.65;-58.8
36.675;-59.2
36.7;-59.2
36.725;-59.2
36.75;-58.8
36.775;-59.2
36.8;-59.2
36.825;-59.6
36.85;-59.2
36.875;-59.6
36.9;-59.6
36.925;-59.2
36.95;-59.2
36.975;-60
37;-59.6
37.025;-59.6
37.05;-59.6
37.075;-60
37.1;-59.6
37.125;-59.6
37.15;-59.6
37.175;-60
37.2;-60
37.225;-60
37.25;-59.6
37.275;-60
37.3;-60
37.325;-59.6
37.35;-59.6
37.375;-60
37.4;-60
37.425;-60
37.45;-59.6
37.475;-60
37.5;-59.6
37.525;-60
37.55;-59.6
37.575;-60
37.6;-59.6
37.625;-60
37.65;-59.6
37.675;-60
37.7;-59.6
37.725;-60
37.75;-59.6
37.775;-60.4
37.8;-60
37.825;-60
37.85;-60
37.875;-60.4
37.9;-60.4
37.925;-60
37.95;-60
37.975;-60.8
38;-60.4
38.025;-60.4
38.05;-60.4
38.075;-60.4
38.1;-60.4
38.125;-60.8
38.15;-60.4
38.175;-61.2
38.2;-60.8
38.225;-60.8
38.25;-60.8
38.275;-61.2
38.3;-61.2
38.325;-60.8
38.35;-60.8
38.375;-61.2
38.4;-61.2
38.425;-61.2
38.45;-61.2
38.475;-61.6
38.5;-61.6
38.525;-61.2
38.55;-61.2
38.575;-61.6
38.6;-61.6
38.625;-61.6
38.65;-61.6
38.675;-61.6
38.7;-61.6
38.725;-61.6
38.75;-61.6
38.775;-62
38.8;-62
38.825;-62
38.85;-61.6
38.875;-62
38.9;-62
38.925;-62
38.95;-62
38.975;-62.4
39;-62.4
39.025;-62.4
39.05;-62
39.075;-62.4
39.1;-62.4
39.125;-62
39.15;-62
39.175;-62.4
39.2;-62.4
39.225;-62.4
39.25;-62.4
39.275;-63.2
39.3;-63.2
39.325;-62.4
39.35;-62.4
39.375;-62.8
39.4;-62.8
39.425;-62.8
39.45;-62.8
39.475;-63.2
39.5;-63.2
39.525;-62.8
39.55;-62.8
39.575;-63.2
39.6;-63.2
39.625;-63.2
39.65;-62.8
39.675;-63.2
39.7;-62.8
39.725;-63.2
39.75;-63.2
39.775;-63.6
39.8;-63.6
39.825;-63.6
39.85;-63.2
39.875;-63.6
39.9;-63.6
39.925;-63.6
39.95;-63.6
39.975;-64
40;-64
40.025;-64
40.05;-63.6
40.075;-64
40.1;-64
40.125;-64
40.15;-63.6
40.175;-64
40.2;-64
40.225;-64
40.25;-64
40.275;-64.4
40.3;-64
40.325;-64.4
40.35;-64.4
40.375;-64.4
40.4;-64.4
40.425;-64.4
40.45;-64.4
40.475;-64.8
40.5;-64.8
40.525;-64.8
40.55;-64.4
40.575;-64.8
40.6;-64.8
40.625;-64.8
40.65;-64.8
40.675;-64.8
40.7;-64.8
40.725;-64.8
40.75;-64.8
40.775;-65.2
40.8;-65.2
40.825;-65.2
40.85;-65.2
40.875;-65.6
40.9;-65.2
40.925;-65.2
40.95;-65.2
40.975;-65.6
41;-65.6
41.025;-65.2
41.05;-65.2
41.075;-65.6
41.1;-65.6
41.125;-65.6
41.15;-65.6
41.175;-65.6
41.2;-65.6
41.225;-65.6
41.25;-65.2
41.275;-65.6
41.3;-65.6
41.325;-65.6
41.35;-65.2
41.375;-66
41.4;-65.2
41.425;-65.6
41.45;-65.2
41.475;-65.6
41.5;-65.6
41.525;-65.6
41.55;-65.6
41.575;-66
41.6;-65.6
41.625;-65.6
41.65;-65.2
41.675;-65.6
41.7;-65.2
41.725;-65.6
41.75;-65.6
41.775;-66
41.8;-66
41.825;-66.4
41.85;-66
41.875;-66.4
41.9;-66.4
41.925;-66.4
41.95;-66.4
41.975;-66.8
42;-66.4
42.025;-66.4
42.05;-66.4
42.075;-66.8
42.1;-66.8
42.125;-66.8
42.15;-66.8
42.175;-67.2
42.2;-67.2
42.225;-67.2
42.25;-67.2
42.275;-67.6
42.3;-67.6
42.325;-67.2
42.35;-67.2
42.375;-68
42.4;-68
42.425;-67.6
42.45;-67.6
42.475;-68
42.5;-68
42.525;-68
42.55;-68
42.575;-69.2
42.6;-68.4
42.625;-68
42.65;-68
42.675;-68.4
42.7;-68.4
42.725;-68.4
42.75;-68.4
42.775;-69.2
42.8;-68.8
42.825;-68.8
42.85;-68.4
42.875;-69.2
42.9;-68.8
42.925;-69.2
42.95;-69.2
42.975;-69.6
43;-69.6
43.025;-69.2
43.05;-69.2
43.075;-69.6
43.1;-69.6
43.125;-69.6
43.15;-69.6
43.175;-70
43.2;-69.6
43.225;-69.6
43.25;-69.6
43.275;-70
43.3;-69.6
43.325;-69.6
43.35;-69.6
43.375;-70
43.4;-70
43.425;-69.6
43.45;-69.6
43.475;-70
43.5;-70
43.525;-69.6
43.55;-69.6
43.575;-70
43.6;-70
43.625;-69.6
43.65;-69.6
43.675;-70
43.7;-69.6
43.725;-69.6
43.75;-69.6
43.775;-70
43.8;-70
43.825;-70
43.85;-69.6
43.875;-70
43.9;-70
43.925;-70
43.95;-69.6
43.975;-70.4
44;-70.4
44.025;-70
44.05;-70
44.075;-70.4
44.1;-70.4
44.125;-70.4
44.15;-70
44.175;-70.8
44.2;-70.4
44.225;-70.4
44.25;-70.4
44.275;-70.4
44.3;-70.4
44.325;-70.4
44.35;-70.4
44.375;-70.8
44.4;-70.8
44.425;-70.8
44.45;-70.4
44.475;-70.8
44.5;-70.4
44.525;-70.8
44.55;-70.8
44.575;-71.2
44.6;-70.8
44.625;-71.2
44.65;-70.4
44.675;-71.2
44.7;-71.2
44.725;-71.2
44.75;-71.2
44.775;-71.2
44.8;-71.2
44.825;-71.2
44.85;-70.8
44.875;-71.6
44.9;-71.6
44.925;-71.6
44.95;-71.2
44.975;-72
45;-72
45.025;-71.6
45.05;-71.2
45.075;-71.6
45.1;-71.6
45.125;-71.6
45.15;-71.6
45.175;-72
45.2;-71.6
45.225;-71.6
45.25;-71.6
45.275;-72
45.3;-72
45.325;-72
45.35;-72
45.375;-72.4
45.4;-72
45.425;-72
45.45;-72
45.475;-72.4
45.5;-72.4
45.525;-72
45.55;-72
45.575;-72.8
45.6;-72.8
45.625;-72.4
45.65;-72.4
45.675;-72.8
45.7;-72.8
45.725;-72.8
45.75;-72.4
45.775;-72.8
45.8;-72.8
45.825;-72.8
45.85;-72.4
45.875;-73.6
45.9;-73.6
45.925;-73.2
45.95;-72.8
45.975;-73.2
46;-73.2
46.025;-73.2
46.05;-73.2
46.075;-73.6
46.1;-73.2
46.125;-73.6
46.15;-73.2
46.175;-73.6
46.2;-73.6
46.225;-74
46.25;-73.6
46.275;-74
46.3;-74
46.325;-74
46.35;-74
46.375;-74.4
46.4;-74
46.425;-74
46.45;-73.6
46.475;-74.4
46.5;-74
46.525;-74.4
46.55;-74
46.575;-74.4
46.6;-74.4
46.625;-74.4
46.65;-74.4
46.675;-74.8
46.7;-74.8
46.725;-74.4
46.75;-74.4
46.775;-75.2
46.8;-74.4
46.825;-74.8
46.85;-74.8
46.875;-74.8
46.9;-74.8
46.925;-74.8
46.95;-74.4
46.975;-74.8
47;-74.4
47.025;-74.8
47.05;-74.4
47.075;-74.8
47.1;-74.4
47.125;-74.8
47.15;-74.4
47.175;-74.8
47.2;-74.4
47.225;-74.8
47.25;-74.4
47.275;-74.8
47.3;-74.8
47.325;-75.2
47.35;-74.8
47.375;-75.2
47.4;-75.2
47.425;-74.8
47.45;-74.4
47.475;-75.2
47.5;-75.2
47.525;-75.2
47.55;-74.8
47.575;-75.2
47.6;-75.2
47.625;-75.6
47.65;-75.2
47.675;-75.6
47.7;-75.2
47.725;-75.6
47.75;-75.6
47.775;-76
47.8;-76
47.825;-75.6
47.85;-75.6
47.875;-76
47.9;-76
47.925;-76
47.95;-76
47.975;-76.4
48;-76.4
48.025;-76.4
48.05;-76
48.075;-76.4
48.1;-76.4
48.125;-76.4
48.15;-76.4
48.175;-76.8
48.2;-76.4
48.225;-76.4
48.25;-76.4
48.275;-76.8
48.3;-76.4
48.325;-76.8
48.35;-76.4
48.375;-77.2
48.4;-77.2
48.425;-76.8
48.45;-76.8
48.475;-77.2
48.5;-76.8
48.525;-76.8
48.55;-76.8
48.575;-77.2
48.6;-77.2
48.625;-77.2
48.65;-76.8
48.675;-77.2
48.7;-77.2
48.725;-77.2
48.75;-76.8
48.775;-77.6
48.8;-77.2
48.825;-77.2
48.85;-77.2
48.875;-77.6
48.9;-77.6
48.925;-77.6
48.95;-77.2
48.975;-77.6
49;-77.6
49.025;-77.6
49.05;-77.6
49.075;-77.6
49.1;-77.6
49.125;-77.6
49.15;-77.6
49.175;-78
49.2;-78
49.225;-78
49.25;-77.6
49.275;-78
49.3;-77.6
49.325;-77.6
49.35;-77.6
49.375;-78.4
49.4;-78
49.425;-78
49.45;-78
49.475;-78
49.5;-78
49.525;-78
49.55;-78
49.575;-78.4
49.6;-78.4
49.625;-78.4
49.65;-78
49.675;-78.4
49.7;-78.4
49.725;-78.4
49.75;-78
49.775;-78.8
49.8;-78
49.825;-78
49.85;-78
49.875;-78.8
49.9;-78.8
49.925;-78.4
49.95;-78.4
49.975;-78.8
50;-78.4
50.025;-78.4
50.05;-78.4
50.075;-78.8
50.1;-78.4
50.125;-78.4
50.15;-78.4
50.175;-78.8
50.2;-78.8
50.225;-78.8
50.25;-78.4
50.275;-78.8
50.3;-78.8
50.325;-78.4
50.35;-78.4
50.375;-78.8
50.4;-78.8
50.425;-78.8
50.45;-78.8
50.475;-79.2
50.5;-78.8
50.525;-79.2
50.55;-78.8
50.575;-79.2
50.6;-79.2
50.625;-79.2
50.65;-79.2
50.675;-79.6
50.7;-79.2
50.725;-79.2
50.75;-79.2
50.775;-79.6
50.8;-79.6
50.825;-79.6
50.85;-79.6
50.875;-80.4
50.9;-80
50.925;-79.6
50.95;-79.6
50.975;-80.4
51;-80
51.025;-80.4
51.05;-80
51.075;-80.4
51.1;-80.4
51.125;-80.4
51.15;-80
51.175;-80.8
51.2;-80.8
51.225;-80.8
51.25;-80.8
51.275;-81.2
51.3;-80.8
51.325;-80.8
51.35;-80.8
51.375;-81.2
51.4;-80.8
51.425;-81.2
51.45;-80.8
51.475;-81.6
51.5;-81.2
51.525;-81.2
51.55;-81.2
51.575;-81.6
51.6;-81.6
51.625;-81.6
51.65;-81.2
51.675;-82
51.7;-82
51.725;-81.6
51.75;-81.6
51.775;-82
51.8;-82
51.825;-82
51.85;-82
51.875;-82.4
51.9;-82
51.925;-82.4
51.95;-82
51.975;-82.4
52;-82
52.025;-82.4
52.05;-82.4
52.075;-82.8
52.1;-82.4
52.125;-82.8
52.15;-82.4
52.175;-82.8
52.2;-82.8
52.225;-82.8
52.25;-82.4
52.275;-82.8
52.3;-82.8
52.325;-82.8
52.35;-82.4
52.375;-83.2
52.4;-83.2
52.425;-82.8
52.45;-82.4
52.475;-83.2
52.5;-82.8
52.525;-82.8
52.55;-82.4
52.575;-82.8
52.6;-82.8
52.625;-82.8
52.65;-82.4
52.675;-82.8
52.7;-82.8
52.725;-82.8
52.75;-82.4
52.775;-83.2
52.8;-83.2
52.825;-82.8
52.85;-82.4
52.875;-83.2
52.9;-83.2
52.925;-83.2
52.95;-82.8
52.975;-83.6
53;-83.2
53.025;-83.2
53.05;-83.2
53.075;-83.6
53.1;-83.2
53.125;-83.6
53.15;-83.2
53.175;-83.6
53.2;-83.6
53.225;-83.6
53.25;-83.6
53.275;-84
53.3;-84
53.325;-83.6
53.35;-83.6
53.375;-84.4
53.4;-84
53.425;-84
53.45;-84
53.475;-84.4
53.5;-84.4
53.525;-84.4
53.55;-84.4
53.575;-84.8
53.6;-84.8
53.625;-84.8
53.65;-84.4
53.675;-84.8
53.7;-84.8
53.725;-84.8
53.75;-84.8
53.775;-85.2
53.8;-84.8
53.825;-85.2
53.85;-84.8
53.875;-85.2
53.9;-85.2
53.925;-85.2
53.95;-84.8
53.975;-85.2
54;-85.2
54.025;-85.2
54.05;-84.8
54.075;-85.2
54.1;-85.2
54.125;-85.6
54.15;-85.2
54.175;-85.6
54.2;-85.6
54.225;-85.6
54.25;-85.2
54.275;-85.6
54.3;-85.6
54.325;-85.6
54.35;-85.6
54.375;-86
54.4;-85.6
54.425;-86
54.45;-85.6
54.475;-86
54.5;-86
54.525;-86
54.55;-86
54.575;-86.4
54.6;-86.4
54.625;-86
54.65;-86
54.675;-86.4
54.7;-86.4
54.725;-86
54.75;-86
54.775;-86.4
54.8;-86.4
54.825;-86.4
54.85;-86.4
54.875;-86.8
54.9;-86.4
54.925;-86.4
54.95;-86.4
54.975;-86.8
55;-86.4
55.025;-86.8
55.05;-86.8
55.075;-87.2
55.1;-87.2
55.125;-86.8
55.15;-86.8
55.175;-87.2
55.2;-86.8
55.225;-86.8
55.25;-86.8
55.275;-87.2
55.3;-87.2
55.325;-86.8
55.35;-86.8
55.375;-87.6
55.4;-87.2
55.425;-86.8
55.45;-86.8
55.475;-87.6
55.5;-87.2
55.525;-87.2
55.55;-86.8
55.575;-87.6
55.6;-87.2
55.625;-87.2
55.65;-87.2
55.675;-87.6
55.7;-87.2
55.725;-87.2
55.75;-87.2
55.775;-87.6
55.8;-87.2
55.825;-87.2
55.85;-87.2
55.875;-87.6
55.9;-87.2
55.925;-87.6
55.95;-87.2
55.975;-88
56;-87.2
56.025;-88
56.05;-87.6
56.075;-88
56.1;-88
56.125;-87.6
56.15;-87.6
56.175;-88
56.2;-87.6
56.225;-87.6
56.25;-87.2
56.275;-88
56.3;-87.6
56.325;-87.6
56.35;-87.6
56.375;-88
56.4;-87.6
56.425;-87.6
56.45;-87.2
56.475;-87.6
56.5;-87.6
56.525;-87.6
56.55;-87.2
56.575;-87.6
56.6;-87.6
56.625;-87.2
56.65;-87.2
56.675;-88
56.7;-87.6
56.725;-88
56.75;-87.6
56.775;-88
56.8;-88
56.825;-88
56.85;-87.6
56.875;-88
56.9;-88
56.925;-87.6
56.95;-87.6
56.975;-88.4
57;-88
57.025;-88
57.05;-87.6
57.075;-88.4
57.1;-88.4
57.125;-88.4
57.15;-88
57.175;-88.4
57.2;-88.4
57.225;-88.4
57.25;-88.4
57.275;-88.8
57.3;-88.8
57.325;-88.4
57.35;-88.4
57.375;-88.8
57.4;-88.8
57.425;-89.2
57.45;-88.4
57.475;-89.2
57.5;-88.8
57.525;-88.4
57.55;-88.4
57.575;-89.2
57.6;-89.2
57.625;-89.2
57.65;-88.8
57.675;-89.2
57.7;-89.2
57.725;-88.8
57.75;-88.8
57.775;-89.6
57.8;-89.2
57.825;-89.6
57.85;-89.2
57.875;-89.6
57.9;-89.6
57.925;-89.2
57.95;-89.2
57.975;-90
58;-89.6
58.025;-89.6
58.05;-89.6
58.075;-90
58.1;-89.6
58.125;-90
58.15;-89.6
58.175;-90
58.2;-90
58.225;-90
58.25;-89.6
58.275;-90.4
58.3;-90
58.325;-90
58.35;-89.6
58.375;-90.4
58.4;-90.4
58.425;-90
58.45;-89.6
58.475;-90.4
58.5;-90
58.525;-90.4
58.55;-90
58.575;-90.4
58.6;-90.4
58.625;-90
58.65;-90
58.675;-90.8
58.7;-90.4
58.725;-90.4
58.75;-90.4
58.775;-90.4
58.8;-90.4
58.825;-90.4
58.85;-90.4
58.875;-90.8
58.9;-90.4
58.925;-90.4
58.95;-60.8
58.975;-90.8
59;-61.2
59.025;-61.2
59.05;-60.8
59.075;-61.2
59.1;-60.8
59.125;-61.2
59.15;-60.8
59.175;-61.6
59.2;-61.2
59.225;-61.6
59.25;-61.2
59.275;-61.6
59.3;-61.2
59.325;-61.6
59.35;-61.6
59.375;-62
59.4;-61.6
59.425;-61.6
59.45;-61.6
59.475;-62
59.5;-62
59.525;-62
59.55;-61.6
59.575;-62.4
59.6;-62.4
59.625;-62.4
59.65;-62
59.675;-62.4
59.7;-62.4
59.725;-62.8
59.75;-62.4
59.775;-62.8
59.8;-62.8
59.825;-62.8
59.85;-62.4
59.875;-62.8
59.9;-62.8
59.925;-62.8
59.95;-62.8
59.975;-63.2
60;-62.8
60.025;-63.2
60.05;-62.8
60.075;-63.2
60.1;-63.2
60.125;-63.2
60.15;-62.8
60.175;-63.6
60.2;-63.2
60.225;-63.2
60.25;-62.8
60.275;-63.6
60.3;-63.6
60.325;-63.6
60.35;-63.2
60.375;-63.6
60.4;-63.6
60.425;-63.6
60.45;-63.2
60.475;-63.6
60.5;-63.6
60.525;-63.6
60.55;-63.6
60.575;-64
60.6;-64
60.625;-63.6
60.65;-63.6
60.675;-64
60.7;-64
60.725;-64
60.75;-63.6
60.775;-64
60.8;-64
60.825;-64
60.85;-64
60.875;-64.4
60.9;-64.4
60.925;-64
60.95;-64
60.975;-64.4
61;-64.4
61.025;-64
61.05;-64
61.075;-64.4
61.1;-64
61.125;-64
61.15;-64
61.175;-64.4
61.2;-64.4
61.225;-64
61.25;-64
61.275;-64.4
61.3;-64
61.325;-64.4
61.35;-64
61.375;-64.4
61.4;-64.4
61.425;-64.4
61.45;-64
61.475;-64.4
61.5;-64
61.525;-64.4
61.55;-64.4
61.575;-64.8
61.6;-64.4
61.625;-64.4
61.65;-64
61.675;-64.8
61.7;-64.8
61.725;-64.8
61.75;-64.4
61.775;-64.8
61.8;-64.8
61.825;-64.8
61.85;-64.4
61.875;-64.8
61.9;-64.8
61.925;-64.8
61.95;-64.8
61.975;-65.2
62;-65.2
62.025;-64.8
62.05;-64.8
62.075;-65.2
62.1;-64.8
62.125;-65.2
62.15;-64.8
62.175;-65.2
62.2;-65.2
62.225;-64.8
62.25;-64.8
62.275;-65.2
62.3;-65.2
62.325;-65.2
62.35;-65.2
62.375;-65.6
62.4;-65.2
62.425;-65.2
62.45;-65.2
62.475;-66
62.5;-66
62.525;-65.2
62.55;-65.2
62.575;-66
62.6;-65.6
62.625;-66
62.65;-65.6
62.675;-66
62.7;-65.6
62.725;-65.6
62.75;-65.6
62.775;-66
62.8;-66
62.825;-66
62.85;-65.6
62.875;-66
62.9;-65.6
62.925;-65.6
62.95;-65.6
62.975;-66
63;-66
63.025;-66
63.05;-66
63.075;-66
63.1;-66
63.125;-66
63.15;-66
63.175;-66.4
63.2;-66.4
63.225;-66
63.25;-65.6
63.275;-66.4
63.3;-65.6
63.325;-66.4
63.35;-66
63.375;-66.4
63.4;-66.4
63.425;-66.4
63.45;-66
63.475;-66.8
63.5;-66.4
63.525;-66.4
63.55;-66.4
63.575;-66.8
63.6;-66.4
63.625;-66.4
63.65;-66.4
63.675;-66.8
63.7;-66.4
63.725;-66.8
63.75;-66.4
63.775;-66.8
63.8;-66.8
63.825;-66.8
63.85;-66.4
63.875;-67.2
63.9;-66.8
63.925;-66.4
63.95;-66.4
63.975;-66.8
64;-66.8
64.025;-66.8
64.05;-66.4
64.075;-66.8
64.1;-66.8
64.125;-66.8
64.15;-66.8
64.175;-67.2
64.2;-67.2
64.225;-67.2
64.25;-66.8
64.275;-67.2
64.3;-67.2
64.325;-67.2
64.35;-66.4
64.375;-67.2
64.4;-67.2
64.425;-67.2
64.45;-66.8
64.475;-67.2
64.5;-67.2
64.525;-67.2
64.55;-66.8
64.575;-67.6
64.6;-67.2
64.625;-67.2
64.65;-66.8
64.675;-67.2
64.7;-67.2
64.725;-66.8
64.75;-66.8
64.775;-67.6
64.8;-67.6
64.825;-67.2
64.85;-66.8
64.875;-67.6
64.9;-67.2
64.925;-66.8
64.95;-66.8
64.975;-67.6
65;-67.2
65.025;-67.6
65.05;-67.2
65.075;-67.6
65.1;-67.2
65.125;-67.2
65.15;-67.2
65.175;-67.6
65.2;-67.6
65.225;-67.6
65.25;-67.2
65.275;-68.4
65.3;-68.4
65.325;-67.6
65.35;-67.6
65.375;-68
65.4;-68
65.425;-67.6
65.45;-67.6
65.475;-68.4
65.5;-68
65.525;-68
65.55;-67.6
65.575;-68
65.6;-68
65.625;-68
65.65;-68
65.675;-68
65.7;-68
65.725;-68
65.75;-68
65.775;-68.4
65.8;-68.4
65.825;-68
65.85;-68
65.875;-68.4
65.9;-68.4
65.925;-68.4
65.95;-68
65.975;-68.4
66;-68
66.025;-68.4
66.05;-68.4
66.075;-68.4
66.1;-68.4
66.125;-68.4
66.15;-68
66.175;-68.8
66.2;-68.4
66.225;-68.4
66.25;-68.4
66.275;-68.8
66.3;-68.4
66.325;-68.4
66.35;-68.4
66.375;-68.8
66.4;-68.4
66.425;-68.8
66.45;-68.4
66.475;-68.8
66.5;-68.8
66.525;-68.4
66.55;-68.4
66.575;-68.8
66.6;-68.8
66.625;-68.8
66.65;-68.4
66.675;-68.8
66.7;-68.8
66.725;-68.8
66.75;-68.4
66.775;-69.2
66.8;-69.2
66.825;-68.8
66.85;-68.8
66.875;-69.2
66.9;-68.8
66.925;-69.2
66.95;-68.8
66.975;-69.2
67;-68.8
67.025;-69.2
67.05;-68.4
67.075;-69.2
67.1;-69.2
67.125;-69.2
67.15;-68.8
67.175;-69.2
67.2;-68.8
67.225;-69.2
67.25;-68.8
67.275;-69.6
67.3;-69.2
67.325;-68.8
67.35;-68.8
67.375;-69.6
67.4;-69.2
67.425;-69.2
67.45;-68.8
67.475;-69.6
67.5;-69.2
67.525;-69.2
67.55;-69.2
67.575;-69.6
67.6;-69.2
67.625;-69.2
67.65;-69.2
67.675;-69.6
67.7;-69.2
67.725;-69.6
67.75;-69.2
67.775;-69.6
67.8;-69.2
67.825;-69.6
67.85;-69.2
67.875;-69.6
67.9;-69.6
67.925;-69.6
67.95;-69.2
67.975;-69.6
68;-69.6
68.025;-69.6
68.05;-69.2
68.075;-69.6
68.1;-69.6
68.125;-69.6
68.15;-69.6
68.175;-70
68.2;-69.6
68.225;-69.6
68.25;-69.6
68.275;-70
68.3;-69.6
68.325;-70
68.35;-69.6
68.375;-70
68.4;-70
68.425;-69.6
68.45;-69.6
68.475;-70
68.5;-69.6
68.525;-69.6
68.55;-69.6
68.575;-70
68.6;-70
68.625;-70
68.65;-69.6
68.675;-70
68.7;-70
68.725;-70
68.75;-69.6
68.775;-70
68.8;-70
68.825;-70
68.85;-70
68.875;-70
68.9;-70
68.925;-70
68.95;-70
68.975;-70.4
69;-70.4
69.025;-70
69.05;-70
69.075;-70.4
69.1;-70.4
69.125;-70
69.15;-70
69.175;-70.4
69.2;-70.4
69.225;-70
69.25;-70
69.275;-70.4
69.3;-70.4
69.325;-70.4
69.35;-70.4
69.375;-70.8
69.4;-70.4
69.425;-70.4
69.45;-70.4
69.475;-70.4
69.5;-70.4
69.525;-70.4
69.55;-70.4
69.575;-70.8
69.6;-70.8
69.625;-70.4
69.65;-70.4
69.675;-70.8
69.7;-70.8
69.725;-70.8
69.75;-70.4
69.775;-70.8
69.8;-70.8
69.825;-70.8
69.85;-70.4
69.875;-71.2
69.9;-70.8
69.925;-70.8
69.95;-70.8
69.975;-71.2
70;-70.8
70.025;-70.8
70.05;-70.8
70.075;-71.2
70.1;-70.8
70.125;-70.8
70.15;-70.8
70.175;-71.2
70.2;-71.2
70.225;-70.8
70.25;-70.8
70.275;-71.2
70.3;-71.2
70.325;-71.2
70.35;-70.8
70.375;-71.2
70.4;-71.2
70.425;-71.2
70.45;-70.8
70.475;-71.6
70.5;-71.2
70.525;-71.6
70.55;-71.2
70.575;-71.6
70.6;-71.2
70.625;-71.2
70.65;-71.2
70.675;-71.2
70.7;-71.2
70.725;-71.6
70.75;-71.2
70.775;-71.6
70.8;-71.2
70.825;-71.2
70.85;-71.2
70.875;-71.6
70.9;-71.2
70.925;-71.2
70.95;-71.2
70.975;-71.6
71;-71.6
71.025;-71.2
71.05;-71.2
71.075;-71.6
71.1;-71.2
71.125;-71.6
71.15;-71.2
71.175;-71.6
71.2;-71.2
71.225;-71.6
71.25;-71.2
71.275;-72
71.3;-71.6
71.325;-71.6
71.35;-71.6
71.375;-72
71.4;-71.6
71.425;-72
71.45;-71.6
71.475;-72
71.5;-71.6
71.525;-72
71.55;-71.6
71.575;-72
71.6;-72
71.625;-72
71.65;-71.6
71.675;-72
71.7;-71.6
71.725;-72
71.75;-72
71.775;-72
71.8;-72
71.825;-72
71.85;-71.6
71.875;-72.4
71.9;-72.4
71.925;-72
71.95;-72
71.975;-72.4
72;-72.4
72.025;-72.4
72.05;-72
72.075;-72.4
72.1;-72.4
72.125;-72.4
72.15;-72
72.175;-72.4
72.2;-72.4
72.225;-72.4
72.25;-72
72.275;-72.4
72.3;-72.4
72.325;-72.4
72.35;-72.4
72.375;-72.4
72.4;-72.4
72.425;-72.8
72.45;-72.4
72.475;-72.8
72.5;-72.8
72.525;-72.8
72.55;-72.4
72.575;-72.8
72.6;-72.8
72.625;-72.8
72.65;-72.4
72.675;-73.2
72.7;-73.2
72.725;-72.8
72.75;-72.8
72.775;-73.2
72.8;-73.2
72.825;-72.8
72.85;-72.4
72.875;-73.2
72.9;-73.2
72.925;-72.8
72.95;-72.8
72.975;-73.2
73;-72.8
73.025;-72.8
73.05;-72.8
73.075;-73.2
73.1;-72.8
73.125;-73.2
73.15;-72.8
73.175;-73.2
73.2;-72.8
73.225;-73.2
73.25;-72.8
73.275;-73.6
73.3;-73.2
73.325;-73.2
73.35;-73.2
73.375;-73.2
73.4;-73.2
73.425;-73.2
73.45;-73.2
73.475;-73.6
73.5;-73.2
73.525;-73.2
73.55;-72.8
73.575;-73.6
73.6;-73.2
73.625;-73.6
73.65;-73.2
73.675;-74
73.7;-73.2
73.725;-73.2
73.75;-73.2
73.775;-73.2
73.8;-73.2
73.825;-73.2
73.85;-73.2
73.875;-73.6
73.9;-73.2
73.925;-73.2
73.95;-73.2
73.975;-73.6
74;-73.2
74.025;-73.2
74.05;-73.2
74.075;-73.2
74.1;-73.2
74.125;-73.2
74.15;-73.2
74.175;-73.6
74.2;-73.2
74.225;-73.2
74.25;-72.8
74.275;-73.2
74.3;-73.2
74.325;-73.2
74.35;-73.2
74.375;-73.6
74.4;-73.2
74.425;-73.6
74.45;-73.2
74.475;-73.6
74.5;-73.2
74.525;-73.2
74.55;-73.2
74.575;-73.6
74.6;-73.2
74.625;-73.2
74.65;-73.2
74.675;-74
74.7;-74
74.725;-73.6
74.75;-73.6
74.775;-74
74.8;-74
74.825;-73.6
74.85;-73.6
74.875;-74.4
74.9;-74
74.925;-74.4
74.95;-74
74.975;-74.8
75;-74.4
75.025;-74.4
75.05;-74.4
75.075;-74.8
75.1;-74.4
75.125;-74.8
75.15;-74.4
75.175;-74.8
75.2;-74.8
75.225;-74.8
75.25;-74.8
75.275;-75.2
75.3;-75.2
75.325;-74.8
75.35;-74.8
75.375;-75.2
75.4;-74.8
75.425;-75.2
75.45;-74.8
75.475;-75.6
75.5;-75.6
75.525;-75.2
75.55;-74.8
75.575;-75.6
75.6;-75.6
75.625;-75.6
75.65;-75.6
75.675;-76
75.7;-75.6
75.725;-75.6
75.75;-75.6
75.775;-76
75.8;-75.6
75.825;-75.6
75.85;-75.6
75.875;-76
75.9;-76
75.925;-76
75.95;-75.6
75.975;-76.4
