# Oscilloscope file ./20170703_491745.bin
# Channel 2
Time / s;Voltage / V
0;0.34
0.05;0.32
0.1;0.34
0.15;0.34
0.2;0.34
0.25;0.32
0.3;0.32
0.35;0.34
0.4;0.34
0.45;0.32
0.5;0.34
0.55;0.34
0.6;0.34
0.65;0.32
0.7;0.34
0.75;0.34
0.8;0.34
0.85;0.32
0.9;0.34
0.95;0.34
1;0.34
1.05;0.32
1.1;0.32
1.15;0.34
1.2;0.34
1.25;0.32
1.3;0.34
1.35;0.34
1.4;0.34
1.45;0.32
1.5;0.34
1.55;0.34
1.6;0.34
1.65;0.34
1.7;0.34
1.75;0.34
1.8;0.34
1.85;0.34
1.9;0.34
1.95;0.34
2;0.34
2.05;0.32
2.1;0.32
2.15;0.34
2.2;0.34
2.25;0.32
2.3;0.32
2.35;0.34
2.4;0.34
2.45;0.32
2.5;0.34
2.55;0.34
2.6;0.34
2.65;0.32
2.7;0.34
2.75;0.34
2.8;0.34
2.85;0.32
2.9;0.34
2.95;0.34
3;0.34
3.05;0.34
3.1;0.34
3.15;0.34
3.2;0.34
3.25;0.32
3.3;0.34
3.35;0.34
3.4;0.34
3.45;0.32
3.5;0.34
3.55;0.32
3.6;0.34
3.65;0.32
3.7;0.32
3.75;0.32
3.8;0.34
3.85;0.32
3.9;0.32
3.95;0.34
4;0.34
4.05;0.32
4.1;0.32
4.15;0.34
4.2;0.34
4.25;0.32
4.3;0.34
4.35;0.34
4.4;0.34
4.45;0.32
4.5;0.34
4.55;0.34
4.6;0.34
4.65;0.32
4.7;0.34
4.75;0.34
4.8;0.34
4.85;0.32
4.9;0.34
4.95;0.32
5;0.34
5.05;0.32
5.1;0.32
5.15;0.34
5.2;0.34
5.25;0.34
5.3;0.34
5.35;0.34
5.4;0.34
5.45;0.34
5.5;0.34
5.55;0.34
5.6;0.34
5.65;0.32
5.7;0.34
5.75;0.34
5.8;0.34
5.85;0.32
5.9;0.34
5.95;0.32
6;0.34
6.05;0.32
6.1;0.34
6.15;0.34
6.2;0.34
6.25;0.34
6.3;0.34
6.35;0.34
6.4;0.34
6.45;0.34
6.5;0.34
6.55;0.34
6.6;0.34
6.65;0.32
6.7;0.34
6.75;0.34
6.8;0.34
6.85;0.32
6.9;0.34
6.95;0.34
7;0.34
7.05;0.32
7.1;0.32
7.15;0.34
7.2;0.34
7.25;0.32
7.3;0.34
7.35;0.34
7.4;0.34
7.45;0.32
7.5;0.32
7.55;0.34
7.6;0.34
7.65;0.32
7.7;0.32
7.75;0.32
7.8;0.34
7.85;0.32
7.9;0.34
7.95;0.34
8;0.34
8.05;0.32
8.1;0.34
8.15;0.34
8.2;0.34
8.25;0.32
8.3;0.34
8.35;0.34
8.4;0.34
8.45;0.32
8.5;0.34
8.55;0.32
8.6;0.34
8.65;0.32
8.7;0.34
8.75;0.32
8.8;0.34
8.85;0.32
8.9;0.34
8.95;0.34
9;0.34
9.05;0.32
9.1;0.32
9.15;0.32
9.2;0.34
9.25;0.32
9.3;0.32
9.35;0.34
9.4;0.34
9.45;0.32
9.5;0.32
9.55;0.32
9.6;0.34
9.65;0.32
9.7;0.32
9.75;0.34
9.8;0.34
9.85;0.32
9.9;0.34
9.95;0.34
10;0.34
10.05;0.32
10.1;0.32
10.15;0.32
10.2;0.34
10.25;0.32
10.3;0.32
10.35;0.34
10.4;0.34
10.45;0.32
10.5;0.32
10.55;0.34
10.6;0.34
10.65;0.32
10.7;0.32
10.75;0.36
10.8;0.36
10.85;0.32
10.9;0.34
10.95;0.34
11;0.34
11.05;0.32
11.1;0.34
11.15;0.32
11.2;0.34
11.25;0.32
11.3;0.32
11.35;0.32
11.4;0.34
11.45;0.32
11.5;0.34
11.55;0.34
11.6;0.34
11.65;0.34
11.7;0.34
11.75;0.32
11.8;0.34
11.85;0.32
11.9;0.34
11.95;0.32
12;0.34
12.05;0.32
12.1;0.32
12.15;0.34
12.2;0.34
12.25;0.32
12.3;0.34
12.35;0.32
12.4;0.34
12.45;0.32
12.5;0.34
12.55;0.34
12.6;0.34
12.65;0.32
12.7;0.34
12.75;0.32
12.8;0.36
12.85;0.32
12.9;0.34
12.95;0.34
13;0.34
13.05;0.34
13.1;0.34
13.15;0.34
13.2;0.34
13.25;0.34
13.3;0.34
13.35;0.34
13.4;0.34
13.45;0.32
13.5;0.32
13.55;0.34
13.6;0.34
13.65;0.32
13.7;0.34
13.75;0.32
13.8;0.34
13.85;0.32
13.9;0.34
13.95;0.34
14;0.34
14.05;0.32
14.1;0.34
14.15;0.32
14.2;0.34
14.25;0.32
14.3;0.34
14.35;0.34
14.4;0.34
14.45;0.32
14.5;0.32
14.55;0.32
14.6;0.34
14.65;0.32
14.7;0.34
14.75;0.34
14.8;0.34
14.85;0.34
14.9;0.34
14.95;0.34
15;0.34
15.05;0.32
15.1;0.32
15.15;0.34
15.2;0.34
15.25;0.32
15.3;0.34
15.35;0.34
15.4;0.34
15.45;0.32
15.5;0.34
15.55;0.32
15.6;0.34
15.65;0.32
15.7;0.34
15.75;0.34
15.8;0.34
15.85;0.32
15.9;0.32
15.95;0.32
16;0.34
16.05;0.32
16.1;0.34
16.15;0.32
16.2;0.34
16.25;0.32
16.3;0.32
16.35;0.34
16.4;0.34
16.45;0.32
16.5;0.34
16.55;0.34
16.6;0.34
16.65;0.32
16.7;0.32
16.75;0.32
16.8;0.34
16.85;0.32
16.9;0.34
16.95;0.34
17;0.34
17.05;0.32
17.1;0.32
17.15;0.32
17.2;0.34
17.25;0.32
17.3;0.34
17.35;0.34
17.4;0.34
17.45;0.32
17.5;0.34
17.55;0.34
17.6;0.34
17.65;0.34
17.7;0.34
17.75;0.32
17.8;0.34
17.85;0.32
17.9;0.34
17.95;0.34
18;0.34
18.05;0.32
18.1;0.32
18.15;0.32
18.2;0.34
18.25;0.32
18.3;0.34
18.35;0.32
18.4;0.34
18.45;0.32
18.5;0.32
18.55;0.34
18.6;0.34
18.65;0.32
18.7;0.34
18.75;0.34
18.8;0.34
18.85;0.34
18.9;0.34
18.95;0.34
19;0.34
19.05;0.32
19.1;0.34
19.15;0.34
19.2;0.34
19.25;0.32
19.3;0.34
19.35;0.34
19.4;0.34
19.45;0.34
19.5;0.34
19.55;0.32
19.6;0.34
19.65;0.32
19.7;0.34
19.75;0.34
19.8;0.34
19.85;0.34
19.9;0.34
19.95;0.34
20;0.36
20.05;0.34
20.1;0.34
20.15;0.34
20.2;0.34
20.25;0.34
20.3;0.34
20.35;0.34
20.4;0.34
20.45;0.34
20.5;0.34
20.55;0.34
20.6;0.34
20.65;0.32
20.7;0.32
20.75;0.34
20.8;0.34
20.85;0.34
20.9;0.34
20.95;0.34
21;0.34
21.05;0.32
21.1;0.32
21.15;0.34
21.2;0.34
21.25;0.32
21.3;0.34
21.35;0.34
21.4;0.34
21.45;0.34
21.5;0.34
21.55;0.34
21.6;0.34
21.65;0.32
21.7;0.32
21.75;0.34
21.8;0.34
21.85;0.34
21.9;0.34
21.95;0.34
22;0.34
22.05;0.34
22.1;0.34
22.15;0.34
22.2;0.34
22.25;0.32
22.3;0.34
22.35;0.34
22.4;0.34
22.45;0.32
22.5;0.34
22.55;0.34
22.6;0.34
22.65;0.32
22.7;0.34
22.75;0.34
22.8;0.34
22.85;0.34
22.9;0.34
22.95;0.34
23;0.34
23.05;0.32
23.1;0.32
23.15;0.34
23.2;0.34
23.25;0.32
23.3;0.34
23.35;0.34
23.4;0.34
23.45;0.34
23.5;0.34
23.55;0.34
23.6;0.34
23.65;0.34
23.7;0.34
23.75;0.34
23.8;0.34
23.85;0.34
23.9;0.34
23.95;0.34
24;0.34
24.05;0.34
24.1;0.34
24.15;0.34
24.2;0.34
24.25;0.34
24.3;0.34
24.35;0.32
24.4;0.34
24.45;0.32
24.5;0.34
24.55;0.34
24.6;0.34
24.65;0.34
24.7;0.34
24.75;0.34
24.8;0.34
24.85;0.32
24.9;0.32
24.95;0.34
25;0.34
25.05;0.32
25.1;0.32
25.15;0.32
25.2;0.34
25.25;0.32
25.3;0.32
25.35;0.34
25.4;0.34
25.45;0.32
25.5;0.34
25.55;0.34
25.6;0.34
25.65;0.32
25.7;0.34
25.75;0.34
25.8;0.34
25.85;0.32
25.9;0.34
25.95;0.34
26;0.34
26.05;0.34
26.1;0.34
26.15;0.34
26.2;0.36
26.25;0.34
26.3;0.36
26.35;0.34
26.4;0.34
26.45;0.34
26.5;0.34
26.55;0.34
26.6;0.36
26.65;0.34
26.7;0.34
26.75;0.34
26.8;0.36
26.85;0.34
26.9;0.36
26.95;0.34
27;0.36
27.05;0.34
27.1;0.36
27.15;0.34
27.2;0.36
27.25;0.34
27.3;0.34
27.35;0.36
27.4;0.36
27.45;0.34
27.5;0.36
27.55;0.34
27.6;0.36
27.65;0.34
27.7;0.36
27.75;0.36
27.8;0.36
27.85;0.34
27.9;0.36
27.95;0.36
28;0.36
28.05;0.36
28.1;0.36
28.15;0.36
28.2;0.36
28.25;0.36
28.3;0.36
28.35;0.36
28.4;0.36
28.45;0.36
28.5;0.36
28.55;0.36
28.6;0.36
28.65;0.36
28.7;0.36
28.75;0.36
28.8;0.38
28.85;0.36
28.9;0.36
28.95;0.38
29;0.38
29.05;0.36
29.1;0.36
29.15;0.38
29.2;0.38
29.25;0.36
29.3;0.38
29.35;0.36
29.4;0.4
29.45;0.36
29.5;0.38
29.55;0.38
29.6;0.38
29.65;0.38
29.7;0.38
29.75;0.38
29.8;0.4
29.85;0.38
29.9;0.38
29.95;0.36
30;0.38
30.05;0.36
30.1;0.38
30.15;0.38
30.2;0.4
30.25;0.38
30.3;0.4
30.35;0.4
30.4;0.4
30.45;0.38
30.5;0.38
30.55;0.4
30.6;0.4
30.65;0.38
30.7;0.38
30.75;0.4
30.8;0.4
30.85;0.38
30.9;0.4
30.95;0.4
31;0.4
31.05;0.4
31.1;0.4
31.15;0.4
31.2;0.4
31.25;0.38
31.3;0.4
31.35;0.4
31.4;0.4
31.45;0.38
31.5;0.4
31.55;0.4
31.6;0.4
31.65;0.4
31.7;0.4
31.75;0.42
31.8;0.42
31.85;0.4
31.9;0.42
31.95;0.42
32;0.44
32.05;0.42
32.1;0.42
32.15;0.42
32.2;0.42
32.25;0.42
32.3;0.42
32.35;0.44
32.4;0.44
32.45;0.42
32.5;0.42
32.55;0.42
32.6;0.42
32.65;0.42
32.7;0.42
32.75;0.42
32.8;0.46
32.85;0.42
32.9;0.46
32.95;0.42
33;0.44
33.05;0.4
33.1;0.44
33.15;0.44
33.2;0.44
33.25;0.42
33.3;0.44
33.35;0.44
33.4;0.44
33.45;0.44
33.5;0.44
33.55;0.44
33.6;0.44
33.65;0.42
33.7;0.44
33.75;0.44
33.8;0.44
33.85;0.44
33.9;0.44
33.95;0.44
34;0.46
34.05;0.44
34.1;0.44
34.15;0.44
34.2;0.44
34.25;0.44
34.3;0.44
34.35;0.44
34.4;0.44
34.45;0.44
34.5;0.44
34.55;0.44
34.6;0.46
34.65;0.44
34.7;0.46
34.75;0.46
34.8;0.46
34.85;0.44
34.9;0.46
34.95;0.46
35;0.48
35.05;0.46
35.1;0.46
35.15;0.46
35.2;0.46
35.25;0.46
35.3;0.46
35.35;0.46
35.4;0.48
35.45;0.46
35.5;0.48
35.55;0.48
35.6;0.48
35.65;0.48
35.7;0.48
35.75;0.48
35.8;0.48
35.85;0.46
35.9;0.48
35.95;0.48
36;0.48
36.05;0.46
36.1;0.48
36.15;0.48
36.2;0.48
36.25;0.48
36.3;0.48
36.35;0.48
36.4;0.5
36.45;0.48
36.5;0.5
36.55;0.5
36.6;0.5
36.65;0.48
36.7;0.48
36.75;0.48
36.8;0.5
36.85;0.48
36.9;0.5
36.95;0.5
37;0.5
37.05;0.48
37.1;0.5
37.15;0.5
37.2;0.5
37.25;0.5
37.3;0.5
37.35;0.5
37.4;0.5
37.45;0.5
37.5;0.5
37.55;0.5
37.6;0.52
37.65;0.5
37.7;0.52
37.75;0.52
37.8;0.52
37.85;0.52
37.9;0.52
37.95;0.5
38;0.54
38.05;0.5
38.1;0.52
38.15;0.52
38.2;0.54
38.25;0.52
38.3;0.54
38.35;0.54
38.4;0.56
38.45;0.54
38.5;0.54
38.55;0.54
38.6;0.54
38.65;0.54
38.7;0.54
38.75;0.54
38.8;0.56
38.85;0.54
38.9;0.56
38.95;0.56
39;0.56
39.05;0.56
39.1;0.56
39.15;0.56
39.2;0.58
39.25;0.56
39.3;0.58
39.35;0.58
39.4;0.58
39.45;0.56
39.5;0.58
39.55;0.58
39.6;0.6
39.65;0.58
39.7;0.58
39.75;0.58
39.8;0.6
39.85;0.58
39.9;0.6
39.95;0.6
40;0.62
40.05;0.58
40.1;0.62
40.15;0.62
40.2;0.62
40.25;0.6
40.3;0.62
40.35;0.62
40.4;0.62
40.45;0.62
40.5;0.62
40.55;0.62
40.6;0.64
40.65;0.62
40.7;0.64
40.75;0.64
40.8;0.64
40.85;0.64
40.9;0.64
40.95;0.64
41;0.66
41.05;0.64
41.1;0.64
41.15;0.66
41.2;0.68
41.25;0.66
41.3;0.66
41.35;0.66
41.4;0.68
41.45;0.66
41.5;0.66
41.55;0.66
41.6;0.7
41.65;0.66
41.7;0.68
41.75;0.68
41.8;0.68
41.85;0.68
41.9;0.68
41.95;0.68
42;0.68
42.05;0.68
42.1;0.68
42.15;0.68
42.2;0.7
42.25;0.68
42.3;0.7
42.35;0.7
42.4;0.72
42.45;0.7
42.5;0.72
42.55;0.72
42.6;0.72
42.65;0.7
42.7;0.72
42.75;0.72
42.8;0.74
42.85;0.72
42.9;0.72
42.95;0.72
43;0.74
43.05;0.72
43.1;0.74
43.15;0.74
43.2;0.74
43.25;0.74
43.3;0.74
43.35;0.74
43.4;0.76
43.45;0.74
43.5;0.76
43.55;0.74
43.6;0.76
43.65;0.74
43.7;0.76
43.75;0.76
43.8;0.78
43.85;0.76
43.9;0.78
43.95;0.78
44;0.8
44.05;0.78
44.1;0.78
44.15;0.78
44.2;0.8
44.25;0.78
44.3;0.8
44.35;0.8
44.4;0.82
44.45;0.8
44.5;0.82
44.55;0.82
44.6;0.82
44.65;0.82
44.7;0.82
44.75;0.82
44.8;0.84
44.85;0.82
44.9;0.84
44.95;0.84
45;0.84
45.05;0.82
45.1;0.84
45.15;0.84
45.2;0.86
45.25;0.84
45.3;0.86
45.35;0.84
45.4;0.88
45.45;0.84
45.5;0.88
45.55;0.86
45.6;0.9
45.65;0.86
45.7;0.88
45.75;0.88
45.8;0.9
45.85;0.88
45.9;0.9
45.95;0.9
46;0.92
46.05;0.9
46.1;0.92
46.15;0.92
46.2;0.94
46.25;0.92
46.3;0.92
46.35;0.94
46.4;0.94
46.45;0.92
46.5;0.94
46.55;0.92
46.6;0.96
46.65;0.92
46.7;0.96
46.75;0.96
46.8;0.98
46.85;0.96
46.9;0.96
46.95;0.96
47;0.98
47.05;0.96
47.1;0.98
47.15;0.98
47.2;1
47.25;0.98
47.3;1
47.35;1
47.4;1.02
47.45;1
47.5;1
47.55;1
47.6;1.02
47.65;1
47.7;1.02
47.75;1.02
47.8;1.02
47.85;1.02
47.9;1.02
47.95;1.02
48;1.04
48.05;1.02
48.1;1.04
48.15;1.04
48.2;1.04
48.25;1.04
48.3;1.04
48.35;1.04
48.4;1.06
48.45;1.04
48.5;1.04
48.55;1.04
48.6;1.04
48.65;1.04
48.7;1.04
48.75;1.04
48.8;1.06
48.85;1.04
48.9;1.04
48.95;1.06
49;1.06
49.05;1.04
49.1;1.06
49.15;1.06
49.2;1.08
49.25;1.06
49.3;1.08
49.35;1.06
49.4;1.08
49.45;1.06
49.5;1.08
49.55;1.1
49.6;1.1
49.65;1.08
49.7;1.08
49.75;1.1
49.8;1.12
49.85;1.1
49.9;1.12
49.95;1.12
50;1.14
50.05;1.12
50.1;1.12
50.15;1.12
50.2;1.16
50.25;1.12
50.3;1.14
50.35;1.16
50.4;1.18
50.45;1.14
50.5;1.18
50.55;1.16
50.6;1.18
50.65;1.16
50.7;1.18
50.75;1.18
50.8;1.2
50.85;1.16
50.9;1.18
50.95;1.2
51;1.22
51.05;1.2
51.1;1.2
51.15;1.2
51.2;1.22
51.25;1.2
51.3;1.22
51.35;1.22
51.4;1.22
51.45;1.2
51.5;1.22
51.55;1.22
51.6;1.24
51.65;1.22
51.7;1.22
51.75;1.24
51.8;1.26
51.85;1.24
51.9;1.24
51.95;1.24
52;1.26
52.05;1.24
52.1;1.26
52.15;1.26
52.2;1.28
52.25;1.26
52.3;1.28
52.35;1.28
52.4;1.3
52.45;1.28
52.5;1.3
52.55;1.3
52.6;1.32
52.65;1.3
52.7;1.32
52.75;1.32
52.8;1.34
52.85;1.32
52.9;1.34
52.95;1.32
53;1.36
53.05;1.32
53.1;1.36
53.15;1.36
53.2;1.38
53.25;1.36
53.3;1.36
53.35;1.38
53.4;1.4
53.45;1.38
53.5;1.4
53.55;1.4
53.6;1.4
53.65;1.38
53.7;1.4
53.75;1.4
53.8;1.42
53.85;1.4
53.9;1.42
53.95;1.42
54;1.44
54.05;1.42
54.1;1.44
54.15;1.44
54.2;1.46
54.25;1.44
54.3;1.46
54.35;1.48
54.4;1.5
54.45;1.46
54.5;1.5
54.55;1.5
54.6;1.5
54.65;1.48
54.7;1.5
54.75;1.52
54.8;1.54
54.85;1.52
54.9;1.54
54.95;1.54
55;1.56
55.05;1.54
55.1;1.56
55.15;1.56
55.2;1.58
55.25;1.56
55.3;1.58
55.35;1.58
55.4;1.6
55.45;1.58
55.5;1.6
55.55;1.6
55.6;1.62
55.65;1.6
55.7;1.62
55.75;1.62
55.8;1.64
55.85;1.6
55.9;1.64
55.95;1.64
56;1.66
56.05;1.64
56.1;1.66
56.15;1.64
56.2;1.68
56.25;1.64
56.3;1.68
56.35;1.68
56.4;1.7
56.45;1.68
56.5;1.68
56.55;1.7
56.6;1.72
56.65;1.7
56.7;1.7
56.75;1.72
56.8;1.74
56.85;1.72
56.9;1.74
56.95;1.72
57;1.76
57.05;1.72
57.1;1.76
57.15;1.74
57.2;1.78
57.25;1.74
57.3;1.78
57.35;1.78
57.4;1.8
57.45;1.78
57.5;1.78
57.55;1.8
57.6;1.8
57.65;1.78
57.7;1.8
57.75;1.8
57.8;1.82
57.85;1.8
57.9;1.82
57.95;1.82
58;1.84
58.05;1.82
58.1;1.84
58.15;1.84
58.2;1.86
58.25;1.84
58.3;1.86
58.35;1.86
58.4;1.88
58.45;1.86
58.5;1.88
58.55;1.88
58.6;1.9
58.65;1.86
58.7;1.9
58.75;1.9
58.8;1.92
58.85;1.9
58.9;1.92
58.95;1.9
59;1.94
59.05;1.9
59.1;1.94
59.15;1.92
59.2;1.94
59.25;1.92
59.3;1.94
59.35;1.94
59.4;1.96
59.45;1.94
59.5;1.96
59.55;1.96
59.6;1.98
59.65;1.96
59.7;1.98
59.75;1.98
59.8;2
59.85;1.98
59.9;2
59.95;2
60;2.02
60.05;2
60.1;2.02
60.15;2.02
60.2;2.04
60.25;2.02
60.3;2.04
60.35;2.04
60.4;2.06
60.45;2.04
60.5;2.06
60.55;2.06
60.6;2.08
60.65;2.06
60.7;2.06
60.75;2.08
60.8;2.1
60.85;2.08
60.9;2.1
60.95;2.1
61;2.14
61.05;2.1
61.1;2.12
61.15;2.14
61.2;2.16
61.25;2.14
61.3;2.16
61.35;2.16
61.4;2.18
61.45;2.16
61.5;2.18
61.55;2.18
61.6;2.22
61.65;2.18
61.7;2.22
61.75;2.2
61.8;2.24
61.85;2.2
61.9;2.24
61.95;2.22
62;2.26
62.05;2.22
62.1;2.26
62.15;2.26
62.2;2.28
62.25;2.26
62.3;2.28
62.35;2.28
62.4;2.3
62.45;2.28
62.5;2.3
62.55;2.3
62.6;2.3
62.65;2.28
62.7;2.3
62.75;2.3
62.8;2.34
62.85;2.3
62.9;2.34
62.95;2.34
63;2.36
63.05;2.34
63.1;2.36
63.15;2.38
63.2;2.4
63.25;2.38
63.3;2.4
63.35;2.4
63.4;2.42
63.45;2.4
63.5;2.42
63.55;2.44
63.6;2.46
63.65;2.42
63.7;2.46
63.75;2.46
63.8;2.48
63.85;2.46
63.9;2.48
63.95;2.48
64;2.5
64.05;2.48
64.1;2.5
64.15;2.5
64.2;2.52
64.25;2.5
64.3;2.52
64.35;2.52
64.4;2.54
64.45;2.52
64.5;2.54
64.55;2.54
64.6;2.56
64.65;2.54
64.7;2.56
64.75;2.56
64.8;2.6
64.85;2.56
64.9;2.6
64.95;2.6
65;2.62
65.05;2.6
65.1;2.62
65.15;2.62
65.2;2.64
65.25;2.62
65.3;2.64
65.35;2.64
65.4;2.66
65.45;2.64
65.5;2.66
65.55;2.68
65.6;2.68
65.65;2.66
65.7;2.68
65.75;2.68
65.8;2.72
65.85;2.68
65.9;2.72
65.95;2.7
66;2.74
66.05;2.7
66.1;2.74
66.15;2.74
66.2;2.76
66.25;2.74
66.3;2.76
66.35;2.76
66.4;2.78
66.45;2.76
66.5;2.78
66.55;2.78
66.6;2.8
66.65;2.78
66.7;2.78
66.75;2.8
66.8;2.8
66.85;2.8
66.9;2.8
66.95;2.82
67;2.84
67.05;2.82
67.1;2.84
67.15;2.84
67.2;2.86
67.25;2.84
67.3;2.84
67.35;2.84
67.4;2.86
67.45;2.84
67.5;2.86
67.55;2.86
67.6;2.9
67.65;2.86
67.7;2.9
67.75;2.88
67.8;2.88
67.85;2.88
67.9;2.88
67.95;2.88
68;2.9
68.05;2.88
68.1;2.9
68.15;2.88
68.2;2.92
68.25;2.88
68.3;2.92
68.35;2.92
68.4;2.92
68.45;2.9
68.5;2.92
68.55;2.92
68.6;2.94
68.65;2.92
68.7;2.94
68.75;2.94
68.8;2.94
68.85;2.92
68.9;2.94
68.95;2.94
69;2.96
69.05;2.94
69.1;2.96
69.15;2.96
69.2;2.98
69.25;2.96
69.3;2.96
69.35;2.96
69.4;2.98
69.45;2.96
69.5;2.98
69.55;2.98
69.6;3
69.65;2.98
69.7;3
69.75;3
69.8;3.02
69.85;3
69.9;3.02
69.95;3.02
70;3.04
70.05;3.02
70.1;3.04
70.15;3.02
70.2;3.06
70.25;3.02
70.3;3.06
70.35;3.06
70.4;3.06
70.45;3.04
70.5;3.06
70.55;3.08
70.6;3.1
70.65;3.08
70.7;3.08
70.75;3.08
70.8;3.1
70.85;3.08
70.9;3.1
70.95;3.1
71;3.12
71.05;3.1
71.1;3.1
71.15;3.12
71.2;3.12
71.25;3.12
71.3;3.12
71.35;3.12
71.4;3.14
71.45;3.12
71.5;3.14
71.55;3.14
71.6;3.16
71.65;3.14
71.7;3.16
71.75;3.16
71.8;3.18
71.85;3.16
71.9;3.16
71.95;3.18
72;3.18
72.05;3.16
72.1;3.18
72.15;3.18
72.2;3.18
72.25;3.18
72.3;3.18
72.35;3.2
72.4;3.2
72.45;3.2
72.5;3.2
72.55;3.2
72.6;3.22
72.65;3.2
72.7;3.22
72.75;3.24
72.8;3.24
72.85;3.22
72.9;3.24
72.95;3.24
73;3.26
73.05;3.24
73.1;3.26
73.15;3.28
73.2;3.28
73.25;3.26
73.3;3.28
73.35;3.28
73.4;3.3
73.45;3.28
73.5;3.3
73.55;3.3
73.6;3.32
73.65;3.3
73.7;3.3
73.75;3.3
73.8;3.32
73.85;3.3
73.9;3.32
73.95;3.32
74;3.32
74.05;3.32
74.1;3.32
74.15;3.32
74.2;3.36
74.25;3.32
74.3;3.36
74.35;3.34
74.4;3.36
74.45;3.34
74.5;3.34
74.55;3.36
74.6;3.38
74.65;3.36
74.7;3.38
74.75;3.38
74.8;3.4
74.85;3.38
74.9;3.4
74.95;3.4
75;3.42
75.05;3.4
75.1;3.42
75.15;3.42
75.2;3.44
75.25;3.42
75.3;3.44
75.35;3.44
75.4;3.46
75.45;3.44
75.5;3.46
75.55;3.48
75.6;3.48
75.65;3.46
75.7;3.48
75.75;3.48
75.8;3.5
75.85;3.48
75.9;3.5
75.95;3.5
76;3.52
76.05;3.5
76.1;3.52
76.15;3.52
76.2;3.54
76.25;3.52
76.3;3.52
76.35;3.54
76.4;3.54
76.45;3.54
76.5;3.54
76.55;3.56
76.6;3.56
76.65;3.54
76.7;3.56
76.75;3.56
76.8;3.6
76.85;3.56
76.9;3.6
76.95;3.58
77;3.62
77.05;3.58
77.1;3.62
77.15;3.6
77.2;3.62
77.25;3.6
77.3;3.62
77.35;3.64
77.4;3.64
77.45;3.62
77.5;3.64
77.55;3.64
77.6;3.66
77.65;3.64
77.7;3.66
77.75;3.66
77.8;3.68
77.85;3.66
77.9;3.66
77.95;3.68
78;3.7
78.05;3.68
78.1;3.68
78.15;3.68
78.2;3.72
78.25;3.68
78.3;3.72
78.35;3.72
78.4;3.74
78.45;3.72
78.5;3.74
78.55;3.74
78.6;3.76
78.65;3.74
78.7;3.76
78.75;3.76
78.8;3.78
78.85;3.74
78.9;3.76
78.95;3.78
79;3.8
79.05;3.78
79.1;3.8
79.15;3.8
79.2;3.82
79.25;3.8
79.3;3.82
79.35;3.82
79.4;3.82
79.45;3.82
79.5;3.82
79.55;3.82
79.6;3.84
79.65;3.82
79.7;3.84
79.75;3.84
79.8;3.86
79.85;3.84
79.9;3.86
79.95;3.86
80;3.88
80.05;3.86
80.1;3.88
80.15;3.86
80.2;3.88
80.25;3.86
80.3;3.88
80.35;3.9
80.4;3.9
80.45;3.88
80.5;3.88
80.55;3.9
80.6;3.9
80.65;3.9
80.7;3.9
80.75;3.9
80.8;3.92
80.85;3.9
80.9;3.92
80.95;3.92
81;3.94
81.05;3.9
81.1;3.94
81.15;3.94
81.2;3.94
81.25;3.92
81.3;3.94
81.35;3.94
81.4;3.94
81.45;3.92
81.5;3.94
81.55;3.94
81.6;3.94
81.65;3.92
81.7;3.94
81.75;3.92
81.8;3.96
81.85;3.92
81.9;3.96
81.95;3.94
82;3.96
82.05;3.94
82.1;3.96
82.15;3.94
82.2;3.96
82.25;3.94
82.3;3.96
82.35;3.94
82.4;3.96
82.45;3.94
82.5;3.96
82.55;3.96
82.6;3.96
82.65;3.96
82.7;3.96
82.75;3.96
82.8;3.98
82.85;3.94
82.9;3.96
82.95;3.96
83;3.96
83.05;3.94
83.1;3.96
83.15;3.96
83.2;3.96
83.25;3.94
83.3;3.96
83.35;3.96
83.4;3.96
83.45;3.94
83.5;3.94
83.55;3.96
83.6;3.96
83.65;3.94
83.7;3.96
83.75;3.94
83.8;3.96
83.85;3.94
83.9;3.96
83.95;3.96
84;3.96
84.05;3.94
84.1;3.94
84.15;3.96
84.2;3.96
84.25;3.94
84.3;3.94
84.35;3.94
84.4;3.94
84.45;3.94
84.5;3.94
84.55;3.94
84.6;3.94
84.65;3.94
84.7;3.94
84.75;3.94
84.8;3.94
84.85;3.94
84.9;3.94
84.95;3.94
85;3.94
85.05;3.94
85.1;3.94
85.15;3.94
85.2;3.94
85.25;3.92
85.3;3.92
85.35;3.94
85.4;3.94
85.45;3.94
85.5;3.94
85.55;3.94
85.6;3.96
85.65;3.94
85.7;3.94
85.75;3.94
85.8;3.94
85.85;3.94
85.9;3.94
85.95;3.92
86;3.94
86.05;3.92
86.1;3.92
86.15;3.9
86.2;3.92
86.25;3.9
86.3;3.92
86.35;3.92
86.4;3.92
86.45;3.9
86.5;3.92
86.55;3.92
86.6;3.92
86.65;3.9
86.7;3.9
86.75;3.9
86.8;3.9
86.85;3.88
86.9;3.88
86.95;3.88
87;3.88
87.05;3.88
87.1;3.88
87.15;3.88
87.2;3.9
87.25;3.86
87.3;3.86
87.35;3.86
87.4;3.88
87.45;3.86
87.5;3.88
87.55;3.86
87.6;3.86
87.65;3.86
87.7;3.86
87.75;3.86
87.8;3.86
87.85;3.84
87.9;3.84
87.95;3.84
88;3.84
88.05;3.84
88.1;3.84
88.15;3.84
88.2;3.84
88.25;3.82
88.3;3.82
88.35;3.82
88.4;3.84
88.45;3.8
88.5;3.8
88.55;3.82
88.6;3.82
88.65;3.8
88.7;3.8
88.75;3.8
88.8;3.8
88.85;3.8
88.9;3.8
88.95;3.8
89;3.8
89.05;3.8
89.1;3.8
89.15;3.8
89.2;3.8
89.25;3.8
89.3;3.8
89.35;3.8
89.4;3.8
89.45;3.8
89.5;3.8
89.55;3.78
89.6;3.8
89.65;3.78
89.7;3.78
89.75;3.8
89.8;3.8
89.85;3.8
89.9;3.8
89.95;3.8
90;3.8
90.05;3.78
90.1;3.78
90.15;3.78
90.2;3.8
90.25;3.78
90.3;3.78
90.35;3.78
90.4;3.78
90.45;3.76
90.5;3.78
90.55;3.78
90.6;3.78
90.65;3.76
90.7;3.78
90.75;3.78
90.8;3.78
90.85;3.76
90.9;3.76
90.95;3.78
91;3.78
91.05;3.76
91.1;3.78
91.15;3.76
91.2;3.78
91.25;3.76
91.3;3.78
91.35;3.78
91.4;3.78
91.45;3.76
91.5;3.76
91.55;3.76
91.6;3.78
91.65;3.76
91.7;3.76
91.75;3.76
91.8;3.76
91.85;3.76
91.9;3.76
91.95;3.76
92;3.78
92.05;3.76
92.1;3.76
92.15;3.76
92.2;3.78
92.25;3.76
92.3;3.76
92.35;3.76
92.4;3.78
92.45;3.76
92.5;3.78
92.55;3.78
92.6;3.78
92.65;3.78
92.7;3.78
92.75;3.78
92.8;3.78
92.85;3.76
92.9;3.76
92.95;3.76
93;3.76
93.05;3.74
93.1;3.74
93.15;3.74
93.2;3.74
93.25;3.7
93.3;3.72
93.35;3.7
93.4;3.72
93.45;3.68
93.5;3.7
93.55;3.7
93.6;3.7
93.65;3.68
93.7;3.68
93.75;3.68
93.8;3.68
93.85;3.66
93.9;3.68
93.95;3.68
94;3.68
94.05;3.66
94.1;3.66
94.15;3.66
94.2;3.66
94.25;3.64
94.3;3.66
94.35;3.66
94.4;3.66
94.45;3.64
94.5;3.66
94.55;3.64
94.6;3.66
94.65;3.64
94.7;3.64
94.75;3.64
94.8;3.64
94.85;3.62
94.9;3.62
94.95;3.64
95;3.64
95.05;3.6
95.1;3.6
95.15;3.6
95.2;3.6
95.25;3.58
95.3;3.58
95.35;3.58
95.4;3.58
95.45;3.56
95.5;3.56
95.55;3.58
95.6;3.58
95.65;3.56
95.7;3.56
95.75;3.56
95.8;3.56
95.85;3.54
95.9;3.54
95.95;3.54
96;3.54
96.05;3.54
96.1;3.54
96.15;3.54
96.2;3.54
96.25;3.52
96.3;3.52
96.35;3.52
96.4;3.54
96.45;3.52
96.5;3.52
96.55;3.52
96.6;3.52
96.65;3.5
96.7;3.52
96.75;3.5
96.8;3.52
96.85;3.5
96.9;3.5
96.95;3.5
97;3.5
97.05;3.48
97.1;3.48
97.15;3.5
97.2;3.5
97.25;3.48
97.3;3.48
97.35;3.46
97.4;3.48
97.45;3.46
97.5;3.46
97.55;3.48
97.6;3.48
97.65;3.46
97.7;3.46
97.75;3.46
97.8;3.48
97.85;3.46
97.9;3.46
97.95;3.46
98;3.46
98.05;3.44
98.1;3.46
98.15;3.46
98.2;3.46
98.25;3.44
98.3;3.44
98.35;3.44
98.4;3.44
98.45;3.42
98.5;3.42
98.55;3.42
98.6;3.42
98.65;3.42
98.7;3.42
98.75;3.42
98.8;3.42
98.85;3.4
98.9;3.4
98.95;3.4
99;3.4
99.05;3.38
99.1;3.38
99.15;3.4
99.2;3.42
99.25;3.38
99.3;3.38
99.35;3.38
99.4;3.4
99.45;3.38
99.5;3.38
99.55;3.38
99.6;3.4
99.65;3.38
99.7;3.38
99.75;3.38
99.8;3.38
99.85;3.38
99.9;3.38
99.95;3.38
100;3.38
100.05;3.36
100.1;3.38
100.15;3.38
100.2;3.38
100.25;3.36
100.3;3.38
100.35;3.38
100.4;3.38
100.45;3.36
100.5;3.36
100.55;3.38
100.6;3.38
100.65;3.36
100.7;3.36
100.75;3.36
100.8;3.38
100.85;3.36
100.9;3.36
100.95;3.36
101;3.38
101.05;3.34
101.1;3.34
101.15;3.36
101.2;3.36
101.25;3.34
101.3;3.36
101.35;3.34
101.4;3.36
101.45;3.34
101.5;3.34
101.55;3.34
101.6;3.36
101.65;3.34
101.7;3.36
101.75;3.36
101.8;3.36
101.85;3.34
101.9;3.36
101.95;3.36
102;3.36
102.05;3.34
102.1;3.34
102.15;3.34
102.2;3.34
102.25;3.32
102.3;3.32
102.35;3.3
102.4;3.3
102.45;3.3
102.5;3.3
102.55;3.3
102.6;3.3
102.65;3.28
102.7;3.28
102.75;3.28
102.8;3.28
102.85;3.28
102.9;3.28
102.95;3.26
103;3.28
103.05;3.26
103.1;3.26
103.15;3.26
103.2;3.26
103.25;3.26
103.3;3.26
103.35;3.24
103.4;3.26
103.45;3.24
103.5;3.24
103.55;3.24
103.6;3.26
103.65;3.22
103.7;3.22
103.75;3.24
103.8;3.24
103.85;3.22
103.9;3.24
103.95;3.24
104;3.24
104.05;3.22
104.1;3.22
104.15;3.22
104.2;3.24
104.25;3.22
104.3;3.22
104.35;3.22
104.4;3.24
104.45;3.22
104.5;3.24
104.55;3.24
104.6;3.24
104.65;3.22
104.7;3.22
104.75;3.22
104.8;3.24
104.85;3.22
104.9;3.22
104.95;3.22
105;3.24
105.05;3.22
105.1;3.22
105.15;3.22
105.2;3.22
105.25;3.22
105.3;3.22
105.35;3.22
105.4;3.22
105.45;3.22
105.5;3.22
105.55;3.22
105.6;3.22
105.65;3.2
105.7;3.22
105.75;3.22
105.8;3.22
105.85;3.2
105.9;3.22
105.95;3.22
106;3.22
106.05;3.2
106.1;3.2
106.15;3.22
106.2;3.22
106.25;3.18
106.3;3.2
106.35;3.2
106.4;3.2
106.45;3.18
106.5;3.2
106.55;3.18
106.6;3.2
106.65;3.18
106.7;3.2
106.75;3.18
106.8;3.18
106.85;3.18
106.9;3.18
106.95;3.18
107;3.18
107.05;3.18
107.1;3.18
107.15;3.18
107.2;3.18
107.25;3.16
107.3;3.18
107.35;3.18
107.4;3.2
107.45;3.16
107.5;3.18
107.55;3.18
107.6;3.18
107.65;3.16
107.7;3.16
107.75;3.16
107.8;3.18
107.85;3.16
107.9;3.16
107.95;3.16
108;3.16
108.05;3.16
108.1;3.16
108.15;3.14
108.2;3.16
108.25;3.14
108.3;3.14
108.35;3.14
108.4;3.14
108.45;3.12
108.5;3.14
108.55;3.14
108.6;3.14
108.65;3.12
108.7;3.12
108.75;3.12
108.8;3.14
108.85;3.12
108.9;3.12
108.95;3.12
109;3.14
109.05;3.12
109.1;3.12
109.15;3.12
109.2;3.12
109.25;3.12
109.3;3.12
109.35;3.12
109.4;3.12
109.45;3.1
109.5;3.1
109.55;3.1
109.6;3.1
109.65;3.08
109.7;3.08
109.75;3.08
109.8;3.08
109.85;3.08
109.9;3.08
109.95;3.08
110;3.08
110.05;3.06
110.1;3.06
110.15;3.06
110.2;3.08
110.25;3.06
110.3;3.06
110.35;3.06
110.4;3.06
110.45;3.06
110.5;3.06
110.55;3.06
110.6;3.06
110.65;3.04
110.7;3.04
110.75;3.04
110.8;3.04
110.85;3.02
110.9;3.04
110.95;3.04
111;3.04
111.05;3.02
111.1;3.04
111.15;3.04
111.2;3.04
111.25;3.02
111.3;3.04
111.35;3.02
111.4;3.02
111.45;3.02
111.5;3.02
111.55;3.02
111.6;3.02
111.65;3
111.7;3.02
111.75;3.02
111.8;3.02
111.85;3
111.9;3
111.95;3
112;3
112.05;2.98
112.1;3
112.15;3
112.2;3
112.25;2.98
112.3;3
112.35;3
112.4;3
112.45;2.98
112.5;3
112.55;3
112.6;3
112.65;2.98
112.7;3
112.75;3
112.8;3
112.85;2.98
112.9;2.98
112.95;2.98
113;2.98
113.05;2.98
113.1;2.98
113.15;2.96
113.2;2.98
113.25;2.96
113.3;2.96
113.35;2.96
113.4;2.96
113.45;2.96
113.5;2.96
113.55;2.96
113.6;2.96
113.65;2.94
113.7;2.96
113.75;2.96
113.8;2.96
113.85;2.96
113.9;2.96
113.95;2.96
114;2.96
114.05;2.96
114.1;2.96
114.15;2.96
114.2;2.96
114.25;2.94
114.3;2.94
114.35;2.96
114.4;2.96
114.45;2.94
114.5;2.94
114.55;2.94
114.6;2.96
114.65;2.94
114.7;2.96
114.75;2.94
114.8;2.96
114.85;2.94
114.9;2.94
114.95;2.94
115;2.96
115.05;2.94
115.1;2.96
115.15;2.94
115.2;2.96
115.25;2.94
115.3;2.94
115.35;2.96
115.4;2.96
115.45;2.94
115.5;2.96
115.55;2.94
115.6;2.96
115.65;2.94
115.7;2.96
115.75;2.96
115.8;2.96
115.85;2.94
115.9;2.96
115.95;2.94
116;2.96
116.05;2.94
116.1;2.94
116.15;2.94
116.2;2.94
116.25;2.94
116.3;2.94
116.35;2.94
116.4;2.96
116.45;2.94
116.5;2.94
116.55;2.94
116.6;2.94
116.65;2.94
116.7;2.94
116.75;2.94
116.8;2.96
116.85;2.94
116.9;2.94
116.95;2.94
117;2.94
117.05;2.94
117.1;2.94
117.15;2.94
117.2;2.94
117.25;2.92
117.3;2.92
117.35;2.92
117.4;2.92
117.45;2.92
117.5;2.92
117.55;2.92
117.6;2.92
117.65;2.92
117.7;2.92
117.75;2.92
117.8;2.92
117.85;2.92
117.9;2.92
117.95;2.92
118;2.92
118.05;2.92
118.1;2.92
118.15;2.9
118.2;2.92
118.25;2.9
118.3;2.92
118.35;2.9
118.4;2.92
118.45;2.9
118.5;2.9
118.55;2.9
118.6;2.92
118.65;2.9
118.7;2.9
118.75;2.9
118.8;2.92
118.85;2.9
118.9;2.9
118.95;2.9
119;2.92
119.05;2.9
119.1;2.9
119.15;2.9
119.2;2.92
119.25;2.9
119.3;2.92
119.35;2.9
119.4;2.92
119.45;1.22
119.5;1.24
119.55;1.24
119.6;1.24
119.65;1.22
119.7;1.24
119.75;1.24
119.8;1.24
119.85;1.24
119.9;1.24
119.95;1.24
120;1.26
120.05;1.24
120.1;1.26
120.15;1.24
120.2;1.26
120.25;1.24
120.3;1.24
120.35;1.24
120.4;1.26
120.45;1.24
120.5;1.24
120.55;1.26
120.6;1.26
120.65;1.24
120.7;1.24
120.75;1.26
120.8;1.26
120.85;1.24
120.9;1.26
120.95;1.26
121;1.26
121.05;1.24
121.1;1.26
121.15;1.26
121.2;1.26
121.25;1.26
121.3;1.26
121.35;1.24
121.4;1.28
121.45;1.24
121.5;1.26
121.55;1.26
121.6;1.28
121.65;1.26
121.7;1.26
121.75;1.26
121.8;1.28
121.85;1.26
121.9;1.26
121.95;1.26
122;1.28
122.05;1.26
122.1;1.26
122.15;1.26
122.2;1.26
122.25;1.26
122.3;1.26
122.35;1.26
122.4;1.28
122.45;1.26
122.5;1.26
122.55;1.26
122.6;1.26
122.65;1.26
122.7;1.26
122.75;1.26
122.8;1.28
122.85;1.26
122.9;1.26
122.95;1.26
123;1.26
123.05;1.26
123.1;1.26
123.15;1.28
123.2;1.28
123.25;1.26
123.3;1.26
123.35;1.26
123.4;1.26
123.45;1.26
123.5;1.26
123.55;1.26
123.6;1.28
123.65;1.26
123.7;1.26
123.75;1.26
123.8;1.28
123.85;1.26
123.9;1.28
123.95;1.26
124;1.28
124.05;1.26
124.1;1.26
124.15;1.26
124.2;1.28
124.25;1.26
124.3;1.28
124.35;1.28
124.4;1.28
124.45;1.28
124.5;1.28
124.55;1.28
124.6;1.28
124.65;1.28
124.7;1.28
124.75;1.28
124.8;1.3
124.85;1.28
124.9;1.28
124.95;1.28
125;1.28
125.05;1.28
125.1;1.28
125.15;1.3
125.2;1.3
125.25;1.28
125.3;1.3
125.35;1.28
125.4;1.3
125.45;1.28
125.5;1.28
125.55;1.3
125.6;1.3
125.65;1.28
125.7;1.3
125.75;1.3
125.8;1.3
125.85;1.28
125.9;1.3
125.95;1.3
126;1.3
126.05;1.28
126.1;1.3
126.15;1.3
126.2;1.3
126.25;1.28
126.3;1.3
126.35;1.3
126.4;1.3
126.45;1.28
126.5;1.3
126.55;1.3
126.6;1.3
126.65;1.28
126.7;1.3
126.75;1.3
126.8;1.3
126.85;1.3
126.9;1.3
126.95;1.3
127;1.3
127.05;1.3
127.1;1.3
127.15;1.32
127.2;1.32
127.25;1.3
127.3;1.3
127.35;1.32
127.4;1.32
127.45;1.3
127.5;1.3
127.55;1.32
127.6;1.32
127.65;1.3
127.7;1.32
127.75;1.3
127.8;1.32
127.85;1.3
127.9;1.32
127.95;1.32
128;1.32
128.05;1.3
128.1;1.32
128.15;1.32
128.2;1.32
128.25;1.32
128.3;1.32
128.35;1.34
128.4;1.34
128.45;1.32
128.5;1.32
128.55;1.32
128.6;1.34
128.65;1.32
128.7;1.32
128.75;1.32
128.8;1.34
128.85;1.32
128.9;1.34
128.95;1.34
129;1.34
129.05;1.32
129.1;1.34
129.15;1.34
129.2;1.34
129.25;1.32
129.3;1.32
129.35;1.32
129.4;1.34
129.45;1.32
129.5;1.32
129.55;1.32
129.6;1.34
129.65;1.32
129.7;1.32
129.75;1.32
129.8;1.32
129.85;1.32
129.9;1.32
129.95;1.32
130;1.34
130.05;1.32
130.1;1.32
130.15;1.32
130.2;1.34
130.25;1.32
130.3;1.32
130.35;1.32
130.4;1.32
130.45;1.32
130.5;1.32
130.55;1.34
130.6;1.34
130.65;1.32
130.7;1.32
130.75;1.32
130.8;1.34
130.85;1.32
130.9;1.32
130.95;1.32
131;1.34
131.05;1.32
131.1;1.32
131.15;1.32
131.2;1.34
131.25;1.32
131.3;1.32
131.35;1.32
131.4;1.34
131.45;1.32
131.5;1.34
131.55;1.32
131.6;1.34
131.65;1.3
131.7;1.32
131.75;1.32
131.8;1.34
131.85;1.32
131.9;1.34
131.95;1.32
132;1.34
132.05;1.32
132.1;1.34
132.15;1.34
132.2;1.34
132.25;1.32
132.3;1.32
132.35;1.34
132.4;1.34
132.45;1.32
132.5;1.34
132.55;1.34
132.6;1.34
132.65;1.32
132.7;1.32
132.75;1.34
132.8;1.34
132.85;1.34
132.9;1.34
132.95;1.34
133;1.34
133.05;1.34
133.1;1.34
133.15;1.34
133.2;1.36
133.25;1.32
133.3;1.34
133.35;1.34
133.4;1.36
133.45;1.34
133.5;1.34
133.55;1.34
133.6;1.34
133.65;1.34
133.7;1.34
133.75;1.34
133.8;1.34
133.85;1.34
133.9;1.34
133.95;1.34
134;1.34
134.05;1.32
134.1;1.34
134.15;1.34
134.2;1.34
134.25;1.34
134.3;1.34
134.35;1.34
134.4;1.34
134.45;1.34
134.5;1.34
134.55;1.34
134.6;1.34
134.65;1.32
134.7;1.32
134.75;1.34
134.8;1.34
134.85;1.32
134.9;1.34
134.95;1.34
135;1.34
135.05;1.34
135.1;1.34
135.15;1.32
135.2;1.34
135.25;1.32
135.3;1.34
135.35;1.34
135.4;1.34
135.45;1.32
135.5;1.34
135.55;1.34
135.6;1.34
135.65;1.34
135.7;1.34
135.75;1.34
135.8;1.34
135.85;1.34
135.9;1.34
135.95;1.34
136;1.34
136.05;1.34
136.1;1.34
136.15;1.36
136.2;1.36
136.25;1.34
136.3;1.34
136.35;1.34
136.4;1.36
136.45;1.34
136.5;1.36
136.55;1.34
136.6;1.36
136.65;1.34
136.7;1.36
136.75;1.36
136.8;1.36
136.85;1.34
136.9;1.36
136.95;1.36
137;1.36
137.05;1.34
137.1;1.36
137.15;1.36
137.2;1.36
137.25;1.34
137.3;1.36
137.35;1.36
137.4;1.36
137.45;1.36
137.5;1.36
137.55;1.36
137.6;1.36
137.65;1.36
137.7;1.36
137.75;1.36
137.8;1.38
137.85;1.36
137.9;1.36
137.95;1.38
138;1.38
138.05;1.36
138.1;1.36
138.15;1.36
138.2;1.36
138.25;1.36
138.3;1.36
138.35;1.36
138.4;1.38
138.45;1.36
138.5;1.36
138.55;1.36
138.6;1.38
138.65;1.36
138.7;1.36
138.75;1.36
138.8;1.36
138.85;1.36
138.9;1.36
138.95;1.38
139;1.38
139.05;1.36
139.1;1.36
139.15;1.36
139.2;1.38
139.25;1.36
139.3;1.36
139.35;1.38
139.4;1.38
139.45;1.36
139.5;1.36
139.55;1.38
139.6;1.38
139.65;1.36
139.7;1.38
139.75;1.36
139.8;1.38
139.85;1.36
139.9;1.38
139.95;1.38
140;1.38
140.05;1.36
140.1;1.38
140.15;1.38
140.2;1.38
140.25;1.36
140.3;1.38
140.35;1.38
140.4;1.38
140.45;1.36
140.5;1.38
140.55;1.36
140.6;1.38
140.65;1.36
140.7;1.38
140.75;1.38
140.8;1.38
140.85;1.38
140.9;1.38
140.95;1.38
141;1.38
141.05;1.38
141.1;1.38
141.15;1.38
141.2;1.4
141.25;1.38
141.3;1.38
141.35;1.38
141.4;1.4
141.45;1.38
141.5;1.38
141.55;1.38
141.6;1.4
141.65;1.38
141.7;1.4
141.75;1.4
141.8;1.4
141.85;1.38
141.9;1.4
141.95;1.4
142;1.4
142.05;1.4
142.1;1.4
142.15;1.4
142.2;1.42
142.25;1.4
142.3;1.4
142.35;1.4
142.4;1.42
142.45;1.4
142.5;1.4
142.55;1.4
142.6;1.42
142.65;1.4
142.7;1.4
142.75;1.4
142.8;1.42
142.85;1.4
142.9;1.42
142.95;1.4
143;1.4
143.05;1.4
143.1;1.4
143.15;1.4
143.2;1.42
143.25;1.4
143.3;1.4
143.35;1.4
143.4;1.42
143.45;1.4
143.5;1.4
143.55;1.4
143.6;1.4
143.65;1.4
143.7;1.4
143.75;1.42
143.8;1.42
143.85;1.4
143.9;1.4
143.95;1.4
144;1.42
144.05;1.4
144.1;1.4
144.15;1.4
144.2;1.42
144.25;1.4
144.3;1.42
144.35;1.42
144.4;1.42
144.45;1.4
144.5;1.4
144.55;1.4
144.6;1.42
144.65;1.4
144.7;1.42
144.75;1.42
144.8;1.42
144.85;1.4
144.9;1.42
144.95;1.4
145;1.42
145.05;1.4
145.1;1.42
145.15;1.4
145.2;1.42
145.25;1.4
145.3;1.42
145.35;1.4
145.4;1.42
145.45;1.4
145.5;1.42
145.55;1.42
145.6;1.42
145.65;1.4
145.7;1.42
145.75;1.42
145.8;1.42
145.85;1.4
145.9;1.4
145.95;1.42
146;1.42
146.05;1.4
146.1;1.42
146.15;1.42
146.2;1.42
146.25;1.4
146.3;1.42
146.35;1.42
146.4;1.42
146.45;1.4
146.5;1.42
146.55;1.4
146.6;1.42
146.65;1.4
146.7;1.42
146.75;1.42
146.8;1.42
146.85;1.42
146.9;1.42
146.95;1.42
147;1.42
147.05;1.42
147.1;1.42
147.15;1.4
147.2;1.42
147.25;1.4
147.3;1.42
147.35;1.42
147.4;1.42
147.45;1.42
147.5;1.42
147.55;1.42
147.6;1.44
147.65;1.42
147.7;1.42
147.75;1.44
147.8;1.44
147.85;1.42
147.9;1.44
147.95;1.44
148;1.44
148.05;1.42
148.1;1.44
148.15;1.44
148.2;1.46
148.25;1.44
148.3;1.44
148.35;1.44
148.4;1.44
148.45;1.42
148.5;1.44
148.55;1.44
148.6;1.44
148.65;1.44
148.7;1.44
148.75;1.44
148.8;1.44
148.85;1.42
148.9;1.44
148.95;1.44
149;1.44
149.05;1.42
149.1;1.42
149.15;1.42
149.2;1.44
149.25;1.42
149.3;1.42
149.35;1.42
149.4;1.44
149.45;1.42
149.5;1.42
149.55;1.42
149.6;1.42
149.65;1.4
149.7;1.42
149.75;1.42
149.8;1.42
149.85;1.4
149.9;1.42
149.95;1.42
150;1.42
150.05;1.4
150.1;1.42
150.15;1.42
150.2;1.42
150.25;1.4
150.3;1.42
150.35;1.42
150.4;1.42
150.45;1.42
150.5;1.42
150.55;1.42
150.6;1.44
150.65;1.42
150.7;1.42
150.75;1.42
150.8;1.44
150.85;1.42
150.9;1.42
150.95;1.42
151;1.44
151.05;1.42
151.1;1.44
151.15;1.44
151.2;1.44
151.25;1.42
151.3;1.44
151.35;1.44
151.4;1.44
151.45;1.42
151.5;1.44
151.55;1.44
151.6;1.46
151.65;1.44
151.7;1.46
151.75;1.44
151.8;1.46
151.85;1.42
151.9;1.42
151.95;1.44
