# Oscilloscope file ./20170703_502104.bin
# Channel 2
Time / s;Voltage / V
0;0.36
0.025;0.4
0.05;0.36
0.075;0.4
0.1;0.36
0.125;0.36
0.15;0.36
0.175;0.4
0.2;0.36
0.225;0.36
0.25;0.36
0.275;0.36
0.3;0.32
0.325;0.36
0.35;0.36
0.375;0.36
0.4;0.36
0.425;0.36
0.45;0.36
0.475;0.4
0.5;0.32
0.525;0.4
0.55;0.36
0.575;0.4
0.6;0.36
0.625;0.36
0.65;0.36
0.675;0.36
0.7;0.36
0.725;0.36
0.75;0.36
0.775;0.36
0.8;0.28
0.825;0.28
0.85;0.32
0.875;0.44
0.9;0.32
0.925;0.4
0.95;0.4
0.975;0.4
1;0.24
1.025;0.32
1.05;0.36
1.075;0.4
1.1;0.36
1.125;0.36
1.15;0.32
1.175;0.4
1.2;0.28
1.225;0.4
1.25;0.36
1.275;0.4
1.3;0.32
1.325;0.32
1.35;0.32
1.375;0.44
1.4;0.28
1.425;0.44
1.45;0.4
1.475;0.4
1.5;0.32
1.525;0.32
1.55;0.32
1.575;0.4
1.6;0.32
1.625;0.36
1.65;0.36
1.675;0.36
1.7;0.28
1.725;0.32
1.75;0.36
1.775;0.4
1.8;0.32
1.825;0.32
1.85;0.36
1.875;0.36
1.9;0.28
1.925;0.32
1.95;0.4
1.975;0.4
2;0.32
2.025;0.32
2.05;0.32
2.075;0.4
2.1;0.32
2.125;0.36
2.15;0.36
2.175;0.36
2.2;0.32
2.225;0.32
2.25;0.32
2.275;0.4
2.3;0.32
2.325;0.4
2.35;0.36
2.375;0.36
2.4;0.32
2.425;0.36
2.45;0.36
2.475;0.36
2.5;0.32
2.525;0.32
2.55;0.32
2.575;0.36
2.6;0.32
2.625;0.36
2.65;0.36
2.675;0.36
2.7;0.32
2.725;0.32
2.75;0.36
2.775;0.36
2.8;0.32
2.825;0.36
2.85;0.32
2.875;0.36
2.9;0.32
2.925;0.32
2.95;0.32
2.975;0.36
3;0.32
3.025;0.32
3.05;0.32
3.075;0.36
3.1;0.32
3.125;0.32
3.15;0.36
3.175;0.36
3.2;0.32
3.225;0.32
3.25;0.32
3.275;0.36
3.3;0.32
3.325;0.36
3.35;0.32
3.375;0.36
3.4;0.32
3.425;0.32
3.45;0.32
3.475;0.36
3.5;0.32
3.525;0.32
3.55;0.32
3.575;0.36
3.6;0.32
3.625;0.36
3.65;0.36
3.675;0.36
3.7;0.32
3.725;0.36
3.75;0.32
3.775;0.36
3.8;0.32
3.825;0.36
3.85;0.36
3.875;0.36
3.9;0.32
3.925;0.32
3.95;0.32
3.975;0.36
4;0.32
4.025;0.36
4.05;0.32
4.075;0.36
4.1;0.32
4.125;0.32
4.15;0.36
4.175;0.36
4.2;0.32
4.225;0.32
4.25;0.36
4.275;0.36
4.3;0.32
4.325;0.36
4.35;0.32
4.375;0.36
4.4;0.32
4.425;0.32
4.45;0.32
4.475;0.36
4.5;0.32
4.525;0.36
4.55;0.36
4.575;0.36
4.6;0.32
4.625;0.36
4.65;0.32
4.675;0.36
4.7;0.32
4.725;0.36
4.75;0.32
4.775;0.36
4.8;0.32
4.825;0.32
4.85;0.32
4.875;0.36
4.9;0.32
4.925;0.36
4.95;0.36
4.975;0.36
5;0.32
5.025;0.36
5.05;0.36
5.075;0.36
5.1;0.32
5.125;0.32
5.15;0.36
5.175;0.36
5.2;0.32
5.225;0.32
5.25;0.36
5.275;0.36
5.3;0.32
5.325;0.32
5.35;0.32
5.375;0.36
5.4;0.32
5.425;0.36
5.45;0.36
5.475;0.36
5.5;0.32
5.525;0.32
5.55;0.32
5.575;0.36
5.6;0.32
5.625;0.36
5.65;0.32
5.675;0.36
5.7;0.32
5.725;0.36
5.75;0.36
5.775;0.36
5.8;0.32
5.825;0.36
5.85;0.32
5.875;0.36
5.9;0.32
5.925;0.32
5.95;0.32
5.975;0.36
6;0.32
6.025;0.32
6.05;0.36
6.075;0.36
6.1;0.32
6.125;0.32
6.15;0.36
6.175;0.36
6.2;0.32
6.225;0.32
6.25;0.36
6.275;0.36
6.3;0.32
6.325;0.32
6.35;0.32
6.375;0.36
6.4;0.32
6.425;0.32
6.45;0.36
6.475;0.36
6.5;0.32
6.525;0.36
6.55;0.36
6.575;0.36
6.6;0.32
6.625;0.36
6.65;0.36
6.675;0.36
6.7;0.32
6.725;0.32
6.75;0.32
6.775;0.36
6.8;0.32
6.825;0.32
6.85;0.32
6.875;0.36
6.9;0.32
6.925;0.36
6.95;0.36
6.975;0.36
7;0.32
7.025;0.32
7.05;0.36
7.075;0.36
7.1;0.32
7.125;0.32
7.15;0.32
7.175;0.36
7.2;0.32
7.225;0.36
7.25;0.32
7.275;0.36
7.3;0.32
7.325;0.32
7.35;0.32
7.375;0.36
7.4;0.32
7.425;0.32
7.45;0.36
7.475;0.36
7.5;0.32
7.525;0.36
7.55;0.36
7.575;0.36
7.6;0.36
7.625;0.36
7.65;0.36
7.675;0.36
7.7;0.32
7.725;0.32
7.75;0.32
7.775;0.36
7.8;0.32
7.825;0.36
7.85;0.32
7.875;0.36
7.9;0.32
7.925;0.32
7.95;0.32
7.975;0.36
8;0.32
8.025;0.36
8.05;0.36
8.075;0.36
8.1;0.32
8.125;0.36
8.15;0.32
8.175;0.36
8.2;0.32
8.225;0.32
8.25;0.36
8.275;0.36
8.3;0.32
8.325;0.32
8.35;0.36
8.375;0.36
8.4;0.32
8.425;0.32
8.45;0.36
8.475;0.36
8.5;0.32
8.525;0.36
8.55;0.36
8.575;0.36
8.6;0.32
8.625;0.32
8.65;0.32
8.675;0.36
8.7;0.32
8.725;0.36
8.75;0.32
8.775;0.36
8.8;0.32
8.825;0.36
8.85;0.32
8.875;0.36
8.9;0.28
8.925;0.36
8.95;0.32
8.975;0.36
9;0.32
9.025;0.36
9.05;0.32
9.075;0.36
9.1;0.32
9.125;0.36
9.15;0.32
9.175;0.36
9.2;0.32
9.225;0.32
9.25;0.36
9.275;0.36
9.3;0.32
9.325;0.36
9.35;0.36
9.375;0.36
9.4;0.32
9.425;0.36
9.45;0.36
9.475;0.36
9.5;0.32
9.525;0.32
9.55;0.36
9.575;0.36
9.6;0.32
9.625;0.32
9.65;0.32
9.675;0.36
9.7;0.32
9.725;0.32
9.75;0.32
9.775;0.36
9.8;0.32
9.825;0.36
9.85;0.32
9.875;0.36
9.9;0.32
9.925;0.36
9.95;0.32
9.975;0.36
10;0.32
10.025;0.36
10.05;0.36
10.075;0.36
10.1;0.32
10.125;0.36
10.15;0.32
10.175;0.36
10.2;0.32
10.225;0.36
10.25;0.32
10.275;0.36
10.3;0.32
10.325;0.36
10.35;0.32
10.375;0.36
10.4;0.32
10.425;0.32
10.45;0.36
10.475;0.36
10.5;0.32
10.525;0.32
10.55;0.36
10.575;0.36
10.6;0.32
10.625;0.32
10.65;0.32
10.675;0.36
10.7;0.32
10.725;0.36
10.75;0.32
10.775;0.36
10.8;0.32
10.825;0.36
10.85;0.32
10.875;0.36
10.9;0.32
10.925;0.36
10.95;0.36
10.975;0.36
11;0.32
11.025;0.36
11.05;0.36
11.075;0.36
11.1;0.32
11.125;0.36
11.15;0.32
11.175;0.36
11.2;0.32
11.225;0.36
11.25;0.36
11.275;0.36
11.3;0.36
11.325;0.36
11.35;0.36
11.375;0.36
11.4;0.32
11.425;0.32
11.45;0.32
11.475;0.36
11.5;0.32
11.525;0.32
11.55;0.36
11.575;0.36
11.6;0.32
11.625;0.36
11.65;0.36
11.675;0.36
11.7;0.32
11.725;0.32
11.75;0.36
11.775;0.36
11.8;0.32
11.825;0.36
11.85;0.36
11.875;0.36
11.9;0.32
11.925;0.36
11.95;0.36
11.975;0.36
12;0.32
12.025;0.36
12.05;0.36
12.075;0.36
12.1;0.32
12.125;0.32
12.15;0.32
12.175;0.36
12.2;0.32
12.225;0.32
12.25;0.32
12.275;0.36
12.3;0.32
12.325;0.36
12.35;0.36
12.375;0.36
12.4;0.32
12.425;0.36
12.45;0.36
12.475;0.36
12.5;0.36
12.525;0.36
12.55;0.36
12.575;0.36
12.6;0.32
12.625;0.36
12.65;0.36
12.675;0.36
12.7;0.32
12.725;0.32
12.75;0.36
12.775;0.36
12.8;0.32
12.825;0.32
12.85;0.36
12.875;0.36
12.9;0.32
12.925;0.32
12.95;0.36
12.975;0.36
13;0.32
13.025;0.36
13.05;0.32
13.075;0.36
13.1;0.32
13.125;0.32
13.15;0.32
13.175;0.36
13.2;0.32
13.225;0.36
13.25;0.32
13.275;0.36
13.3;0.32
13.325;0.36
13.35;0.32
13.375;0.36
13.4;0.32
13.425;0.36
13.45;0.36
13.475;0.36
13.5;0.32
13.525;0.36
13.55;0.32
13.575;0.36
13.6;0.32
13.625;0.36
13.65;0.36
13.675;0.44
13.7;0.36
13.725;0.4
13.75;0.44
13.775;0.6
13.8;0.44
13.825;0.6
13.85;0.64
13.875;0.84
13.9;0.64
13.925;0.84
13.95;0.88
13.975;1.08
14;0.88
14.025;1.08
14.05;1.12
14.075;1.28
14.1;1.12
14.125;1.28
14.15;1.28
14.175;1.32
14.2;1.28
14.225;1.32
14.25;1.32
14.275;1.32
14.3;1.28
14.325;1.28
14.35;1.28
14.375;1.28
14.4;1.2
14.425;1.24
14.45;1.2
14.475;1.24
14.5;1.12
14.525;1.12
14.55;1.12
14.575;1.12
14.6;1
14.625;1
14.65;1
14.675;1
14.7;0.84
14.725;0.84
14.75;0.84
14.775;0.84
14.8;0.56
14.825;0.56
14.85;0.52
14.875;0.52
14.9;0.36
14.925;0.36
14.95;0.36
14.975;0.36
15;0.32
15.025;0.32
15.05;0.36
15.075;0.36
15.1;0.32
15.125;0.32
15.15;0.36
15.175;0.36
15.2;0.32
15.225;0.36
15.25;0.36
15.275;0.36
15.3;0.32
15.325;0.36
15.35;0.32
15.375;0.36
15.4;0.32
15.425;0.36
15.45;0.32
15.475;0.36
15.5;0.32
15.525;0.36
15.55;0.36
15.575;0.36
15.6;0.32
15.625;0.36
15.65;0.36
15.675;0.36
15.7;0.32
15.725;0.36
15.75;0.36
15.775;0.36
15.8;0.32
15.825;0.36
15.85;0.36
15.875;0.44
15.9;0.36
15.925;0.4
15.95;0.44
15.975;0.48
16;0.44
16.025;0.48
16.05;0.48
16.075;0.56
16.1;0.48
16.125;0.56
16.15;0.6
16.175;0.6
16.2;0.56
16.225;0.56
16.25;0.56
16.275;0.6
16.3;0.56
16.325;0.6
16.35;0.6
16.375;0.6
16.4;0.56
16.425;0.6
16.45;0.56
16.475;0.6
16.5;0.52
16.525;0.56
16.55;0.56
16.575;0.56
16.6;0.52
16.625;0.52
16.65;0.52
16.675;0.52
16.7;0.48
16.725;0.48
16.75;0.52
16.775;0.52
16.8;0.44
16.825;0.44
16.85;0.44
16.875;0.44
16.9;0.4
16.925;0.4
16.95;0.4
16.975;0.4
17;0.36
17.025;0.4
17.05;0.4
17.075;0.4
17.1;0.4
17.125;0.4
17.15;0.44
17.175;0.44
17.2;0.4
17.225;0.44
17.25;0.44
17.275;0.44
17.3;0.4
17.325;0.44
17.35;0.44
17.375;0.44
17.4;0.4
17.425;0.4
17.45;0.4
17.475;0.44
17.5;0.4
17.525;0.44
17.55;0.4
17.575;0.44
17.6;0.36
17.625;0.4
17.65;0.4
17.675;0.44
17.7;0.4
17.725;0.44
17.75;0.4
17.775;0.44
17.8;0.36
17.825;0.4
17.85;0.36
17.875;0.44
17.9;0.36
17.925;0.44
17.95;0.4
17.975;0.48
18;0.4
18.025;0.48
18.05;0.48
18.075;0.56
18.1;0.48
18.125;0.56
18.15;0.6
18.175;0.68
18.2;0.6
18.225;0.64
18.25;0.68
18.275;0.72
18.3;0.68
18.325;0.68
18.35;0.72
18.375;0.72
18.4;0.68
18.425;0.72
18.45;0.72
18.475;0.72
18.5;0.68
18.525;0.68
18.55;0.68
18.575;0.68
18.6;0.64
18.625;0.64
18.65;0.64
18.675;0.64
18.7;0.6
18.725;0.6
18.75;0.6
18.775;0.64
18.8;0.56
18.825;0.56
18.85;0.56
18.875;0.56
18.9;0.48
18.925;0.52
18.95;0.48
18.975;0.48
19;0.36
19.025;0.36
19.05;0.36
19.075;0.36
19.1;0.32
19.125;0.32
19.15;0.32
19.175;0.36
19.2;0.32
19.225;0.32
19.25;0.36
19.275;0.36
19.3;0.32
19.325;0.32
19.35;0.32
19.375;0.36
19.4;0.32
19.425;0.32
19.45;0.36
19.475;0.36
19.5;0.32
19.525;0.36
19.55;0.32
19.575;0.36
19.6;0.32
19.625;0.32
19.65;0.32
19.675;0.36
19.7;0.32
19.725;0.36
19.75;0.32
19.775;0.36
19.8;0.32
19.825;0.36
19.85;0.36
19.875;0.4
19.9;0.32
19.925;0.36
19.95;0.32
19.975;0.36
20;0.32
20.025;0.36
20.05;0.36
20.075;0.4
20.1;0.36
20.125;0.4
20.15;0.36
20.175;0.4
20.2;0.36
20.225;0.4
20.25;0.36
20.275;0.4
20.3;0.36
20.325;0.36
20.35;0.36
20.375;0.4
20.4;0.36
20.425;0.4
20.45;0.4
20.475;0.4
20.5;0.36
20.525;0.36
20.55;0.4
20.575;0.44
20.6;0.36
20.625;0.36
20.65;0.4
20.675;0.4
20.7;0.36
20.725;0.36
20.75;0.36
20.775;0.4
20.8;0.36
20.825;0.4
20.85;0.36
20.875;0.4
20.9;0.36
20.925;0.36
20.95;0.36
20.975;0.36
21;0.32
21.025;0.36
21.05;0.36
21.075;0.36
21.1;0.32
21.125;0.36
21.15;0.32
21.175;0.36
21.2;0.32
21.225;0.36
21.25;0.32
21.275;0.36
21.3;0.32
21.325;0.32
21.35;0.32
21.375;0.36
21.4;0.32
21.425;0.32
21.45;0.36
21.475;0.36
21.5;0.32
21.525;0.32
21.55;0.36
21.575;0.36
21.6;0.32
21.625;0.32
21.65;0.36
21.675;0.36
21.7;0.32
21.725;0.36
21.75;0.36
21.775;0.36
21.8;0.32
21.825;0.36
21.85;0.32
21.875;0.4
21.9;0.32
21.925;0.36
21.95;0.32
21.975;0.4
22;0.32
22.025;0.32
22.05;0.36
22.075;0.36
22.1;0.32
22.125;0.36
22.15;0.32
22.175;0.36
22.2;0.32
22.225;0.36
22.25;0.36
22.275;0.36
22.3;0.32
22.325;0.36
22.35;0.32
22.375;0.36
22.4;0.32
22.425;0.36
22.45;0.36
22.475;0.36
22.5;0.32
22.525;0.32
22.55;0.36
22.575;0.36
22.6;0.32
22.625;0.32
22.65;0.36
22.675;0.36
22.7;0.32
22.725;0.32
22.75;0.32
22.775;0.36
22.8;0.32
22.825;0.32
22.85;0.32
22.875;0.36
22.9;0.32
22.925;0.32
22.95;0.32
22.975;0.36
23;0.32
23.025;0.32
23.05;0.32
23.075;0.36
23.1;0.32
23.125;0.36
23.15;0.36
23.175;0.36
23.2;0.32
23.225;0.36
23.25;0.32
23.275;0.36
23.3;0.32
23.325;0.36
23.35;0.36
23.375;0.36
23.4;0.32
23.425;0.32
23.45;0.36
23.475;0.36
23.5;0.32
23.525;0.36
23.55;0.36
23.575;0.36
23.6;0.32
23.625;0.36
23.65;0.36
23.675;0.36
23.7;0.32
23.725;0.32
23.75;0.36
23.775;0.36
23.8;0.32
23.825;0.32
23.85;0.36
23.875;0.36
23.9;0.32
23.925;0.32
23.95;0.32
23.975;0.36
24;0.32
24.025;0.36
24.05;0.36
24.075;0.36
24.1;0.32
24.125;0.32
24.15;0.32
24.175;0.36
24.2;0.32
24.225;0.36
24.25;0.36
24.275;0.36
24.3;0.32
24.325;0.36
24.35;0.32
24.375;0.4
24.4;0.32
24.425;0.36
24.45;0.36
24.475;0.36
24.5;0.32
24.525;0.36
24.55;0.32
24.575;0.36
24.6;0.32
24.625;0.32
24.65;0.32
24.675;0.36
24.7;0.32
24.725;0.36
24.75;0.36
24.775;0.36
24.8;0.32
24.825;0.32
24.85;0.36
24.875;0.36
24.9;0.32
24.925;0.32
24.95;0.36
24.975;0.36
25;0.32
25.025;0.32
25.05;0.36
25.075;0.36
25.1;0.32
25.125;0.32
25.15;0.36
25.175;0.36
25.2;0.32
25.225;0.36
25.25;0.32
25.275;0.36
25.3;0.32
25.325;0.32
25.35;0.36
25.375;0.36
25.4;0.32
25.425;0.36
25.45;0.32
25.475;0.36
25.5;0.32
25.525;0.36
25.55;0.32
25.575;0.36
25.6;0.32
25.625;0.36
25.65;0.36
25.675;0.36
25.7;0.32
25.725;0.36
25.75;0.32
25.775;0.36
25.8;0.28
25.825;0.32
25.85;0.36
25.875;0.36
25.9;0.32
25.925;0.32
25.95;0.32
25.975;0.36
26;0.32
26.025;0.32
26.05;0.36
26.075;0.36
26.1;0.32
26.125;0.36
26.15;0.36
26.175;0.36
26.2;0.32
26.225;0.36
26.25;0.32
26.275;0.36
26.3;0.32
26.325;0.36
26.35;0.32
26.375;0.36
26.4;0.32
26.425;0.32
26.45;0.32
26.475;0.36
26.5;0.32
26.525;0.36
26.55;0.32
26.575;0.36
26.6;0.32
26.625;0.32
26.65;0.36
26.675;0.36
26.7;0.32
26.725;0.36
26.75;0.36
26.775;0.36
26.8;0.32
26.825;0.32
26.85;0.32
26.875;0.36
26.9;0.32
26.925;0.36
26.95;0.36
26.975;0.36
27;0.32
27.025;0.32
27.05;0.36
27.075;0.36
27.1;0.32
27.125;0.32
27.15;0.36
27.175;0.36
27.2;0.32
27.225;0.32
27.25;0.32
27.275;0.36
27.3;0.32
27.325;0.36
27.35;0.36
27.375;0.36
27.4;0.32
27.425;0.36
27.45;0.32
27.475;0.36
27.5;0.32
27.525;0.36
27.55;0.36
27.575;0.4
27.6;0.36
27.625;0.36
27.65;0.36
27.675;0.4
27.7;0.36
27.725;0.4
27.75;0.36
27.775;0.4
27.8;0.36
27.825;0.4
27.85;0.4
27.875;0.4
27.9;0.4
27.925;0.4
27.95;0.4
27.975;0.44
28;0.4
28.025;0.44
28.05;0.4
28.075;0.52
28.1;0.4
28.125;0.52
28.15;0.56
28.175;1.16
28.2;0.56
28.225;1.16
28.25;1.28
28.275;3.56
28.3;1.28
28.325;3.56
28.35;3.96
28.375;9.12
28.4;3.96
28.425;9.12
28.45;9.12
28.475;9.12
28.5;9.12
28.525;9.12
28.55;9.12
28.575;9.12
28.6;9.12
28.625;9.12
28.65;9.12
28.675;9.12
28.7;9.12
28.725;9.12
28.75;9.12
28.775;9.12
28.8;9.12
28.825;9.12
28.85;9.12
28.875;9.12
28.9;9.12
28.925;9.12
28.95;9.12
28.975;9.12
29;9.12
29.025;9.12
29.05;9.12
29.075;9.12
29.1;9.12
29.125;9.12
29.15;9.12
29.175;9.12
29.2;9.12
29.225;9.12
29.25;9.12
29.275;9.12
29.3;9.12
29.325;9.12
29.35;9.12
29.375;9.12
29.4;6
29.425;6
29.45;5
29.475;5
29.5;0.64
29.525;0.64
29.55;0.56
29.575;0.56
29.6;0.52
29.625;0.56
29.65;0.56
29.675;0.6
29.7;0.56
29.725;0.6
29.75;0.56
29.775;0.64
29.8;0.56
29.825;0.6
29.85;0.6
29.875;0.6
29.9;0.56
29.925;0.6
29.95;0.6
29.975;0.6
30;0.56
30.025;0.6
30.05;0.6
30.075;0.6
30.1;0.56
30.125;0.56
30.15;0.56
30.175;0.56
30.2;0.52
30.225;0.52
30.25;0.52
30.275;0.52
30.3;0.48
30.325;0.48
30.35;0.48
30.375;0.48
30.4;0.44
30.425;0.44
30.45;0.48
30.475;0.48
30.5;0.36
30.525;0.36
30.55;0.36
30.575;0.36
30.6;0.32
30.625;0.32
30.65;0.32
30.675;0.36
30.7;0.32
30.725;0.36
30.75;0.36
30.775;0.36
30.8;0.32
30.825;0.36
30.85;0.36
30.875;0.36
30.9;0.36
30.925;0.36
30.95;0.32
30.975;0.36
31;0.32
31.025;0.36
31.05;0.36
31.075;0.4
31.1;0.32
31.125;0.36
31.15;0.32
31.175;0.36
31.2;0.32
31.225;0.32
31.25;0.36
31.275;0.36
31.3;0.32
31.325;0.36
31.35;0.36
31.375;0.36
31.4;0.32
31.425;0.32
31.45;0.36
31.475;0.36
31.5;0.32
31.525;0.36
31.55;0.36
31.575;0.36
31.6;0.32
31.625;0.32
31.65;0.36
31.675;0.36
31.7;0.32
31.725;0.32
31.75;0.32
31.775;0.36
31.8;0.32
31.825;0.36
31.85;0.32
31.875;0.36
31.9;0.32
31.925;0.36
31.95;0.32
31.975;0.36
32;0.32
32.025;0.36
32.05;0.32
32.075;0.36
32.1;0.32
32.125;0.36
32.15;0.36
32.175;0.36
32.2;0.36
32.225;0.36
32.25;0.36
32.275;0.4
32.3;0.36
32.325;0.36
32.35;0.44
32.375;0.64
32.4;0.44
32.425;0.64
32.45;0.72
32.475;1.52
32.5;0.72
32.525;1.52
32.55;1.64
32.575;2.88
32.6;1.64
32.625;2.88
32.65;3.04
32.675;4.56
32.7;3.04
32.725;4.56
32.75;4.72
32.775;5.56
32.8;4.72
32.825;5.56
32.85;5.64
32.875;5.68
32.9;5.6
32.925;5.6
32.95;5.56
32.975;5.56
33;5.44
33.025;5.44
33.05;5.36
33.075;5.36
33.1;4.96
33.125;4.96
33.15;4.88
33.175;4.88
33.2;4.48
33.225;4.48
33.25;4.44
33.275;4.44
33.3;3.92
33.325;3.92
33.35;3.88
33.375;3.88
33.4;3.08
33.425;3.08
33.45;3.04
33.475;3.04
33.5;2.28
33.525;2.28
33.55;2.16
33.575;2.16
33.6;0.76
33.625;0.76
33.65;0.64
33.675;0.64
33.7;0.32
33.725;0.32
33.75;0.32
33.775;0.36
33.8;0.32
33.825;0.32
33.85;0.36
33.875;0.36
33.9;0.32
33.925;0.32
33.95;0.32
33.975;0.36
34;0.32
34.025;0.36
34.05;0.36
34.075;0.36
34.1;0.32
34.125;0.36
34.15;0.32
34.175;0.36
34.2;0.32
34.225;0.32
34.25;0.32
34.275;0.36
34.3;0.32
34.325;0.36
34.35;0.36
34.375;0.36
34.4;0.32
34.425;0.36
34.45;0.36
34.475;0.36
34.5;0.32
34.525;0.32
34.55;0.36
34.575;0.36
34.6;0.32
34.625;0.36
34.65;0.36
34.675;0.36
34.7;0.32
34.725;0.32
34.75;0.36
34.775;0.36
34.8;0.32
34.825;0.36
34.85;0.36
34.875;0.4
34.9;0.36
34.925;0.36
34.95;0.32
34.975;0.36
35;0.32
35.025;0.36
35.05;0.36
35.075;0.4
35.1;0.32
35.125;0.4
35.15;0.36
35.175;0.36
35.2;0.32
35.225;0.36
35.25;0.32
35.275;0.36
35.3;0.32
35.325;0.36
35.35;0.36
35.375;0.36
35.4;0.32
35.425;0.36
35.45;0.36
35.475;0.36
35.5;0.32
35.525;0.36
35.55;0.36
35.575;0.36
35.6;0.32
35.625;0.32
35.65;0.36
35.675;0.36
35.7;0.32
35.725;0.36
35.75;0.36
35.775;0.36
35.8;0.32
35.825;0.36
35.85;0.32
35.875;0.36
35.9;0.32
35.925;0.36
35.95;0.32
35.975;0.36
36;0.32
36.025;0.32
36.05;0.32
36.075;0.36
36.1;0.32
36.125;0.36
36.15;0.36
36.175;0.36
36.2;0.32
36.225;0.36
36.25;0.32
36.275;0.36
36.3;0.32
36.325;0.32
36.35;0.32
36.375;0.36
36.4;0.32
36.425;0.36
36.45;0.36
36.475;0.36
36.5;0.32
36.525;0.32
36.55;0.32
36.575;0.36
36.6;0.32
36.625;0.36
36.65;0.36
36.675;0.36
36.7;0.32
36.725;0.36
36.75;0.36
36.775;0.36
36.8;0.32
36.825;0.32
36.85;0.36
36.875;0.36
36.9;0.32
36.925;0.36
36.95;0.36
36.975;0.36
37;0.32
37.025;0.32
37.05;0.36
37.075;0.36
37.1;0.32
37.125;0.36
37.15;0.36
37.175;0.36
37.2;0.32
37.225;0.36
37.25;0.36
37.275;0.36
37.3;0.32
37.325;0.36
37.35;0.36
37.375;0.36
37.4;0.32
37.425;0.36
37.45;0.32
37.475;0.36
37.5;0.32
37.525;0.32
37.55;0.36
37.575;0.36
37.6;0.32
37.625;0.32
37.65;0.32
37.675;0.36
37.7;0.32
37.725;0.36
37.75;0.36
37.775;0.36
37.8;0.32
37.825;0.32
37.85;0.36
37.875;0.36
37.9;0.32
37.925;0.32
37.95;0.32
37.975;0.36
38;0.32
38.025;0.32
38.05;0.32
38.075;0.36
38.1;0.32
38.125;0.32
38.15;0.32
38.175;0.36
38.2;0.32
38.225;0.32
38.25;0.32
38.275;0.36
38.3;0.32
38.325;0.36
38.35;0.32
38.375;0.36
38.4;0.32
38.425;0.36
38.45;0.32
38.475;0.36
38.5;0.32
38.525;0.36
38.55;0.32
38.575;0.36
38.6;0.32
38.625;0.36
38.65;0.32
38.675;0.36
38.7;0.32
38.725;0.36
38.75;0.36
38.775;0.36
38.8;0.32
38.825;0.32
38.85;0.36
38.875;0.36
38.9;0.32
38.925;0.32
38.95;0.36
38.975;0.36
39;0.32
39.025;0.32
39.05;0.32
39.075;0.36
39.1;0.32
39.125;0.32
39.15;0.32
39.175;0.36
39.2;0.32
39.225;0.36
39.25;0.36
39.275;0.36
39.3;0.32
39.325;0.32
39.35;0.32
39.375;0.36
39.4;0.32
39.425;0.32
39.45;0.32
39.475;0.36
39.5;0.32
39.525;0.36
39.55;0.32
39.575;0.36
39.6;0.32
39.625;0.36
39.65;0.32
39.675;0.36
39.7;0.32
39.725;0.32
39.75;0.32
39.775;0.36
39.8;0.32
39.825;0.36
39.85;0.36
39.875;0.36
39.9;0.32
39.925;0.32
39.95;0.36
39.975;0.36
40;0.32
40.025;0.36
40.05;0.36
40.075;0.36
40.1;0.32
40.125;0.32
40.15;0.36
40.175;0.4
40.2;0.32
40.225;0.36
40.25;0.36
40.275;0.36
40.3;0.32
40.325;0.36
40.35;0.36
40.375;0.36
40.4;0.32
40.425;0.32
40.45;0.36
40.475;0.36
40.5;0.36
40.525;0.36
40.55;0.32
40.575;0.36
40.6;0.32
40.625;0.36
40.65;0.36
40.675;0.36
40.7;0.36
40.725;0.36
40.75;0.36
40.775;0.44
40.8;0.36
40.825;0.44
40.85;0.44
40.875;0.52
40.9;0.44
40.925;0.52
40.95;0.52
40.975;0.64
41;0.52
41.025;0.64
41.05;0.68
41.075;0.76
41.1;0.64
41.125;0.72
41.15;0.76
41.175;0.8
41.2;0.72
41.225;0.76
41.25;0.76
41.275;0.76
41.3;0.76
41.325;0.76
41.35;0.76
41.375;0.76
41.4;0.72
41.425;0.72
41.45;0.72
41.475;0.72
41.5;0.68
41.525;0.68
41.55;0.72
41.575;0.72
41.6;0.64
41.625;0.64
41.65;0.64
41.675;0.64
41.7;0.6
41.725;0.6
41.75;0.56
41.775;0.6
41.8;0.52
41.825;0.56
41.85;0.52
41.875;0.52
41.9;0.44
41.925;0.44
41.95;0.4
41.975;0.4
42;0.36
42.025;0.36
42.05;0.36
42.075;0.36
42.1;0.32
42.125;0.32
42.15;0.36
42.175;0.4
42.2;0.32
42.225;0.32
42.25;0.36
42.275;0.36
42.3;0.32
42.325;0.36
42.35;0.36
42.375;0.4
42.4;0.32
42.425;0.36
42.45;0.36
42.475;0.36
42.5;0.32
42.525;0.36
42.55;0.36
42.575;0.36
42.6;0.32
42.625;0.36
42.65;0.36
42.675;0.36
42.7;0.32
42.725;0.36
42.75;0.32
42.775;0.36
42.8;0.32
42.825;0.36
42.85;0.36
42.875;0.36
42.9;0.32
42.925;0.36
42.95;0.32
42.975;0.36
43;0.32
43.025;0.36
43.05;0.36
43.075;0.36
43.1;0.32
43.125;0.36
43.15;0.36
43.175;0.36
43.2;0.32
43.225;0.32
43.25;0.36
43.275;0.36
43.3;0.32
43.325;0.36
43.35;0.32
43.375;0.36
43.4;0.32
43.425;0.32
43.45;0.36
43.475;0.36
43.5;0.32
43.525;0.32
43.55;0.32
43.575;0.36
43.6;0.32
43.625;0.36
43.65;0.36
43.675;0.36
43.7;0.32
43.725;0.36
43.75;0.36
43.775;0.4
43.8;0.32
43.825;0.32
43.85;0.32
43.875;0.36
43.9;0.32
43.925;0.36
43.95;0.32
43.975;0.36
44;0.32
44.025;0.36
44.05;0.36
44.075;0.36
44.1;0.32
44.125;0.36
44.15;0.36
44.175;0.36
44.2;0.32
44.225;0.32
44.25;0.36
44.275;0.4
44.3;0.36
44.325;0.36
44.35;0.36
44.375;0.36
44.4;0.36
44.425;0.36
44.45;0.36
44.475;0.36
44.5;0.32
44.525;0.32
44.55;0.36
44.575;0.36
44.6;0.32
44.625;0.36
44.65;0.36
44.675;0.36
44.7;0.36
44.725;0.36
44.75;0.36
44.775;0.4
44.8;0.36
44.825;0.36
44.85;0.36
44.875;0.4
44.9;0.36
44.925;0.4
44.95;0.36
44.975;0.4
45;0.36
45.025;0.36
45.05;0.36
45.075;0.4
45.1;0.36
45.125;0.4
45.15;0.4
45.175;0.48
45.2;0.4
45.225;0.44
45.25;0.44
45.275;0.48
45.3;0.44
45.325;0.48
45.35;0.48
45.375;0.52
45.4;0.44
45.425;0.48
45.45;0.52
45.475;0.52
45.5;0.48
45.525;0.48
45.55;0.48
45.575;0.52
45.6;0.48
45.625;0.48
45.65;0.48
45.675;0.48
45.7;0.44
45.725;0.44
45.75;0.44
45.775;0.48
45.8;0.44
45.825;0.44
45.85;0.44
45.875;0.48
45.9;0.44
45.925;0.44
45.95;0.4
45.975;0.44
46;0.4
46.025;0.4
46.05;0.4
46.075;0.4
46.1;0.36
46.125;0.36
46.15;0.36
46.175;0.36
46.2;0.32
46.225;0.32
46.25;0.32
46.275;0.36
46.3;0.32
46.325;0.36
46.35;0.36
46.375;0.36
46.4;0.32
46.425;0.36
46.45;0.36
46.475;0.36
46.5;0.32
46.525;0.36
46.55;0.36
46.575;0.36
46.6;0.32
46.625;0.36
46.65;0.36
46.675;0.36
46.7;0.32
46.725;0.32
46.75;0.36
46.775;0.36
46.8;0.32
46.825;0.36
46.85;0.36
46.875;0.36
46.9;0.32
46.925;0.32
46.95;0.36
46.975;0.36
47;0.32
47.025;0.32
47.05;0.32
47.075;0.36
47.1;0.32
47.125;0.32
47.15;0.32
47.175;0.36
47.2;0.32
47.225;0.36
47.25;0.32
47.275;0.36
47.3;0.32
47.325;0.32
47.35;0.36
47.375;0.36
47.4;0.32
47.425;0.32
47.45;0.36
47.475;0.36
47.5;0.32
47.525;0.32
47.55;0.32
47.575;0.36
47.6;0.32
47.625;0.32
47.65;0.32
47.675;0.36
47.7;0.32
47.725;0.32
47.75;0.36
47.775;0.36
47.8;0.32
47.825;0.32
47.85;0.32
47.875;0.32
47.9;0.32
47.925;0.32
47.95;0.32
47.975;0.36
48;0.32
48.025;0.32
48.05;0.32
48.075;0.36
48.1;0.32
48.125;0.36
48.15;0.32
48.175;0.36
48.2;0.32
48.225;0.36
48.25;0.36
48.275;0.4
48.3;0.32
48.325;0.4
48.35;0.36
48.375;0.36
48.4;0.32
48.425;0.36
48.45;0.32
48.475;0.36
48.5;0.32
48.525;0.32
48.55;0.36
48.575;0.36
48.6;0.32
48.625;0.32
48.65;0.36
48.675;0.36
48.7;0.32
48.725;0.36
48.75;0.36
48.775;0.36
48.8;0.32
48.825;0.32
48.85;0.36
48.875;0.36
48.9;0.32
48.925;0.32
48.95;0.36
48.975;0.36
49;0.32
49.025;0.32
49.05;0.32
49.075;0.36
49.1;0.32
49.125;0.32
49.15;0.36
49.175;0.36
49.2;0.32
49.225;0.32
49.25;0.32
49.275;0.36
49.3;0.32
49.325;0.32
49.35;0.32
49.375;0.36
49.4;0.32
49.425;0.36
49.45;0.32
49.475;0.36
49.5;0.32
49.525;0.36
49.55;0.36
49.575;0.36
49.6;0.32
49.625;0.36
49.65;0.36
49.675;0.36
49.7;0.32
49.725;0.36
49.75;0.36
49.775;0.36
49.8;0.32
49.825;0.32
49.85;0.32
49.875;0.36
49.9;0.32
49.925;0.32
49.95;0.36
49.975;0.36
50;0.32
50.025;0.32
50.05;0.36
50.075;0.36
50.1;0.32
50.125;0.36
50.15;0.32
50.175;0.36
50.2;0.32
50.225;0.36
50.25;0.36
50.275;0.36
50.3;0.32
50.325;0.36
50.35;0.36
50.375;0.36
50.4;0.32
50.425;0.32
50.45;0.32
50.475;0.36
50.5;0.32
50.525;0.36
50.55;0.32
50.575;0.36
50.6;0.32
50.625;0.36
50.65;0.36
50.675;0.36
50.7;0.32
50.725;0.36
50.75;0.36
50.775;0.36
50.8;0.32
50.825;0.32
50.85;0.36
50.875;0.36
50.9;0.32
50.925;0.32
50.95;0.36
50.975;0.36
51;0.32
51.025;0.32
51.05;0.36
51.075;0.36
51.1;0.32
51.125;0.32
51.15;0.36
51.175;0.36
51.2;0.32
51.225;0.32
51.25;0.32
51.275;0.32
51.3;0.32
51.325;0.32
51.35;0.32
51.375;0.36
51.4;0.32
51.425;0.36
51.45;0.36
51.475;0.36
51.5;0.32
51.525;0.32
51.55;0.32
51.575;0.36
51.6;0.32
51.625;0.32
51.65;0.36
51.675;0.36
51.7;0.32
51.725;0.36
51.75;0.32
51.775;0.36
51.8;0.32
51.825;0.36
51.85;0.32
51.875;0.36
51.9;0.32
51.925;0.36
51.95;0.36
51.975;0.36
52;0.32
52.025;0.32
52.05;0.36
52.075;0.36
52.1;0.32
52.125;0.36
52.15;0.36
52.175;0.36
52.2;0.32
52.225;0.36
52.25;0.36
52.275;0.36
52.3;0.32
52.325;0.32
52.35;0.32
52.375;0.36
52.4;0.32
52.425;0.32
52.45;0.32
52.475;0.36
52.5;0.32
52.525;0.36
52.55;0.36
52.575;0.36
52.6;0.32
52.625;0.36
52.65;0.32
52.675;0.32
52.7;-1.08
52.725;-1.08
52.75;-1.08
52.775;-1.08
52.8;-1.08
52.825;-1.08
52.85;-1.08
52.875;-1.08
52.9;-1.08
52.925;-1.08
52.95;-1.08
52.975;-1.08
53;-1.08
53.025;-1.08
53.05;-1.08
53.075;-1.08
53.1;-1.08
53.125;-1.08
53.15;-1.08
53.175;-1.08
53.2;-1.08
53.225;-1.08
53.25;-1.08
53.275;-1.08
53.3;-1.08
53.325;-1.08
