# Oscilloscope file ./20170703_493433.bin
# Channel 1
Time / s;Voltage / V
0;-14
0.025;-14
0.05;-14.8
0.075;-14.4
0.1;-14.4
0.125;-13.6
0.15;-14.4
0.175;-14.4
0.2;-14.4
0.225;-14
0.25;-14.4
0.275;-14.4
0.3;-14.4
0.325;-14
0.35;-14.8
0.375;-14.4
0.4;-14.4
0.425;-14
0.45;-14.4
0.475;-14.4
0.5;-14.4
0.525;-14.4
0.55;-14.4
0.575;-14.4
0.6;-14.4
0.625;-14
0.65;-14.8
0.675;-14.4
0.7;-14.4
0.725;-14
0.75;-14.8
0.775;-14.8
0.8;-14.4
0.825;-14.4
0.85;-14.8
0.875;-14.4
0.9;-14.8
0.925;-14.4
0.95;-14.8
0.975;-14.4
1;-14.4
1.025;-14.4
1.05;-14.8
1.075;-14.4
1.1;-14.8
1.125;-14.4
1.15;-14.8
1.175;-14.8
1.2;-14.8
1.225;-14.4
1.25;-14.8
1.275;-14.8
1.3;-14.8
1.325;-14.4
1.35;-14.8
1.375;-14.4
1.4;-14.8
1.425;-14.4
1.45;-14.8
1.475;-14.8
1.5;-15.2
1.525;-14.4
1.55;-15.2
1.575;-14.8
1.6;-14.8
1.625;-14.8
1.65;-14.8
1.675;-14.8
1.7;-14.8
1.725;-14.4
1.75;-15.2
1.775;-14.8
1.8;-14.8
1.825;-14.8
1.85;-15.6
1.875;-14.8
1.9;-14.8
1.925;-14.8
1.95;-15.2
1.975;-15.2
2;-14.8
2.025;-14.8
2.05;-15.2
2.075;-15.2
2.1;-15.2
2.125;-14.4
2.15;-15.2
2.175;-14.8
2.2;-15.2
2.225;-14.8
2.25;-15.2
2.275;-15.2
2.3;-14.8
2.325;-14.8
2.35;-15.2
2.375;-15.2
2.4;-14.8
2.425;-14.8
2.45;-15.2
2.475;-15.2
2.5;-15.2
2.525;-14.8
2.55;-15.6
2.575;-15.6
2.6;-15.2
2.625;-14.8
2.65;-15.2
2.675;-15.2
2.7;-15.2
2.725;-14.8
2.75;-15.2
2.775;-14.8
2.8;-15.2
2.825;-14.8
2.85;-15.2
2.875;-15.2
2.9;-15.2
2.925;-15.2
2.95;-15.2
2.975;-15.2
3;-15.2
3.025;-14.8
3.05;-15.2
3.075;-15.2
3.1;-15.6
3.125;-15.2
3.15;-15.6
3.175;-15.2
3.2;-15.6
3.225;-15.2
3.25;-15.6
3.275;-15.6
3.3;-15.2
3.325;-15.2
3.35;-15.6
3.375;-15.6
3.4;-15.2
3.425;-15.2
3.45;-15.6
3.475;-15.6
3.5;-15.2
3.525;-14.8
3.55;-15.6
3.575;-15.2
3.6;-15.6
3.625;-15.2
3.65;-15.6
3.675;-15.2
3.7;-15.6
3.725;-15.2
3.75;-15.6
3.775;-15.2
3.8;-15.2
3.825;-15.2
3.85;-15.6
3.875;-15.6
3.9;-15.2
3.925;-15.2
3.95;-15.6
3.975;-15.6
4;-15.6
4.025;-15.2
4.05;-15.6
4.075;-15.6
4.1;-15.6
4.125;-15.2
4.15;-15.6
4.175;-15.6
4.2;-15.2
4.225;-15.2
4.25;-15.6
4.275;-15.6
4.3;-15.6
4.325;-15.6
4.35;-16
4.375;-15.6
4.4;-16
4.425;-15.6
4.45;-16
4.475;-15.6
4.5;-15.6
4.525;-15.6
4.55;-16
4.575;-16
4.6;-15.6
4.625;-15.2
4.65;-16
4.675;-15.6
4.7;-16
4.725;-15.2
4.75;-16
4.775;-16
4.8;-15.2
4.825;-15.2
4.85;-16
4.875;-16
4.9;-16
4.925;-15.6
4.95;-16
4.975;-15.6
5;-15.6
5.025;-15.6
5.05;-16
5.075;-15.6
5.1;-15.6
5.125;-15.6
5.15;-16
5.175;-16
5.2;-15.6
5.225;-15.6
5.25;-16
5.275;-15.6
5.3;-16
5.325;-15.6
5.35;-16
5.375;-15.6
5.4;-15.6
5.425;-15.6
5.45;-16
5.475;-16
5.5;-16
5.525;-15.6
5.55;-16
5.575;-15.6
5.6;-16
5.625;-16
5.65;-16.4
5.675;-16.4
5.7;-16
5.725;-15.6
5.75;-16
5.775;-16
5.8;-15.6
5.825;-15.6
5.85;-16
5.875;-16
5.9;-16
5.925;-16
5.95;-16.4
5.975;-16
6;-16.4
6.025;-16
6.05;-16.4
6.075;-16.4
6.1;-16.4
6.125;-16.4
6.15;-16.4
6.175;-16.4
6.2;-16.4
6.225;-16
6.25;-16.8
6.275;-16.4
6.3;-16.4
6.325;-16.4
6.35;-16.4
6.375;-16.4
6.4;-16.4
6.425;-16.4
6.45;-16.8
6.475;-16.4
6.5;-16.4
6.525;-16.4
6.55;-16.8
6.575;-16.8
6.6;-16.4
6.625;-16.4
6.65;-16.8
6.675;-16.8
6.7;-16.4
6.725;-16.4
6.75;-16.8
6.775;-16.8
6.8;-16.8
6.825;-16.4
6.85;-16.8
6.875;-16.8
6.9;-16.4
6.925;-16.4
6.95;-16.8
6.975;-16.8
7;-16.8
7.025;-16
7.05;-16.8
7.075;-16.4
7.1;-16.8
7.125;-16.8
7.15;-17.2
7.175;-16.8
7.2;-16.8
7.225;-16.8
7.25;-17.2
7.275;-16.8
7.3;-16.8
7.325;-16.8
7.35;-17.2
7.375;-16.8
7.4;-17.2
7.425;-17.2
7.45;-17.2
7.475;-17.2
7.5;-17.2
7.525;-16.8
7.55;-17.2
7.575;-17.2
7.6;-17.2
7.625;-17.2
7.65;-17.2
7.675;-17.2
7.7;-17.2
7.725;-17.2
7.75;-17.6
7.775;-17.6
7.8;-17.6
7.825;-17.2
7.85;-17.6
7.875;-17.6
7.9;-17.6
7.925;-17.2
7.95;-18
7.975;-17.6
8;-17.6
8.025;-17.6
8.05;-18
8.075;-17.6
8.1;-18
8.125;-17.6
8.15;-18.4
8.175;-18
8.2;-18
8.225;-17.6
8.25;-18
8.275;-18
8.3;-18
8.325;-18
8.35;-18
8.375;-18
8.4;-18
8.425;-18
8.45;-18
8.475;-18
8.5;-18
8.525;-18
8.55;-18.4
8.575;-18.4
8.6;-18.4
8.625;-18
8.65;-18.4
8.675;-18.4
8.7;-18
8.725;-18
8.75;-18.4
8.775;-18.4
8.8;-18.4
8.825;-18
8.85;-18.4
8.875;-18.4
8.9;-18.4
8.925;-18.4
8.95;-18.4
8.975;-18.4
9;-18.8
9.025;-18
9.05;-18.8
9.075;-18.8
9.1;-18.8
9.125;-18
9.15;-18.8
9.175;-18.4
9.2;-18.8
9.225;-18.4
9.25;-18.8
9.275;-18.8
9.3;-18.8
9.325;-18.4
9.35;-19.2
9.375;-18.8
9.4;-18.8
9.425;-18.8
9.45;-19.2
9.475;-18.8
9.5;-18.8
9.525;-18.8
9.55;-19.2
9.575;-19.2
9.6;-18.8
9.625;-18.8
9.65;-19.2
9.675;-18.8
9.7;-19.2
9.725;-18.8
9.75;-19.2
9.775;-18.8
9.8;-19.2
9.825;-18.8
9.85;-19.2
9.875;-18.8
9.9;-19.2
9.925;-19.2
9.95;-19.6
9.975;-19.2
10;-19.2
10.025;-19.2
10.05;-19.6
10.075;-19.6
10.1;-19.2
10.125;-19.2
10.15;-19.6
10.175;-19.2
10.2;-19.6
10.225;-19.2
10.25;-20
10.275;-19.6
10.3;-19.2
10.325;-19.2
10.35;-19.6
10.375;-19.6
10.4;-19.6
10.425;-19.6
10.45;-20
10.475;-19.6
10.5;-19.6
10.525;-19.6
10.55;-20
10.575;-19.6
10.6;-20
10.625;-19.6
10.65;-20
10.675;-19.6
10.7;-19.6
10.725;-19.6
10.75;-20
10.775;-19.6
10.8;-19.6
10.825;-19.6
10.85;-20
10.875;-20
10.9;-20
10.925;-19.6
10.95;-20
10.975;-20
11;-20
11.025;-19.6
11.05;-20
11.075;-19.6
11.1;-20
11.125;-19.6
11.15;-20
11.175;-20
11.2;-19.6
11.225;-19.6
11.25;-20
11.275;-20
11.3;-20
11.325;-20
11.35;-20.4
11.375;-20
11.4;-20
11.425;-20
11.45;-20.4
11.475;-20
11.5;-20.4
11.525;-20
11.55;-20.4
11.575;-20.4
11.6;-19.6
11.625;-19.6
11.65;-20.4
11.675;-20.4
11.7;-20.4
11.725;-20.4
11.75;-20.4
11.775;-20.4
11.8;-20.4
11.825;-20
11.85;-20.8
11.875;-20
11.9;-20
11.925;-20
11.95;-20.8
11.975;-20.4
12;-20.4
12.025;-20
12.05;-20.4
12.075;-20
12.1;-20.4
12.125;-20
12.15;-20.4
12.175;-20.4
12.2;-20.4
12.225;-20.4
12.25;-20.4
12.275;-20.4
12.3;-20.8
12.325;-20.4
12.35;-20.8
12.375;-20.8
12.4;-20.8
12.425;-20.4
12.45;-20.8
12.475;-20.8
12.5;-20.8
12.525;-20.8
12.55;-20.8
12.575;-20.8
12.6;-20.8
12.625;-20.8
12.65;-20.8
12.675;-20.8
12.7;-20.8
12.725;-20.8
12.75;-20.8
12.775;-20.8
12.8;-21.2
12.825;-20.8
12.85;-21.2
12.875;-20.8
12.9;-20.8
12.925;-20.8
12.95;-21.2
12.975;-20.8
13;-21.2
13.025;-21.2
13.05;-21.2
13.075;-21.2
13.1;-21.2
13.125;-21.2
13.15;-21.6
13.175;-21.2
13.2;-21.6
13.225;-21.2
13.25;-21.6
13.275;-21.6
13.3;-21.2
13.325;-20.8
13.35;-21.6
13.375;-21.6
13.4;-21.6
13.425;-21.2
13.45;-22
13.475;-21.6
13.5;-21.6
13.525;-21.6
13.55;-22
13.575;-21.6
13.6;-21.6
13.625;-21.6
13.65;-22
13.675;-22
13.7;-21.6
13.725;-21.6
13.75;-22
13.775;-22
13.8;-22
13.825;-22
13.85;-22
13.875;-22
13.9;-22.4
13.925;-22
13.95;-22.4
13.975;-22
14;-22
14.025;-22
14.05;-22.4
14.075;-22.4
14.1;-22.4
14.125;-22
14.15;-22.8
14.175;-22.4
14.2;-22.4
14.225;-22
14.25;-22.8
14.275;-22.4
14.3;-22.4
14.325;-22.4
14.35;-22.4
14.375;-22.4
14.4;-22.8
14.425;-22.4
14.45;-22.8
14.475;-22.4
14.5;-22.8
14.525;-22.4
14.55;-22.8
14.575;-22.4
14.6;-22.8
14.625;-22.4
14.65;-23.2
14.675;-22.8
14.7;-22.8
14.725;-22.4
14.75;-22.8
14.775;-22.8
14.8;-22.8
14.825;-22.8
14.85;-23.2
14.875;-23.2
14.9;-22.8
14.925;-22.8
14.95;-23.2
14.975;-23.2
15;-22.8
15.025;-22.8
15.05;-23.2
15.075;-22.8
15.1;-23.2
15.125;-23.2
15.15;-23.6
15.175;-23.2
15.2;-23.2
15.225;-22.8
15.25;-23.6
15.275;-23.6
15.3;-23.2
15.325;-23.2
15.35;-23.6
15.375;-23.2
15.4;-23.2
15.425;-23.2
15.45;-23.6
15.475;-23.6
15.5;-23.6
15.525;-23.2
15.55;-23.6
15.575;-23.2
15.6;-23.2
15.625;-23.2
15.65;-23.6
15.675;-23.6
15.7;-23.2
15.725;-23.2
15.75;-23.6
15.775;-23.6
15.8;-23.6
15.825;-23.6
15.85;-24
15.875;-23.6
15.9;-23.6
15.925;-23.2
15.95;-24
15.975;-24
16;-23.6
16.025;-23.2
16.05;-24
16.075;-23.6
16.1;-23.6
16.125;-23.6
16.15;-24
16.175;-23.6
16.2;-23.6
16.225;-23.6
16.25;-24
16.275;-23.6
16.3;-23.6
16.325;-23.6
16.35;-24
16.375;-23.6
16.4;-24
16.425;-23.6
16.45;-24
16.475;-23.6
16.5;-24
16.525;-23.6
16.55;-24
16.575;-24
16.6;-23.6
16.625;-23.6
16.65;-24
16.675;-24
16.7;-24
16.725;-24
16.75;-24.4
16.775;-24
16.8;-24
16.825;-23.6
16.85;-24
16.875;-24
16.9;-24
16.925;-24
16.95;-24
16.975;-24
17;-24
17.025;-24
17.05;-24.4
17.075;-24
17.1;-24
17.125;-24
17.15;-24.4
17.175;-24.4
17.2;-24
17.225;-24
17.25;-24.8
17.275;-24.4
17.3;-24.4
17.325;-24
17.35;-24.4
17.375;-24.4
17.4;-24.4
17.425;-24.4
17.45;-24.4
17.475;-24.4
17.5;-24.4
17.525;-24.4
17.55;-24.8
17.575;-24.4
17.6;-24.8
17.625;-24.4
17.65;-24.8
17.675;-24.8
17.7;-24.8
17.725;-24.8
17.75;-24.8
17.775;-24.8
17.8;-25.2
17.825;-24.4
17.85;-25.2
17.875;-24.8
17.9;-24.8
17.925;-24.8
17.95;-25.2
17.975;-24.8
18;-25.2
18.025;-24.8
18.05;-25.2
18.075;-25.2
18.1;-25.2
18.125;-24.8
18.15;-25.2
18.175;-25.2
18.2;-25.2
18.225;-25.2
18.25;-25.6
18.275;-25.2
18.3;-25.2
18.325;-25.2
18.35;-25.6
18.375;-25.2
18.4;-25.6
18.425;-25.2
18.45;-25.6
18.475;-25.6
18.5;-26
18.525;-25.2
18.55;-26
18.575;-25.6
18.6;-25.6
18.625;-25.6
18.65;-26
18.675;-26
18.7;-26
18.725;-25.6
18.75;-26
18.775;-26
18.8;-26
18.825;-25.6
18.85;-26
18.875;-25.6
18.9;-25.6
18.925;-25.6
18.95;-26
18.975;-26
19;-26
19.025;-25.6
19.05;-26.4
19.075;-26
19.1;-26
19.125;-25.6
19.15;-26
19.175;-26
19.2;-26
19.225;-25.6
19.25;-26
19.275;-26
19.3;-26
19.325;-25.6
19.35;-26
19.375;-26
19.4;-26
19.425;-25.6
19.45;-26.4
19.475;-25.6
19.5;-26
19.525;-25.6
19.55;-26
19.575;-26
19.6;-26
19.625;-25.6
19.65;-26.4
19.675;-26.4
19.7;-26
19.725;-26
19.75;-26
19.775;-26
19.8;-26
19.825;-26
19.85;-26.4
19.875;-26.4
19.9;-26.4
19.925;-26.4
19.95;-26.8
19.975;-26.4
20;-26.4
20.025;-26
20.05;-26.8
20.075;-26.8
20.1;-26.4
20.125;-26.4
20.15;-26.8
20.175;-26.8
20.2;-26.8
20.225;-26.8
20.25;-26.8
20.275;-26.8
20.3;-26.8
20.325;-26.8
20.35;-27.2
20.375;-26.8
20.4;-27.2
20.425;-26.8
20.45;-27.2
20.475;-26.8
20.5;-27.2
20.525;-26.8
20.55;-27.6
20.575;-27.6
20.6;-26.8
20.625;-26.8
20.65;-27.2
20.675;-27.2
20.7;-26.8
20.725;-26.8
20.75;-27.6
20.775;-27.2
20.8;-27.2
20.825;-27.2
20.85;-27.6
20.875;-27.6
20.9;-27.6
20.925;-27.6
20.95;-27.6
20.975;-27.6
21;-27.6
21.025;-27.6
21.05;-28
21.075;-28
21.1;-27.6
21.125;-27.6
21.15;-28
21.175;-28
21.2;-28
21.225;-27.6
21.25;-28
21.275;-28
21.3;-28
21.325;-28
21.35;-28
21.375;-28
21.4;-28
21.425;-28
21.45;-28.4
21.475;-28
21.5;-28
21.525;-28
21.55;-28.4
21.575;-28.4
21.6;-28.4
21.625;-28.4
21.65;-28.8
21.675;-28.4
21.7;-28.4
21.725;-28.4
21.75;-28.8
21.775;-28.8
21.8;-28.8
21.825;-28.4
21.85;-29.2
21.875;-28.4
21.9;-28.8
21.925;-28.4
21.95;-28.8
21.975;-28.8
22;-28.8
22.025;-28.8
22.05;-29.2
22.075;-28.8
22.1;-28.8
22.125;-28.8
22.15;-29.2
22.175;-29.2
22.2;-29.2
22.225;-28.8
22.25;-29.2
22.275;-28.8
22.3;-29.2
22.325;-28.8
22.35;-29.6
22.375;-29.6
22.4;-29.2
22.425;-28.8
22.45;-29.6
22.475;-29.2
22.5;-29.2
22.525;-29.2
22.55;-29.6
22.575;-29.2
22.6;-29.2
22.625;-29.2
22.65;-29.6
22.675;-29.2
22.7;-29.2
22.725;-29.2
22.75;-29.6
22.775;-29.6
22.8;-29.6
22.825;-29.6
22.85;-30
22.875;-29.6
22.9;-29.6
22.925;-29.6
22.95;-30
22.975;-30
23;-29.6
23.025;-29.6
23.05;-30
23.075;-30
23.1;-29.6
23.125;-29.6
23.15;-30
23.175;-30
23.2;-30
23.225;-29.6
23.25;-30
23.275;-30
23.3;-30
23.325;-29.6
23.35;-30.4
23.375;-30.4
23.4;-30
23.425;-30
23.45;-30
23.475;-30
23.5;-30.4
23.525;-30
23.55;-30.4
23.575;-30
23.6;-30
23.625;-30
23.65;-30.4
23.675;-30
23.7;-30
23.725;-30
23.75;-30.4
23.775;-30.4
23.8;-30.4
23.825;-30
23.85;-30.4
23.875;-30.4
23.9;-30.4
23.925;-30
23.95;-30.8
23.975;-30.4
24;-30.4
24.025;-30.4
24.05;-30.8
24.075;-30.4
24.1;-30.4
24.125;-30.4
24.15;-31.2
24.175;-30.8
24.2;-30.8
24.225;-30.8
24.25;-30.8
24.275;-30.8
24.3;-31.2
24.325;-30.4
24.35;-31.2
24.375;-30.8
24.4;-30.8
24.425;-30.8
24.45;-30.8
24.475;-30.8
24.5;-30.8
24.525;-30.8
24.55;-31.2
24.575;-30.8
24.6;-30.8
24.625;-30.8
24.65;-31.2
24.675;-30.8
24.7;-31.2
24.725;-30.8
24.75;-31.2
24.775;-31.2
24.8;-31.2
24.825;-30.8
24.85;-31.6
24.875;-31.2
24.9;-31.2
24.925;-31.2
24.95;-31.6
24.975;-31.2
25;-31.2
25.025;-31.2
25.05;-31.6
25.075;-31.2
25.1;-31.6
25.125;-31.2
25.15;-31.6
25.175;-31.6
25.2;-31.2
25.225;-31.2
25.25;-31.6
25.275;-31.6
25.3;-31.6
25.325;-31.2
25.35;-31.6
25.375;-31.2
25.4;-31.2
25.425;-31.2
25.45;-32
25.475;-31.6
25.5;-31.6
25.525;-31.2
25.55;-31.6
25.575;-31.6
25.6;-31.6
25.625;-31.2
25.65;-32
25.675;-32
25.7;-31.6
25.725;-31.2
25.75;-32
25.775;-31.2
25.8;-32
25.825;-31.6
25.85;-32
25.875;-31.6
25.9;-31.6
25.925;-31.6
25.95;-32
25.975;-32
26;-31.6
26.025;-31.6
26.05;-32
26.075;-32
26.1;-31.6
26.125;-31.6
26.15;-32
26.175;-32
26.2;-32
26.225;-32
26.25;-32
26.275;-32
26.3;-32
26.325;-31.6
26.35;-32.4
26.375;-32
26.4;-32
26.425;-32
26.45;-32.4
26.475;-32
26.5;-32
26.525;-32
26.55;-32.8
26.575;-32
26.6;-32.4
26.625;-32
26.65;-32.8
26.675;-32.4
26.7;-32
26.725;-32
26.75;-32.4
26.775;-32.4
26.8;-32.4
26.825;-32
26.85;-32.4
26.875;-32.4
26.9;-32.4
26.925;-32.4
26.95;-32.4
26.975;-32.4
27;-32.4
27.025;-32
27.05;-32.4
27.075;-32.4
27.1;-32.4
27.125;-32.4
27.15;-32.4
27.175;-32.4
27.2;-32.4
27.225;-32
27.25;-32.4
27.275;-32.4
27.3;-32.4
27.325;-32
27.35;-32.4
27.375;-32.4
27.4;-32.4
27.425;-32
27.45;-32.4
27.475;-32.4
27.5;-32.4
27.525;-32.4
27.55;-32.8
27.575;-32.4
27.6;-32.4
27.625;-32.4
27.65;-33.2
27.675;-32.8
27.7;-32.8
27.725;-32.4
27.75;-33.2
27.775;-33.2
27.8;-33.2
27.825;-32.8
27.85;-33.2
27.875;-33.2
27.9;-33.2
27.925;-33.2
27.95;-33.2
27.975;-33.2
28;-33.2
28.025;-33.2
28.05;-33.6
28.075;-33.2
28.1;-33.6
28.125;-33.2
28.15;-33.6
28.175;-33.2
28.2;-33.6
28.225;-33.2
28.25;-34
28.275;-33.6
28.3;-33.2
28.325;-33.2
28.35;-33.6
28.375;-33.6
28.4;-33.6
28.425;-33.6
28.45;-34
28.475;-33.6
28.5;-33.6
28.525;-33.6
28.55;-34
28.575;-34
28.6;-33.6
28.625;-33.6
28.65;-34.4
28.675;-34.4
28.7;-34
28.725;-34
28.75;-34.4
28.775;-34.4
28.8;-34
28.825;-34
28.85;-34.4
28.875;-34.4
28.9;-34.4
28.925;-34
28.95;-34.4
28.975;-34.4
29;-34.4
29.025;-34.4
29.05;-34.8
29.075;-34.8
29.1;-34.4
29.125;-34.4
29.15;-34.8
29.175;-34.8
29.2;-34.4
29.225;-34.4
29.25;-34.8
29.275;-34.8
29.3;-34.8
29.325;-34.8
29.35;-35.2
29.375;-35.2
29.4;-35.6
29.425;-34.8
29.45;-35.6
29.475;-35.2
29.5;-35.2
29.525;-34.8
29.55;-35.6
29.575;-35.6
29.6;-35.6
29.625;-35.2
29.65;-36
29.675;-35.6
29.7;-35.6
29.725;-35.6
29.75;-36
29.775;-36
29.8;-36
29.825;-35.6
29.85;-36
29.875;-36
29.9;-36
29.925;-36
29.95;-36.4
29.975;-36.4
30;-36
30.025;-36
30.05;-36.4
30.075;-36.4
30.1;-36.4
30.125;-36
30.15;-36.8
30.175;-36.8
30.2;-36.8
30.225;-36.4
30.25;-36.8
30.275;-36.8
30.3;-36.8
30.325;-36.8
30.35;-37.2
30.375;-37.2
30.4;-37.2
30.425;-36.8
30.45;-37.2
30.475;-37.2
30.5;-36.8
30.525;-36.8
30.55;-37.6
30.575;-37.6
30.6;-37.2
30.625;-37.2
30.65;-37.6
30.675;-37.6
30.7;-37.2
30.725;-37.2
30.75;-37.6
30.775;-37.6
30.8;-37.6
30.825;-37.6
30.85;-37.6
30.875;-37.6
30.9;-37.6
30.925;-37.6
30.95;-38
30.975;-38
31;-38
31.025;-37.6
31.05;-38
31.075;-38
31.1;-38
31.125;-38
31.15;-38
31.175;-38
31.2;-38.4
31.225;-38
31.25;-38.4
31.275;-38.4
31.3;-38.4
31.325;-38
31.35;-38.4
31.375;-38
31.4;-38.4
31.425;-38
31.45;-38.8
31.475;-38.4
31.5;-38.4
31.525;-38.4
31.55;-38.8
31.575;-38.4
31.6;-38.4
31.625;-38.4
31.65;-38.8
31.675;-38.8
31.7;-38.8
31.725;-38.4
31.75;-38.8
31.775;-38.8
31.8;-38.8
31.825;-38.8
31.85;-39.2
31.875;-38.8
31.9;-38.8
31.925;-38.8
31.95;-39.2
31.975;-38.8
32;-39.2
32.025;-39.2
32.05;-39.6
32.075;-39.2
32.1;-39.2
32.125;-39.2
32.15;-39.6
32.175;-39.2
32.2;-39.6
32.225;-39.6
32.25;-39.6
32.275;-39.6
32.3;-39.6
32.325;-39.6
32.35;-39.6
32.375;-39.6
32.4;-39.6
32.425;-39.2
32.45;-39.6
32.475;-39.6
32.5;-39.6
32.525;-39.2
32.55;-39.6
32.575;-39.6
32.6;-39.6
32.625;-39.2
32.65;-39.6
32.675;-39.6
32.7;-39.6
32.725;-39.2
32.75;-39.6
32.775;-39.6
32.8;-39.6
32.825;-39.6
32.85;-39.6
32.875;-39.6
32.9;-39.6
32.925;-39.6
32.95;-40
32.975;-39.6
33;-39.6
33.025;-39.2
33.05;-39.6
33.075;-39.6
33.1;-39.6
33.125;-39.6
33.15;-40
33.175;-40
33.2;-40
33.225;-39.6
33.25;-40
33.275;-40
33.3;-40
33.325;-40
33.35;-40.4
33.375;-40.4
33.4;-40.4
33.425;-40
33.45;-40.4
33.475;-40.4
33.5;-40.4
33.525;-40.4
33.55;-40.8
33.575;-40.8
33.6;-40.8
33.625;-40.4
33.65;-40.8
33.675;-40.8
33.7;-41.2
33.725;-40.8
33.75;-41.2
33.775;-41.2
33.8;-41.2
33.825;-40.8
33.85;-41.2
33.875;-41.2
33.9;-41.6
33.925;-41.2
33.95;-41.6
33.975;-41.6
34;-41.2
34.025;-41.2
34.05;-41.6
34.075;-41.6
34.1;-41.6
34.125;-41.6
34.15;-41.6
34.175;-41.6
34.2;-41.6
34.225;-41.6
34.25;-42
34.275;-41.6
34.3;-41.6
34.325;-41.6
34.35;-42
34.375;-42
34.4;-41.6
34.425;-41.6
34.45;-42.4
34.475;-42
34.5;-42
34.525;-41.6
34.55;-42.4
34.575;-42
34.6;-42
34.625;-42
34.65;-42.4
34.675;-42.4
34.7;-42.4
34.725;-42.4
34.75;-42.8
34.775;-42.4
34.8;-42.4
34.825;-42.4
34.85;-42.8
34.875;-42.4
34.9;-42.8
34.925;-42.4
34.95;-42.8
34.975;-42.8
35;-42.8
35.025;-42.8
35.05;-43.2
35.075;-43.2
35.1;-43.2
35.125;-42.8
35.15;-43.6
35.175;-43.2
35.2;-43.2
35.225;-43.2
35.25;-43.2
35.275;-43.2
35.3;-43.2
35.325;-43.2
35.35;-43.6
35.375;-43.6
35.4;-43.6
35.425;-43.6
35.45;-44
35.475;-43.6
35.5;-43.6
35.525;-43.6
35.55;-44
35.575;-43.6
35.6;-44
35.625;-43.6
35.65;-44
35.675;-44
35.7;-44
35.725;-44
35.75;-44.4
35.775;-44
35.8;-44.4
35.825;-44.4
35.85;-44.4
35.875;-44.4
35.9;-44.4
35.925;-44.4
35.95;-44.8
35.975;-44.8
36;-44.8
36.025;-44.4
36.05;-44.8
36.075;-44.8
36.1;-44.8
36.125;-44.4
36.15;-45.2
36.175;-44.8
36.2;-44.8
36.225;-44.8
36.25;-44.8
36.275;-44.8
36.3;-44.8
36.325;-44.8
36.35;-45.2
36.375;-44.8
36.4;-45.2
36.425;-44.8
36.45;-45.2
36.475;-45.2
36.5;-45.2
36.525;-44.8
36.55;-45.2
36.575;-45.2
36.6;-45.2
36.625;-45.2
36.65;-45.6
36.675;-45.2
36.7;-45.2
36.725;-45.2
36.75;-45.6
36.775;-45.6
36.8;-45.6
36.825;-45.2
36.85;-45.6
36.875;-45.6
36.9;-45.6
36.925;-45.6
36.95;-46
36.975;-45.6
37;-45.6
37.025;-45.6
37.05;-46
37.075;-45.6
37.1;-45.2
37.125;-45.2
37.15;-46
37.175;-45.6
37.2;-46
37.225;-46
37.25;-46
37.275;-46
37.3;-46
37.325;-46
37.35;-46.4
37.375;-46
37.4;-46
37.425;-46
37.45;-46.4
37.475;-46.4
37.5;-46.4
37.525;-46
37.55;-46.4
37.575;-46.4
37.6;-46.4
37.625;-46
37.65;-46.8
37.675;-46.8
37.7;-46.4
37.725;-46.4
37.75;-46.8
37.775;-46.4
37.8;-46.4
37.825;-46.4
37.85;-46.8
37.875;-46.8
37.9;-46.4
37.925;-46.4
37.95;-46.8
37.975;-46.8
38;-46.8
38.025;-46.8
38.05;-47.2
38.075;-46.8
38.1;-46.8
38.125;-46.4
38.15;-46.8
38.175;-46.8
38.2;-46.8
38.225;-46.8
38.25;-47.2
38.275;-46.8
38.3;-46.8
38.325;-46.8
38.35;-47.2
38.375;-46.8
38.4;-46.8
38.425;-46.8
38.45;-47.2
38.475;-47.2
38.5;-47.2
38.525;-46.8
38.55;-47.6
38.575;-47.2
38.6;-47.2
38.625;-46.8
38.65;-47.2
38.675;-47.2
38.7;-47.2
38.725;-47.2
38.75;-47.6
38.775;-47.2
38.8;-47.2
38.825;-47.2
38.85;-47.6
38.875;-47.6
38.9;-47.6
38.925;-47.2
38.95;-47.6
38.975;-47.6
39;-47.6
39.025;-47.2
39.05;-47.6
39.075;-47.6
39.1;-47.6
39.125;-47.6
39.15;-48
39.175;-47.6
39.2;-47.6
39.225;-47.6
39.25;-48
39.275;-48
39.3;-48
39.325;-47.6
39.35;-48
39.375;-48
39.4;-48
39.425;-47.6
39.45;-48.4
39.475;-48
39.5;-48
39.525;-47.6
39.55;-48.4
39.575;-48
39.6;-48.4
39.625;-47.6
39.65;-48.4
39.675;-48
39.7;-47.6
39.725;-47.6
39.75;-48
39.775;-48
39.8;-48
39.825;-47.6
39.85;-48.4
39.875;-48.4
39.9;-48
39.925;-47.6
39.95;-48
39.975;-48
40;-48
40.025;-48
40.05;-48
40.075;-48
40.1;-48.4
40.125;-48
40.15;-48.4
40.175;-48
40.2;-48.4
40.225;-48
40.25;-48.4
40.275;-48.4
40.3;-48.4
40.325;-48
40.35;-48.4
40.375;-48
40.4;-48.4
40.425;-48.4
40.45;-48.8
40.475;-48.8
40.5;-48.8
40.525;-48.4
40.55;-49.2
40.575;-48.8
40.6;-48.8
40.625;-48.8
40.65;-49.2
40.675;-49.2
40.7;-49.2
40.725;-48.8
40.75;-49.2
40.775;-49.2
40.8;-49.2
40.825;-49.2
40.85;-49.6
40.875;-49.2
40.9;-49.6
40.925;-49.2
40.95;-49.6
40.975;-49.6
41;-49.2
41.025;-49.2
41.05;-50
41.075;-50
41.1;-49.6
41.125;-49.6
41.15;-50
41.175;-50
41.2;-50
41.225;-49.6
41.25;-50
41.275;-50
41.3;-50
41.325;-50
41.35;-50.4
41.375;-50
41.4;-50
41.425;-50
41.45;-50.4
41.475;-50.4
41.5;-50.4
41.525;-50.4
41.55;-50.8
41.575;-50.8
41.6;-50.8
41.625;-50.8
41.65;-51.2
41.675;-50.8
41.7;-50.8
41.725;-50.8
41.75;-51.2
41.775;-51.2
41.8;-51.2
41.825;-51.2
41.85;-51.6
41.875;-51.6
41.9;-51.2
41.925;-51.2
41.95;-51.6
41.975;-51.6
42;-51.6
42.025;-51.2
42.05;-52
42.075;-51.6
42.1;-51.6
42.125;-51.6
42.15;-52
42.175;-51.6
42.2;-51.6
42.225;-51.6
42.25;-52
42.275;-52
42.3;-52
42.325;-52
42.35;-52.4
42.375;-52
42.4;-52.4
42.425;-52
42.45;-52.4
42.475;-52
42.5;-52.4
42.525;-52.4
42.55;-52.8
42.575;-52.8
42.6;-52.4
42.625;-52.4
42.65;-52.8
42.675;-52.8
42.7;-52.4
42.725;-52.4
42.75;-52.8
42.775;-52.8
42.8;-52.8
42.825;-52.4
42.85;-53.2
42.875;-52.8
42.9;-52.8
42.925;-52.8
42.95;-53.2
42.975;-53.2
43;-52.8
43.025;-52.8
43.05;-53.2
43.075;-53.2
43.1;-53.2
43.125;-52.8
43.15;-53.2
43.175;-53.2
43.2;-52.8
43.225;-52.8
43.25;-53.2
43.275;-53.2
43.3;-52.8
43.325;-52.8
43.35;-53.2
43.375;-52.8
43.4;-53.2
43.425;-52.8
43.45;-53.2
43.475;-53.2
43.5;-53.2
43.525;-52.8
43.55;-53.6
43.575;-52.8
43.6;-53.2
43.625;-52.8
43.65;-53.2
43.675;-53.2
43.7;-52.8
43.725;-52.8
43.75;-53.6
43.775;-53.2
43.8;-53.2
43.825;-53.2
43.85;-53.6
43.875;-53.6
43.9;-53.6
43.925;-53.2
43.95;-54
43.975;-54
44;-54
44.025;-53.6
44.05;-54
44.075;-54
44.1;-54
44.125;-54
44.15;-54.4
44.175;-54.4
44.2;-54.4
44.225;-54.4
44.25;-54.8
44.275;-54.8
44.3;-54.4
44.325;-54.4
44.35;-55.2
44.375;-55.2
44.4;-54.8
44.425;-54.8
44.45;-55.2
44.475;-54.8
44.5;-55.2
44.525;-55.2
44.55;-55.2
44.575;-55.2
44.6;-55.2
44.625;-55.2
44.65;-55.6
44.675;-55.6
44.7;-55.6
44.725;-55.2
44.75;-56
44.775;-56
44.8;-55.6
44.825;-55.6
44.85;-56.4
44.875;-56
44.9;-56
44.925;-55.6
44.95;-56
44.975;-56
45;-56
45.025;-56
45.05;-56.4
45.075;-56
45.1;-56.4
45.125;-56
45.15;-56.4
45.175;-56.4
45.2;-56.4
45.225;-56
45.25;-56.4
45.275;-56.4
45.3;-56.4
45.325;-56.4
45.35;-56.8
45.375;-56.8
45.4;-56.8
45.425;-56.8
45.45;-57.2
45.475;-57.2
45.5;-56.8
45.525;-56.8
45.55;-57.2
45.575;-57.2
45.6;-56.8
45.625;-56.8
45.65;-57.6
45.675;-57.6
45.7;-57.6
45.725;-57.2
45.75;-57.6
45.775;-57.6
45.8;-57.6
45.825;-57.2
45.85;-58
45.875;-58
45.9;-57.6
45.925;-57.6
45.95;-58
45.975;-58
46;-58
46.025;-58
46.05;-58.4
46.075;-58
46.1;-58.4
46.125;-58
46.15;-58.4
46.175;-58.4
46.2;-58
46.225;-58
46.25;-58.4
46.275;-58.4
46.3;-58.4
46.325;-58.4
46.35;-58.8
46.375;-58.4
46.4;-58.4
46.425;-58.4
46.45;-58.8
46.475;-58.8
46.5;-58.8
46.525;-58.8
46.55;-59.2
46.575;-58.8
46.6;-58.8
46.625;-58.8
46.65;-59.2
46.675;-58.8
46.7;-59.2
46.725;-58.4
46.75;-59.2
46.775;-59.2
46.8;-59.2
46.825;-59.2
46.85;-59.6
46.875;-59.2
46.9;-59.2
46.925;-59.2
46.95;-59.6
46.975;-59.6
47;-59.2
47.025;-59.2
47.05;-59.6
47.075;-59.6
47.1;-59.6
47.125;-59.6
47.15;-59.6
47.175;-59.6
47.2;-60
47.225;-59.6
47.25;-60
47.275;-60
47.3;-60
47.325;-60
47.35;-60
47.375;-60
47.4;-60
47.425;-59.6
47.45;-60.4
47.475;-60.4
47.5;-60
47.525;-60
47.55;-60.4
47.575;-60.4
47.6;-60.4
47.625;-60.4
47.65;-60.8
47.675;-60.4
47.7;-60.4
47.725;-60.4
47.75;-60.8
47.775;-60.8
47.8;-60.8
47.825;-60.4
47.85;-61.2
47.875;-60.8
47.9;-60.8
47.925;-60.8
47.95;-61.2
47.975;-61.2
48;-60.8
48.025;-60.8
48.05;-61.2
48.075;-61.2
48.1;-61.6
48.125;-61.2
48.15;-61.6
48.175;-61.2
48.2;-61.2
48.225;-61.2
48.25;-61.6
48.275;-61.2
48.3;-61.6
48.325;-61.2
48.35;-61.6
48.375;-61.2
48.4;-61.2
48.425;-61.2
48.45;-61.6
48.475;-61.2
48.5;-61.2
48.525;-61.2
48.55;-61.6
48.575;-61.2
48.6;-61.6
48.625;-61.2
48.65;-61.6
48.675;-61.2
48.7;-61.2
48.725;-61.2
48.75;-61.6
48.775;-61.2
48.8;-61.2
48.825;-61.2
48.85;-61.6
48.875;-61.6
48.9;-61.2
48.925;-61.2
48.95;-61.6
48.975;-61.6
49;-61.6
49.025;-61.6
49.05;-62
49.075;-61.6
49.1;-62
49.125;-62
49.15;-62
49.175;-62
49.2;-62.4
49.225;-62
49.25;-62.4
49.275;-62.4
49.3;-62
49.325;-62
49.35;-62.8
49.375;-62.4
49.4;-62.4
49.425;-62
49.45;-62.8
49.475;-62.8
49.5;-62.8
49.525;-62.4
49.55;-62.8
49.575;-62.8
49.6;-62.8
49.625;-62.4
49.65;-63.2
49.675;-62.8
49.7;-63.2
49.725;-62.8
49.75;-63.2
49.775;-62.8
49.8;-63.2
49.825;-63.2
49.85;-63.6
49.875;-63.6
49.9;-63.6
49.925;-63.2
49.95;-63.6
49.975;-63.6
50;-63.6
50.025;-63.6
50.05;-63.6
50.075;-63.6
50.1;-63.6
50.125;-63.6
50.15;-64
50.175;-64
50.2;-64
50.225;-63.6
50.25;-64
50.275;-64
50.3;-64
50.325;-64
50.35;-64
50.375;-64
50.4;-64
50.425;-64
50.45;-64.4
50.475;-64.4
50.5;-64
50.525;-64
50.55;-64.4
50.575;-64.4
50.6;-64.4
50.625;-64
50.65;-64.4
50.675;-64.4
50.7;-64.4
50.725;-64.4
50.75;-64.4
50.775;-64.4
50.8;-64
50.825;-64
50.85;-64.4
50.875;-64.4
50.9;-64.4
50.925;-64.4
50.95;-65.2
50.975;-65.2
51;-64.4
51.025;-64.4
51.05;-64.8
51.075;-64.8
51.1;-64.8
51.125;-64.8
51.15;-65.2
51.175;-65.2
51.2;-65.2
51.225;-64.4
51.25;-65.2
51.275;-64.4
51.3;-65.2
51.325;-64.8
51.35;-65.2
51.375;-65.2
51.4;-65.2
51.425;-64.8
51.45;-65.6
51.475;-65.6
51.5;-65.2
51.525;-65.2
51.55;-65.6
51.575;-65.2
51.6;-66
51.625;-65.2
51.65;-66
51.675;-66
51.7;-65.6
51.725;-65.6
51.75;-66
51.775;-65.6
51.8;-66
51.825;-65.6
51.85;-66
51.875;-66
51.9;-65.6
51.925;-65.6
51.95;-66
51.975;-66
52;-66
52.025;-66
52.05;-66
52.075;-66
52.1;-66
52.125;-65.6
52.15;-66.4
52.175;-66
52.2;-66
52.225;-65.6
52.25;-66.4
52.275;-66
52.3;-66
52.325;-66
52.35;-66
52.375;-66
52.4;-66
52.425;-66
52.45;-66.4
52.475;-66
52.5;-66
52.525;-66
52.55;-66.4
52.575;-66
52.6;-66
52.625;-66
52.65;-66.4
52.675;-66.4
52.7;-66.4
52.725;-66
52.75;-66.8
52.775;-66.4
52.8;-66.4
52.825;-66.4
52.85;-66.8
52.875;-66.8
52.9;-66.8
52.925;-66.4
52.95;-67.2
52.975;-67.2
53;-67.2
53.025;-66.8
53.05;-67.2
53.075;-67.2
53.1;-67.2
53.125;-67.2
53.15;-67.6
53.175;-67.2
53.2;-67.2
53.225;-67.2
53.25;-67.6
53.275;-67.6
53.3;-67.6
53.325;-67.6
53.35;-68
53.375;-67.6
53.4;-68
53.425;-68
53.45;-68.4
53.475;-68.4
53.5;-68
53.525;-68
53.55;-68.4
53.575;-68.4
53.6;-68
53.625;-68
53.65;-68.4
53.675;-68.4
53.7;-68.4
53.725;-68.4
53.75;-68.8
53.775;-68.4
53.8;-68.4
53.825;-68.4
53.85;-68.8
53.875;-68.8
53.9;-68.8
53.925;-68.8
53.95;-68.8
53.975;-68.8
54;-68.8
54.025;-68.4
54.05;-68.8
54.075;-68.8
54.1;-68.8
54.125;-68.8
54.15;-69.6
54.175;-68.8
54.2;-69.2
54.225;-69.2
54.25;-69.6
54.275;-69.2
54.3;-69.2
54.325;-68.8
54.35;-69.6
54.375;-69.6
54.4;-69.6
54.425;-69.2
54.45;-69.6
54.475;-69.6
54.5;-69.6
54.525;-69.6
54.55;-70
54.575;-69.6
54.6;-70
54.625;-69.6
54.65;-70
54.675;-70
54.7;-70
54.725;-69.6
54.75;-70.4
54.775;-70
54.8;-70
54.825;-70
54.85;-70.4
54.875;-70
54.9;-70.4
54.925;-70
54.95;-70.8
54.975;-70.4
55;-70.4
55.025;-70.4
55.05;-70.8
55.075;-70.8
55.1;-70.8
55.125;-70.4
55.15;-70.8
55.175;-70.8
55.2;-70.8
55.225;-70.8
55.25;-71.2
55.275;-70.8
55.3;-71.2
55.325;-70.4
55.35;-71.2
55.375;-71.2
55.4;-70.8
55.425;-70.8
55.45;-71.6
55.475;-71.6
55.5;-71.2
55.525;-71.2
55.55;-71.6
55.575;-71.2
55.6;-71.2
55.625;-71.2
55.65;-72
55.675;-71.6
55.7;-71.6
55.725;-71.6
55.75;-72
55.775;-72
55.8;-71.6
55.825;-71.6
55.85;-72
55.875;-72
55.9;-71.6
55.925;-71.6
55.95;-72.4
55.975;-72
56;-72.4
56.025;-72
56.05;-72.4
56.075;-72
56.1;-72
56.125;-72
56.15;-72.4
56.175;-72
56.2;-72.4
56.225;-72
56.25;-72.4
56.275;-72
56.3;-72.4
56.325;-72
56.35;-72.4
56.375;-72
56.4;-72
56.425;-72
56.45;-72.4
56.475;-72
56.5;-72
56.525;-72
56.55;-72.4
56.575;-72.4
56.6;-72
56.625;-72
56.65;-72.8
56.675;-72.4
56.7;-72.4
56.725;-72.4
56.75;-72.8
56.775;-72.4
56.8;-72.4
56.825;-72.4
56.85;-72.8
56.875;-72.8
56.9;-72.4
56.925;-72.4
56.95;-72.8
56.975;-72.8
57;-72.8
57.025;-72.8
57.05;-73.2
57.075;-72.8
57.1;-72.8
57.125;-72.8
57.15;-73.2
57.175;-73.2
57.2;-73.2
57.225;-73.2
57.25;-73.6
57.275;-73.2
57.3;-73.2
57.325;-73.2
57.35;-73.6
57.375;-73.6
57.4;-73.2
57.425;-73.2
57.45;-73.6
57.475;-73.6
57.5;-74
57.525;-73.2
57.55;-74
57.575;-73.6
57.6;-73.6
57.625;-73.2
57.65;-74
57.675;-74
57.7;-74
57.725;-74
57.75;-74
57.775;-74
57.8;-74
57.825;-73.6
57.85;-74.4
57.875;-74
57.9;-74
57.925;-73.6
57.95;-74.4
57.975;-74.4
58;-74.4
58.025;-74
58.05;-74.4
58.075;-74
58.1;-74
58.125;-74
58.15;-74.4
58.175;-74.4
58.2;-74.4
58.225;-74.4
58.25;-74.4
58.275;-74.4
58.3;-74.4
58.325;-74
58.35;-74.8
58.375;-74.4
58.4;-74.8
58.425;-74.4
58.45;-74.8
58.475;-74.4
58.5;-74.8
58.525;-74.4
58.55;-74.8
58.575;-74.8
58.6;-74.8
58.625;-74.8
58.65;-75.2
58.675;-74.8
58.7;-74.8
58.725;-74.4
58.75;-75.2
58.775;-74.8
58.8;-74.8
58.825;-74.8
58.85;-75.2
58.875;-74.8
58.9;-74.8
58.925;-74.8
58.95;-75.2
58.975;-74.8
59;-74.8
59.025;-74.8
59.05;-75.2
59.075;-74.8
59.1;-74.8
59.125;-74.4
59.15;-75.2
59.175;-75.2
59.2;-74.8
59.225;-74.8
59.25;-75.2
59.275;-75.2
59.3;-74.8
59.325;-74.8
59.35;-75.2
59.375;-75.2
59.4;-75.2
59.425;-75.2
59.45;-75.2
59.475;-75.2
59.5;-75.2
59.525;-75.2
59.55;-75.6
59.575;-75.6
59.6;-75.2
59.625;-75.2
59.65;-75.6
59.675;-75.6
59.7;-75.6
59.725;-75.6
59.75;-76
59.775;-76
59.8;-75.6
59.825;-75.6
59.85;-76
59.875;-76
59.9;-76
59.925;-75.6
59.95;-76
59.975;-76
60;-76
60.025;-76
60.05;-76.4
60.075;-76.4
60.1;-76.4
60.125;-76
60.15;-76.4
60.175;-76
60.2;-76
60.225;-76
60.25;-76.4
60.275;-76.4
60.3;-76.4
60.325;-76
60.35;-76.8
60.375;-76.4
60.4;-76.8
60.425;-76.4
60.45;-76.8
60.475;-76.8
60.5;-76.8
60.525;-76.4
60.55;-76.8
60.575;-76.4
60.6;-76.8
60.625;-76.8
60.65;-77.2
60.675;-76.8
60.7;-76.8
60.725;-76.8
60.75;-76.8
60.775;-76.8
60.8;-77.2
60.825;-76.8
60.85;-77.2
60.875;-76.8
60.9;-77.2
60.925;-76.8
60.95;-77.2
60.975;-77.2
61;-77.2
61.025;-77.2
61.05;-77.6
61.075;-77.2
61.1;-77.2
61.125;-76.8
61.15;-77.6
61.175;-77.6
61.2;-77.2
61.225;-77.2
61.25;-77.6
61.275;-77.2
61.3;-77.6
61.325;-77.6
61.35;-77.6
61.375;-77.6
61.4;-78
61.425;-77.6
61.45;-78
61.475;-77.6
61.5;-78
61.525;-77.6
61.55;-78
61.575;-77.6
61.6;-77.6
61.625;-77.6
61.65;-78.4
61.675;-78.4
61.7;-78.4
61.725;-78
61.75;-78.4
61.775;-78
61.8;-78.4
61.825;-78
61.85;-78.4
61.875;-78.4
61.9;-78.4
61.925;-78.4
61.95;-78.8
61.975;-78.4
62;-78.8
62.025;-78.4
62.05;-78.8
62.075;-78.4
62.1;-78.8
62.125;-78.8
62.15;-79.2
62.175;-79.2
62.2;-79.2
62.225;-79.2
62.25;-79.6
62.275;-79.6
62.3;-79.6
62.325;-79.2
62.35;-79.6
62.375;-79.6
62.4;-79.6
62.425;-79.6
62.45;-80
62.475;-80
62.5;-80
62.525;-80
62.55;-80.4
62.575;-80.4
62.6;-80
62.625;-80
62.65;-80.4
62.675;-80.4
62.7;-80.4
62.725;-80
62.75;-80.8
62.775;-80.8
62.8;-80.8
62.825;-80.8
62.85;-80.8
62.875;-80.8
62.9;-80.4
62.925;-80.4
62.95;-81.2
62.975;-81.2
63;-81.2
63.025;-80.8
63.05;-81.6
63.075;-81.2
63.1;-81.2
63.125;-81.2
63.15;-81.6
63.175;-81.6
63.2;-81.6
63.225;-81.2
63.25;-81.6
63.275;-81.6
63.3;-81.6
63.325;-81.6
63.35;-81.6
63.375;-81.6
63.4;-81.6
63.425;-81.2
63.45;-81.6
63.475;-81.6
63.5;-81.2
63.525;-81.2
63.55;-81.6
63.575;-81.6
63.6;-81.6
63.625;-81.2
63.65;-82
63.675;-82
63.7;-82.4
63.725;-81.6
63.75;-82.4
63.775;-82.4
63.8;-82
63.825;-82
63.85;-82.8
63.875;-82.8
63.9;-82.8
63.925;-82.4
63.95;-83.6
63.975;-83.2
64;-84
64.025;-83.6
64.05;-84.4
64.075;-84.4
64.1;-84.4
64.125;-84.4
64.15;-84.8
64.175;-84.8
64.2;-84.8
64.225;-84.8
64.25;-85.6
64.275;-85.6
64.3;-85.2
64.325;-85.2
64.35;-86
64.375;-86
64.4;-86
64.425;-86
64.45;-86.4
64.475;-86.4
64.5;-86.4
64.525;-86.4
64.55;-86.8
64.575;-86.4
64.6;-86.8
64.625;-86.8
64.65;-87.2
64.675;-86.8
64.7;-86.8
64.725;-86.8
64.75;-87.6
64.775;-86.8
64.8;-87.2
64.825;-87.2
64.85;-87.6
64.875;-87.6
64.9;-87.6
64.925;-87.2
64.95;-88
64.975;-88
65;-87.6
65.025;-87.2
65.05;-87.6
65.075;-87.6
65.1;-87.6
65.125;-87.2
65.15;-87.6
65.175;-87.6
65.2;-87.6
65.225;-87.2
65.25;-87.6
65.275;-87.6
65.3;-87.6
65.325;-87.2
65.35;-88
65.375;-88
65.4;-88
65.425;-87.6
65.45;-88
65.475;-88
65.5;-88
65.525;-88
65.55;-88.4
65.575;-88.4
65.6;-88.4
65.625;-88.4
65.65;-88.8
65.675;-88.4
65.7;-88.4
65.725;-88.4
65.75;-89.2
65.775;-88.8
65.8;-88.8
65.825;-88.8
65.85;-89.6
65.875;-89.2
65.9;-89.6
65.925;-89.2
65.95;-89.6
65.975;-89.6
66;-89.6
66.025;-89.6
66.05;-90
66.075;-90
66.1;-90
66.125;-90
66.15;-90.4
66.175;-90.4
66.2;-90.4
66.225;-90.4
66.25;-90.8
66.275;-90.8
66.3;-90.8
66.325;-90.8
66.35;-91.2
66.375;-91.2
66.4;-91.2
66.425;-91.2
66.45;-91.6
66.475;-91.6
66.5;-91.6
66.525;-91.2
66.55;-92
66.575;-91.6
66.6;-91.6
66.625;-91.6
66.65;-92
66.675;-92
66.7;-91.6
66.725;-91.6
66.75;-92
66.775;-91.6
66.8;-92
66.825;-91.6
66.85;-92
66.875;-91.6
66.9;-91.2
66.925;-91.2
66.95;-92
66.975;-92
67;-92
67.025;-92
67.05;-92.4
67.075;-92.4
67.1;-92.4
67.125;-92.4
67.15;-92.8
67.175;-92.8
67.2;-92.4
67.225;-92.4
67.25;-93.2
67.275;-93.2
67.3;-93.2
67.325;-93.2
67.35;-94
67.375;-94
67.4;-94
67.425;-94
67.45;-94.4
67.475;-94
67.5;-94.4
67.525;-94.4
67.55;-95.2
67.575;-95.2
67.6;-94.8
67.625;-71.2
67.65;-95.2
67.675;-71.2
67.7;-71.2
67.725;-70.8
67.75;-71.6
67.775;-71.2
67.8;-71.6
67.825;-71.2
67.85;-71.6
67.875;-71.2
67.9;-71.2
67.925;-71.2
67.95;-71.2
67.975;-71.2
68;-71.6
68.025;-71.2
68.05;-71.6
68.075;-71.2
68.1;-71.2
68.125;-71.2
68.15;-71.6
68.175;-71.2
68.2;-71.2
68.225;-71.2
68.25;-71.6
68.275;-71.6
68.3;-71.2
68.325;-71.2
68.35;-71.6
68.375;-71.2
68.4;-71.6
68.425;-71.2
68.45;-71.6
68.475;-71.2
68.5;-71.6
68.525;-71.2
68.55;-72
68.575;-71.6
68.6;-71.6
68.625;-71.6
68.65;-72
68.675;-71.6
68.7;-72
68.725;-71.6
68.75;-72
68.775;-71.6
68.8;-72
68.825;-71.6
68.85;-72
68.875;-72
68.9;-72
68.925;-71.6
68.95;-72
68.975;-71.6
69;-72
69.025;-72
69.05;-72
69.075;-72
69.1;-72
69.125;-71.6
69.15;-72.4
69.175;-72.4
69.2;-72
69.225;-72
69.25;-72.4
69.275;-72.4
69.3;-72.4
69.325;-72
69.35;-72.4
69.375;-72.4
69.4;-72.4
69.425;-72
69.45;-72.4
69.475;-72.4
69.5;-72.4
69.525;-72
69.55;-72.4
69.575;-72.4
69.6;-72.4
69.625;-72.4
69.65;-72.4
69.675;-72.4
69.7;-72.8
69.725;-72.4
69.75;-72.8
69.775;-72.8
69.8;-72.8
69.825;-72.4
69.85;-72.8
69.875;-72.8
69.9;-72.8
69.925;-72.4
69.95;-73.2
69.975;-73.2
70;-72.8
70.025;-72.8
70.05;-73.2
70.075;-73.2
70.1;-72.8
70.125;-72.4
70.15;-73.2
70.175;-73.2
70.2;-72.8
70.225;-72.8
70.25;-73.2
70.275;-72.8
70.3;-72.8
70.325;-72.8
70.35;-73.2
70.375;-72.8
70.4;-73.2
70.425;-72.8
70.45;-73.2
70.475;-72.8
70.5;-73.2
70.525;-72.8
70.55;-73.6
70.575;-73.2
70.6;-73.2
70.625;-73.2
70.65;-73.2
70.675;-73.2
70.7;-73.2
70.725;-73.2
70.75;-73.6
70.775;-73.2
70.8;-73.2
70.825;-72.8
70.85;-73.6
70.875;-73.2
70.9;-73.6
70.925;-73.2
70.95;-74
70.975;-73.2
71;-73.2
71.025;-73.2
71.05;-73.2
71.075;-73.2
71.1;-73.2
71.125;-73.2
71.15;-73.6
71.175;-73.2
71.2;-73.2
71.225;-73.2
71.25;-73.6
71.275;-73.2
71.3;-73.2
71.325;-73.2
71.35;-73.2
71.375;-73.2
71.4;-73.2
71.425;-73.2
71.45;-73.6
71.475;-73.2
71.5;-73.2
71.525;-72.8
71.55;-73.2
71.575;-73.2
71.6;-73.2
71.625;-73.2
71.65;-73.6
71.675;-73.2
71.7;-73.6
71.725;-73.2
71.75;-73.6
71.775;-73.2
71.8;-73.2
71.825;-73.2
71.85;-73.6
71.875;-73.2
71.9;-73.2
71.925;-73.2
71.95;-74
71.975;-74
72;-73.6
72.025;-73.6
72.05;-74
72.075;-74
72.1;-73.6
72.125;-73.6
72.15;-74.4
72.175;-74
72.2;-74.4
72.225;-74
72.25;-74.8
72.275;-74.4
72.3;-74.4
72.325;-74.4
72.35;-74.8
72.375;-74.4
72.4;-74.8
72.425;-74.4
72.45;-74.8
72.475;-74.8
72.5;-74.8
72.525;-74.8
72.55;-75.2
72.575;-75.2
72.6;-74.8
72.625;-74.8
72.65;-75.2
72.675;-74.8
72.7;-75.2
72.725;-74.8
72.75;-75.6
72.775;-75.6
72.8;-75.2
72.825;-74.8
72.85;-75.6
72.875;-75.6
72.9;-75.6
72.925;-75.6
72.95;-76
72.975;-75.6
73;-75.6
73.025;-75.6
73.05;-76
73.075;-75.6
73.1;-75.6
73.125;-75.6
73.15;-76
73.175;-76
73.2;-76
73.225;-75.6
73.25;-76.4
73.275;-76
73.3;-76
73.325;-75.6
73.35;-76.4
73.375;-76
73.4;-76
73.425;-76
73.45;-76.4
73.475;-76
73.5;-76
73.525;-75.6
73.55;-76.4
73.575;-76
73.6;-76
73.625;-76
73.65;-76.4
73.675;-76
73.7;-76
73.725;-75.6
73.75;-76.4
73.775;-76
73.8;-76
73.825;-75.6
73.85;-76.4
73.875;-76
73.9;-76
73.925;-76
73.95;-76.4
73.975;-76.4
74;-76
74.025;-76
74.05;-76.4
74.075;-76.4
74.1;-76.4
74.125;-76.4
74.15;-76.8
74.175;-76.8
74.2;-76.4
74.225;-76.4
74.25;-76.8
74.275;-76.4
74.3;-76.8
74.325;-76.4
74.35;-76.8
74.375;-76.8
74.4;-76.8
74.425;-76.4
74.45;-76.8
74.475;-76.8
74.5;-76.8
74.525;-76.8
74.55;-77.2
74.575;-77.2
74.6;-76.8
74.625;-76.8
74.65;-77.6
74.675;-76.8
74.7;-76.8
74.725;-76.8
74.75;-77.2
74.775;-77.2
74.8;-77.2
74.825;-76.8
74.85;-77.2
74.875;-77.2
74.9;-77.6
74.925;-76.8
74.95;-77.6
74.975;-77.2
75;-76.8
75.025;-76.8
75.05;-77.6
75.075;-77.2
75.1;-77.2
75.125;-77.2
75.15;-77.6
75.175;-77.2
75.2;-77.2
75.225;-77.2
75.25;-77.6
75.275;-77.2
75.3;-77.2
75.325;-77.2
75.35;-77.6
75.375;-77.6
75.4;-77.2
75.425;-77.2
75.45;-77.6
75.475;-77.2
75.5;-77.6
75.525;-77.2
75.55;-77.6
75.575;-77.6
75.6;-77.6
75.625;-77.2
75.65;-77.6
75.675;-77.6
75.7;-77.6
75.725;-77.2
75.75;-77.6
75.775;-77.6
75.8;-77.6
75.825;-77.2
75.85;-77.6
75.875;-77.6
75.9;-77.6
75.925;-76.8
75.95;-77.6
75.975;-77.2
