# Oscilloscope file ./20170703_502050.bin
# Channel 1
Time / s;Voltage / V
0;0
0.025;0
0.05;0.08
0.075;0.08
0.1;0.08
0.125;0.08
0.15;0.08
0.175;0.08
0.2;0
0.225;0.08
0.25;0.08
0.275;0.16
0.3;0.08
0.325;0.08
0.35;0.08
0.375;0.08
0.4;0.08
0.425;0.08
0.45;0.08
0.475;0.08
0.5;0
0.525;0.08
0.55;0.08
0.575;0.08
0.6;0.08
0.625;0.08
0.65;0.08
0.675;0.08
0.7;0.08
0.725;0.08
0.75;0.08
0.775;0.16
0.8;0.08
0.825;0.08
0.85;0.08
0.875;0.16
0.9;0.08
0.925;0.08
0.95;0.16
0.975;0.16
1;0.08
1.025;0.16
1.05;0.16
1.075;0.16
1.1;0.16
1.125;0.16
1.15;0.16
1.175;0.24
1.2;0.16
1.225;0.16
1.25;0.16
1.275;0.24
1.3;0.16
1.325;0.24
1.35;0.24
1.375;0.24
1.4;0.16
1.425;0.24
1.45;0.24
1.475;0.24
1.5;0.24
1.525;0.24
1.55;0.24
1.575;0.32
1.6;0.24
1.625;0.32
1.65;0.32
1.675;0.32
1.7;0.24
1.725;0.32
1.75;0.24
1.775;0.32
1.8;0.24
1.825;0.32
1.85;0.32
1.875;0.32
1.9;0.24
1.925;0.32
1.95;0.32
1.975;0.32
2;0.32
2.025;0.32
2.05;0.32
2.075;0.4
2.1;0.32
2.125;0.4
2.15;0.4
2.175;0.4
2.2;0.32
2.225;0.4
2.25;0.4
2.275;0.4
2.3;0.4
2.325;0.4
2.35;0.4
2.375;0.48
2.4;0.4
2.425;0.48
2.45;0.4
2.475;0.48
2.5;0.4
2.525;0.4
2.55;0.48
2.575;0.48
2.6;0.4
2.625;0.48
2.65;0.48
2.675;0.48
2.7;0.4
2.725;0.48
2.75;0.48
2.775;0.56
2.8;0.48
2.825;0.48
2.85;0.48
2.875;0.56
2.9;0.48
2.925;0.48
2.95;0.56
2.975;0.56
3;0.48
3.025;0.56
3.05;0.56
3.075;0.56
3.1;0.48
3.125;0.56
3.15;0.56
3.175;0.64
3.2;0.48
3.225;0.56
3.25;0.56
3.275;0.64
3.3;0.56
3.325;0.56
3.35;0.56
3.375;0.64
3.4;0.56
3.425;0.64
3.45;0.56
3.475;0.64
3.5;0.56
3.525;0.64
3.55;0.64
3.575;0.64
3.6;0.64
3.625;0.64
3.65;0.64
3.675;0.72
3.7;0.64
3.725;0.64
3.75;0.72
3.775;0.72
3.8;0.64
3.825;0.72
3.85;0.72
3.875;0.72
3.9;0.64
3.925;0.72
3.95;0.72
3.975;0.72
4;0.64
4.025;0.72
4.05;0.72
4.075;0.8
4.1;0.72
4.125;0.72
4.15;0.72
4.175;0.8
4.2;0.72
4.225;0.72
4.25;0.72
4.275;0.8
4.3;0.72
4.325;0.72
4.35;0.8
4.375;0.8
4.4;0.8
4.425;0.8
4.45;0.8
4.475;0.8
4.5;0.8
4.525;0.8
4.55;0.8
4.575;0.88
4.6;0.8
4.625;0.88
4.65;0.8
4.675;0.88
4.7;0.8
4.725;0.88
4.75;0.88
4.775;0.96
4.8;0.88
4.825;0.88
4.85;0.88
4.875;0.88
4.9;0.88
4.925;0.88
4.95;0.88
4.975;0.96
5;0.88
5.025;0.96
5.05;0.96
5.075;0.96
5.1;0.88
5.125;0.96
5.15;0.96
5.175;0.96
5.2;0.88
5.225;0.96
5.25;0.96
5.275;1.04
5.3;0.96
5.325;0.96
5.35;0.96
5.375;1.04
5.4;0.96
5.425;0.96
5.45;1.04
5.475;1.04
5.5;0.96
5.525;1.04
5.55;1.04
5.575;1.04
5.6;0.96
5.625;1.04
5.65;1.04
5.675;1.12
5.7;1.04
5.725;1.12
5.75;1.12
5.775;1.12
5.8;1.04
5.825;1.04
5.85;1.12
5.875;1.12
5.9;1.04
5.925;1.12
5.95;1.12
5.975;1.12
6;1.04
6.025;1.12
6.05;1.12
6.075;1.12
6.1;1.12
6.125;1.12
6.15;1.12
6.175;1.2
6.2;1.12
6.225;1.12
6.25;1.2
6.275;1.2
6.3;1.12
6.325;1.2
6.35;1.2
6.375;1.2
6.4;1.2
6.425;1.2
6.45;1.2
6.475;1.28
6.5;1.2
6.525;1.2
6.55;1.2
6.575;1.28
6.6;1.2
6.625;1.28
6.65;1.28
6.675;1.28
6.7;1.2
6.725;1.28
6.75;1.28
6.775;1.28
6.8;1.2
6.825;1.28
6.85;1.28
6.875;1.28
6.9;1.28
6.925;1.28
6.95;1.28
6.975;1.36
7;1.28
7.025;1.36
7.05;1.28
7.075;1.36
7.1;1.28
7.125;1.36
7.15;1.28
7.175;1.36
7.2;1.28
7.225;1.36
7.25;1.36
7.275;1.44
7.3;1.28
7.325;1.36
7.35;1.36
7.375;1.44
7.4;1.36
7.425;1.44
7.45;1.36
7.475;1.44
7.5;1.36
7.525;1.36
7.55;1.36
7.575;1.44
7.6;1.36
7.625;1.44
7.65;1.44
7.675;1.44
7.7;1.44
7.725;1.44
7.75;1.44
7.775;1.44
7.8;1.44
7.825;1.44
7.85;1.44
7.875;1.52
7.9;1.44
7.925;1.44
7.95;1.52
7.975;1.52
8;1.44
8.025;1.52
8.05;1.52
8.075;1.52
8.1;1.52
8.125;1.52
8.15;1.52
8.175;1.6
8.2;1.52
8.225;1.6
8.25;1.6
8.275;1.6
8.3;1.52
8.325;1.52
8.35;1.52
8.375;1.6
8.4;1.52
8.425;1.52
8.45;1.6
8.475;1.6
8.5;1.6
8.525;1.6
8.55;1.6
8.575;1.6
8.6;1.6
8.625;1.6
8.65;1.6
8.675;1.68
8.7;1.6
8.725;1.68
8.75;1.6
8.775;1.68
8.8;1.6
8.825;1.68
8.85;1.68
8.875;1.68
8.9;1.68
8.925;1.68
8.95;1.68
8.975;1.68
9;1.68
9.025;1.68
9.05;1.68
9.075;1.76
9.1;1.68
9.125;1.76
9.15;1.76
9.175;1.76
9.2;1.68
9.225;1.76
9.25;1.76
9.275;1.76
9.3;1.76
9.325;1.76
9.35;1.76
9.375;1.84
9.4;1.76
9.425;1.76
9.45;1.76
9.475;1.84
9.5;1.76
9.525;1.84
9.55;1.84
9.575;1.84
9.6;1.76
9.625;1.84
9.65;1.84
9.675;1.84
9.7;1.84
9.725;1.84
9.75;1.84
9.775;1.84
9.8;1.84
9.825;1.84
9.85;1.84
9.875;1.92
9.9;1.84
9.925;1.92
9.95;1.84
9.975;1.92
10;1.84
10.025;1.92
10.05;1.92
10.075;1.92
10.1;1.84
10.125;1.92
10.15;1.92
10.175;1.92
10.2;1.92
10.225;1.92
10.25;2
10.275;2
10.3;1.92
10.325;1.92
10.35;1.92
10.375;2
10.4;1.92
10.425;1.92
10.45;2
10.475;2
10.5;2
10.525;2
10.55;2
10.575;2
10.6;2
10.625;2
10.65;2
10.675;2
10.7;2
10.725;2
10.75;2
10.775;2.08
10.8;2
10.825;2.08
10.85;2.08
10.875;2.08
10.9;2
10.925;2.08
10.95;2
10.975;2.08
11;2
11.025;2.08
11.05;2.08
11.075;2.16
11.1;2.08
11.125;2.16
11.15;2.16
11.175;2.16
11.2;2.08
11.225;2.08
11.25;2.08
11.275;2.16
11.3;2.08
11.325;2.16
11.35;2.16
11.375;2.16
11.4;2.16
11.425;2.16
11.45;2.16
11.475;2.24
11.5;2.16
11.525;2.16
11.55;2.16
11.575;2.24
11.6;2.16
11.625;2.24
11.65;2.16
11.675;2.24
11.7;2.16
11.725;2.16
11.75;2.24
11.775;2.24
11.8;2.24
11.825;2.24
11.85;2.24
11.875;2.24
11.9;2.24
11.925;2.24
11.95;2.24
11.975;2.32
12;2.24
12.025;2.24
12.05;2.32
12.075;2.32
12.1;2.24
12.125;2.32
12.15;2.32
12.175;2.32
12.2;2.24
12.225;2.32
12.25;2.32
12.275;2.32
12.3;2.32
12.325;2.32
12.35;2.32
12.375;2.4
12.4;2.32
12.425;2.32
12.45;2.32
12.475;2.4
12.5;2.32
12.525;2.4
12.55;2.32
12.575;2.4
12.6;2.32
12.625;2.4
12.65;2.4
12.675;2.4
12.7;2.4
12.725;2.4
12.75;2.4
12.775;2.48
12.8;2.4
12.825;2.4
12.85;2.4
12.875;2.48
12.9;2.4
12.925;2.48
12.95;2.48
12.975;2.48
13;2.48
13.025;2.48
13.05;2.48
13.075;2.56
13.1;2.48
13.125;2.48
13.15;2.48
13.175;2.56
13.2;2.48
13.225;2.48
13.25;2.56
13.275;2.56
13.3;2.48
13.325;2.56
13.35;2.56
13.375;2.56
13.4;2.48
13.425;2.56
13.45;2.56
13.475;2.64
13.5;2.56
13.525;2.64
13.55;2.56
13.575;2.64
13.6;2.56
13.625;2.56
13.65;2.64
13.675;2.64
13.7;2.56
13.725;2.56
13.75;2.64
13.775;2.64
13.8;2.64
13.825;2.64
13.85;2.64
13.875;2.72
13.9;2.56
13.925;2.64
13.95;2.64
13.975;2.64
14;2.64
14.025;2.64
14.05;2.72
14.075;2.72
14.1;2.64
14.125;2.72
14.15;2.72
14.175;2.72
14.2;2.64
14.225;2.72
14.25;2.72
14.275;2.72
14.3;2.72
14.325;2.72
14.35;2.72
14.375;2.8
14.4;2.72
14.425;2.72
14.45;2.72
14.475;2.8
14.5;2.72
14.525;2.8
14.55;2.72
14.575;2.8
14.6;2.72
14.625;2.8
14.65;2.8
14.675;2.8
14.7;2.8
14.725;2.8
14.75;2.8
14.775;2.88
14.8;2.8
14.825;2.88
14.85;2.8
14.875;2.88
14.9;2.8
14.925;2.88
14.95;2.8
14.975;2.88
15;2.8
15.025;2.8
15.05;2.88
15.075;2.88
15.1;2.88
15.125;2.88
15.15;2.88
15.175;2.88
15.2;2.88
15.225;2.88
15.25;2.88
15.275;2.96
15.3;2.88
15.325;2.88
15.35;2.96
15.375;2.96
15.4;2.88
15.425;2.96
15.45;2.96
15.475;2.96
15.5;2.96
15.525;2.96
15.55;3.04
15.575;3.04
15.6;2.96
15.625;2.96
15.65;2.96
15.675;3.04
15.7;2.96
15.725;3.04
15.75;2.96
15.775;3.04
15.8;2.96
15.825;3.04
15.85;2.96
15.875;3.04
15.9;2.96
15.925;3.04
15.95;3.04
15.975;3.12
16;3.04
16.025;3.04
16.05;3.04
16.075;3.12
16.1;3.04
16.125;3.12
16.15;3.04
16.175;3.12
16.2;3.04
16.225;3.12
16.25;3.04
16.275;3.12
16.3;3.04
16.325;3.12
16.35;3.12
16.375;3.2
16.4;3.12
16.425;3.12
16.45;3.12
16.475;3.2
16.5;3.12
16.525;3.12
16.55;3.12
16.575;3.2
16.6;3.12
16.625;3.12
16.65;3.2
16.675;3.2
16.7;3.12
16.725;3.2
16.75;3.2
16.775;3.2
16.8;3.2
16.825;3.2
16.85;3.2
16.875;3.2
16.9;3.2
16.925;3.2
16.95;3.2
16.975;3.28
17;3.2
17.025;3.28
17.05;3.28
17.075;3.28
17.1;3.2
17.125;3.28
17.15;3.28
17.175;3.28
17.2;3.28
17.225;3.28
17.25;3.28
17.275;3.36
17.3;3.28
17.325;3.36
17.35;3.28
17.375;3.36
17.4;3.28
17.425;3.36
17.45;3.36
17.475;3.36
17.5;3.28
17.525;3.36
17.55;3.36
17.575;3.36
17.6;3.36
17.625;3.36
17.65;3.36
17.675;3.44
17.7;3.36
17.725;3.36
17.75;3.44
17.775;3.44
17.8;3.36
17.825;3.44
17.85;3.44
17.875;3.44
17.9;3.36
17.925;3.44
17.95;3.44
17.975;3.44
18;3.44
18.025;3.44
18.05;3.44
18.075;3.52
18.1;3.44
18.125;3.44
18.15;3.44
18.175;3.52
18.2;3.44
18.225;3.44
18.25;3.52
18.275;3.52
18.3;3.44
18.325;3.52
18.35;3.52
18.375;3.52
18.4;3.52
18.425;3.52
18.45;3.52
18.475;3.6
18.5;3.52
18.525;3.52
18.55;3.6
18.575;3.6
18.6;3.52
18.625;3.6
18.65;3.6
18.675;3.6
18.7;3.52
18.725;3.6
18.75;3.6
18.775;3.6
18.8;3.52
18.825;3.6
18.85;3.6
18.875;3.6
18.9;3.6
18.925;3.6
18.95;3.6
18.975;3.68
19;3.6
19.025;3.6
19.05;3.68
19.075;3.68
19.1;3.6
19.125;3.68
19.15;3.68
19.175;3.68
19.2;3.68
19.225;3.68
19.25;3.68
19.275;3.68
19.3;3.68
19.325;3.68
19.35;3.68
19.375;3.76
19.4;3.68
19.425;3.68
19.45;3.76
19.475;3.76
19.5;3.68
19.525;3.76
19.55;3.68
19.575;3.76
19.6;3.68
19.625;3.76
19.65;3.76
19.675;3.76
19.7;3.76
19.725;3.76
19.75;3.76
19.775;3.76
19.8;3.76
19.825;3.76
19.85;3.84
19.875;3.84
19.9;3.76
19.925;3.84
19.95;3.84
19.975;3.84
20;3.76
20.025;3.76
20.05;3.84
20.075;3.92
20.1;3.84
20.125;3.84
20.15;3.92
20.175;3.92
20.2;3.84
20.225;3.92
20.25;3.84
20.275;3.92
20.3;3.84
20.325;3.84
20.35;3.92
20.375;3.92
20.4;3.84
20.425;3.92
20.45;3.92
20.475;3.92
20.5;3.84
20.525;3.92
20.55;3.92
20.575;3.92
20.6;3.92
20.625;3.92
20.65;3.92
20.675;4
20.7;3.92
20.725;4
20.75;4
20.775;4
20.8;3.92
20.825;4
20.85;4
20.875;4.08
20.9;4
20.925;4
20.95;4
20.975;4.08
21;4
21.025;4
21.05;4
21.075;4.08
21.1;4
21.125;4
21.15;4
21.175;4.08
21.2;4
21.225;4.08
21.25;4.08
21.275;4.08
21.3;4.08
21.325;4.08
21.35;4.08
21.375;4.08
21.4;4.08
21.425;4.08
21.45;4.08
21.475;4.16
21.5;4.08
21.525;4.08
21.55;4.16
21.575;4.16
21.6;4.16
21.625;4.16
21.65;4.16
21.675;4.16
21.7;4.16
21.725;4.16
21.75;4.16
21.775;4.16
21.8;4.16
21.825;4.16
21.85;4.16
21.875;4.16
21.9;4.16
21.925;4.16
21.95;4.16
21.975;4.24
22;4.16
22.025;4.24
22.05;4.16
22.075;4.24
22.1;4.16
22.125;4.24
22.15;4.24
22.175;4.24
22.2;4.24
22.225;4.24
22.25;4.24
22.275;4.32
22.3;4.24
22.325;4.24
22.35;4.32
22.375;4.32
22.4;4.24
22.425;4.32
22.45;4.32
22.475;4.32
22.5;4.24
22.525;4.32
22.55;4.32
22.575;4.32
22.6;4.24
22.625;4.32
22.65;4.32
22.675;4.4
22.7;4.32
22.725;4.32
22.75;4.32
22.775;4.4
22.8;4.32
22.825;4.32
22.85;4.4
22.875;4.4
22.9;4.32
22.925;4.4
22.95;4.4
22.975;4.48
23;4.4
23.025;4.4
23.05;4.4
23.075;4.48
23.1;4.4
23.125;4.4
23.15;4.4
23.175;4.48
23.2;4.4
23.225;4.48
23.25;4.4
23.275;4.48
23.3;4.4
23.325;4.48
23.35;4.48
23.375;4.56
23.4;4.4
23.425;4.48
23.45;4.48
23.475;4.56
23.5;4.48
23.525;4.48
23.55;4.48
23.575;4.56
23.6;4.48
23.625;4.56
23.65;4.56
23.675;4.56
23.7;4.48
23.725;4.56
23.75;4.56
23.775;4.64
23.8;4.56
23.825;4.56
23.85;4.56
23.875;4.64
23.9;4.56
23.925;4.64
23.95;4.56
23.975;4.64
24;4.56
24.025;4.56
24.05;4.64
24.075;4.64
24.1;4.56
24.125;4.64
24.15;4.64
24.175;4.64
24.2;4.64
24.225;4.64
24.25;4.64
24.275;4.72
24.3;4.64
24.325;4.64
24.35;4.64
24.375;4.72
24.4;4.64
24.425;4.72
24.45;4.72
24.475;4.72
24.5;4.64
24.525;4.72
24.55;4.72
24.575;4.72
24.6;4.72
24.625;4.72
24.65;4.72
24.675;4.8
24.7;4.72
24.725;4.72
24.75;4.72
24.775;4.8
24.8;4.72
24.825;4.8
24.85;4.72
24.875;4.8
24.9;4.72
24.925;4.8
24.95;4.8
24.975;4.8
25;4.8
25.025;4.8
25.05;4.8
25.075;4.8
25.1;4.72
25.125;4.8
25.15;4.8
25.175;4.8
25.2;4.8
25.225;4.8
25.25;4.8
25.275;4.88
25.3;4.8
25.325;4.88
25.35;4.88
25.375;4.88
25.4;4.88
25.425;4.88
25.45;4.88
25.475;4.96
25.5;4.88
25.525;4.88
25.55;4.88
25.575;4.96
25.6;4.88
25.625;4.88
25.65;4.88
25.675;4.96
25.7;4.88
25.725;4.96
25.75;4.96
25.775;4.96
25.8;4.88
25.825;4.96
25.85;4.96
25.875;4.96
25.9;4.96
25.925;4.96
25.95;4.96
25.975;5.04
26;4.96
26.025;4.96
26.05;4.96
26.075;5.04
26.1;4.96
26.125;4.96
26.15;5.04
26.175;5.04
26.2;4.96
26.225;5.04
26.25;5.04
26.275;5.12
26.3;5.04
26.325;5.12
26.35;5.04
26.375;5.12
26.4;5.04
26.425;5.12
26.45;5.04
26.475;5.12
26.5;5.04
26.525;5.12
26.55;5.12
26.575;5.12
26.6;5.04
26.625;5.12
26.65;5.12
26.675;5.2
26.7;5.04
26.725;5.12
26.75;5.12
26.775;5.2
26.8;5.12
26.825;5.12
26.85;5.12
26.875;5.2
26.9;5.12
26.925;5.12
26.95;5.2
26.975;5.2
27;5.12
27.025;5.2
27.05;5.2
27.075;5.2
27.1;5.12
27.125;5.2
27.15;5.2
27.175;5.28
27.2;5.2
27.225;5.2
27.25;5.2
27.275;5.28
27.3;5.2
27.325;5.28
27.35;5.28
27.375;5.28
27.4;5.2
27.425;5.28
27.45;5.28
27.475;5.28
27.5;5.28
27.525;5.28
27.55;5.28
27.575;5.28
27.6;5.28
27.625;5.28
27.65;5.36
27.675;5.36
27.7;5.28
27.725;5.28
27.75;5.36
27.775;5.36
27.8;5.28
27.825;5.36
27.85;5.36
27.875;5.36
27.9;5.36
27.925;5.36
27.95;5.36
27.975;5.44
28;5.36
28.025;5.44
28.05;5.36
28.075;5.44
28.1;5.36
28.125;5.44
28.15;5.44
28.175;5.44
28.2;5.36
28.225;5.44
28.25;5.44
28.275;5.44
28.3;5.44
28.325;5.44
28.35;5.44
28.375;5.52
28.4;5.44
28.425;5.44
28.45;5.44
28.475;5.52
28.5;5.44
28.525;5.44
28.55;5.52
28.575;5.52
28.6;5.44
28.625;5.44
28.65;5.52
28.675;5.52
28.7;5.44
28.725;5.52
28.75;5.52
28.775;5.6
28.8;5.44
28.825;5.52
28.85;5.52
28.875;5.6
28.9;5.52
28.925;5.6
28.95;5.6
28.975;5.6
29;5.52
29.025;5.6
29.05;5.6
29.075;5.6
29.1;5.52
29.125;5.6
29.15;5.6
29.175;5.6
29.2;5.6
29.225;5.6
29.25;5.6
29.275;5.68
29.3;5.6
29.325;5.68
29.35;5.6
29.375;5.68
29.4;5.6
29.425;5.68
29.45;5.68
29.475;5.68
29.5;5.6
29.525;5.68
29.55;5.68
29.575;5.68
29.6;5.6
29.625;5.68
29.65;5.68
29.675;5.76
29.7;5.68
29.725;5.68
29.75;5.76
29.775;5.76
29.8;5.68
29.825;5.76
29.85;5.68
29.875;5.76
29.9;5.68
29.925;5.76
29.95;5.76
29.975;5.76
30;5.76
30.025;5.76
30.05;5.76
30.075;5.84
30.1;5.76
30.125;5.76
30.15;5.76
30.175;5.84
30.2;5.76
30.225;5.84
30.25;5.76
30.275;5.84
30.3;5.76
30.325;5.84
30.35;5.84
30.375;5.84
30.4;5.84
30.425;5.84
30.45;5.84
30.475;5.84
30.5;5.84
30.525;5.84
30.55;5.84
30.575;5.92
30.6;5.84
30.625;5.92
30.65;5.84
30.675;5.92
30.7;5.84
30.725;5.92
30.75;5.92
30.775;5.92
30.8;5.92
30.825;5.92
30.85;5.92
30.875;5.92
30.9;5.92
30.925;5.92
30.95;5.92
30.975;6
31;5.92
31.025;6
31.05;5.92
31.075;6
31.1;5.92
31.125;6
31.15;6
31.175;6
31.2;6
31.225;6
31.25;6
31.275;6
31.3;6
31.325;6
31.35;6
31.375;6.08
31.4;6
31.425;6.08
31.45;6.08
31.475;6.08
31.5;6
31.525;6.08
31.55;6.08
31.575;6.08
31.6;6
31.625;6.08
31.65;6.08
31.675;6.08
31.7;6.08
31.725;6.08
31.75;6.08
31.775;6.16
31.8;6.08
31.825;6.16
31.85;6.08
31.875;6.16
31.9;6.08
31.925;6.16
31.95;6.16
31.975;6.16
32;6.08
32.025;6.16
32.05;6.16
32.075;6.16
32.1;6.16
32.125;6.16
32.15;6.16
32.175;6.24
32.2;6.16
32.225;6.16
32.25;6.16
32.275;6.24
32.3;6.16
32.325;6.16
32.35;6.24
32.375;6.24
32.4;6.16
32.425;6.24
32.45;6.16
32.475;6.24
32.5;6.16
32.525;6.24
32.55;6.32
32.575;6.32
32.6;6.24
32.625;6.32
32.65;6.32
32.675;6.32
32.7;6.24
32.725;6.24
32.75;6.32
32.775;6.32
32.8;6.24
32.825;6.32
32.85;6.32
32.875;6.32
32.9;6.32
32.925;6.32
32.95;6.32
32.975;6.4
33;6.32
33.025;6.32
33.05;6.4
33.075;6.4
33.1;6.32
33.125;6.4
33.15;6.32
33.175;6.4
33.2;6.32
33.225;6.4
33.25;6.4
33.275;6.4
33.3;6.4
33.325;6.4
33.35;6.4
33.375;6.48
33.4;6.4
33.425;6.48
33.45;6.4
33.475;6.48
33.5;6.4
33.525;6.4
33.55;6.4
33.575;6.48
33.6;6.4
33.625;6.48
33.65;6.48
33.675;6.48
33.7;6.48
33.725;6.48
33.75;6.48
33.775;6.56
33.8;6.48
33.825;6.56
33.85;6.48
33.875;6.56
33.9;6.48
33.925;6.56
33.95;6.48
33.975;6.56
34;6.48
34.025;6.56
34.05;6.56
34.075;6.56
34.1;6.56
34.125;6.56
34.15;6.56
34.175;6.56
34.2;6.56
34.225;6.56
34.25;6.56
34.275;6.64
34.3;6.56
34.325;6.64
34.35;6.56
34.375;6.64
34.4;6.56
34.425;6.64
34.45;6.64
34.475;6.64
34.5;6.64
34.525;6.64
34.55;6.64
34.575;6.64
34.6;6.64
34.625;6.64
34.65;6.64
34.675;6.72
34.7;6.64
34.725;6.72
34.75;6.72
34.775;6.72
34.8;6.64
34.825;6.72
34.85;6.72
34.875;6.72
34.9;6.72
34.925;6.72
34.95;6.72
34.975;6.72
35;6.72
35.025;6.72
35.05;6.72
35.075;6.72
35.1;6.72
35.125;6.72
35.15;6.72
35.175;6.8
35.2;6.72
35.225;6.8
35.25;6.8
35.275;6.8
35.3;6.72
35.325;6.8
35.35;6.8
35.375;6.8
35.4;6.8
35.425;6.8
35.45;6.8
35.475;6.88
35.5;6.8
35.525;6.88
35.55;6.8
35.575;6.88
35.6;6.8
35.625;6.88
35.65;6.88
35.675;6.88
35.7;6.8
35.725;6.88
35.75;6.88
35.775;6.88
35.8;6.88
35.825;6.88
35.85;6.88
35.875;6.96
35.9;6.88
35.925;6.88
35.95;6.88
35.975;6.96
36;6.88
36.025;6.88
36.05;6.96
36.075;6.96
36.1;6.88
36.125;6.96
36.15;6.88
36.175;6.96
36.2;6.88
36.225;6.96
36.25;6.96
36.275;7.04
36.3;6.96
36.325;7.04
36.35;6.96
36.375;7.04
36.4;6.96
36.425;7.04
36.45;7.04
36.475;7.04
36.5;6.96
36.525;7.04
36.55;7.04
36.575;7.04
36.6;7.04
36.625;7.04
36.65;7.04
36.675;7.12
36.7;7.04
36.725;7.04
36.75;7.04
36.775;7.12
36.8;7.04
36.825;7.12
36.85;7.12
36.875;7.12
36.9;7.04
36.925;7.12
36.95;7.12
36.975;7.12
37;7.12
37.025;7.12
37.05;7.12
37.075;7.2
37.1;7.12
37.125;7.12
37.15;7.12
37.175;7.2
37.2;7.12
37.225;7.2
37.25;7.12
37.275;7.2
37.3;7.12
37.325;7.2
37.35;7.2
37.375;7.2
37.4;7.2
37.425;7.2
37.45;7.2
37.475;7.28
37.5;7.2
37.525;7.2
37.55;7.2
37.575;7.28
37.6;7.2
37.625;7.2
37.65;7.2
37.675;7.28
37.7;7.2
37.725;7.28
37.75;7.2
37.775;7.36
37.8;7.2
37.825;7.28
37.85;7.28
37.875;7.28
37.9;7.28
37.925;7.28
37.95;7.28
37.975;7.36
38;7.28
38.025;7.36
38.05;7.28
38.075;7.36
38.1;7.28
38.125;7.28
38.15;7.36
38.175;7.36
38.2;7.36
38.225;7.36
38.25;7.36
38.275;7.36
38.3;7.36
38.325;7.36
38.35;7.36
38.375;7.44
38.4;7.36
38.425;7.36
38.45;7.36
38.475;7.44
38.5;7.36
38.525;7.36
38.55;7.44
38.575;7.44
38.6;7.36
38.625;7.44
38.65;7.44
38.675;7.52
38.7;7.36
38.725;7.44
38.75;7.44
38.775;7.52
38.8;7.44
38.825;7.52
38.85;7.44
38.875;7.52
38.9;7.44
38.925;7.52
38.95;7.52
38.975;7.52
39;7.44
39.025;7.52
39.05;7.52
39.075;7.52
39.1;7.44
39.125;7.52
39.15;7.52
39.175;7.6
39.2;7.52
39.225;7.6
39.25;7.52
39.275;7.6
39.3;7.52
39.325;7.6
39.35;7.52
39.375;7.6
39.4;7.52
39.425;7.6
39.45;7.6
39.475;7.6
39.5;7.6
39.525;7.6
39.55;7.6
39.575;7.6
39.6;7.6
39.625;7.6
39.65;7.68
39.675;7.68
39.7;7.6
39.725;7.68
39.75;7.68
39.775;7.68
39.8;7.6
39.825;7.68
39.85;7.68
39.875;7.68
39.9;7.68
39.925;7.68
39.95;7.6
39.975;7.76
40;7.6
40.025;7.76
40.05;7.76
40.075;7.76
40.1;7.68
40.125;7.68
40.15;7.68
40.175;7.76
40.2;7.68
40.225;7.76
40.25;7.76
40.275;7.76
40.3;7.68
40.325;7.76
40.35;7.76
40.375;7.84
40.4;7.76
40.425;7.76
40.45;7.76
40.475;7.84
40.5;7.76
40.525;7.76
40.55;7.76
40.575;7.84
40.6;7.76
40.625;7.84
40.65;7.84
40.675;7.84
40.7;7.76
40.725;7.84
40.75;7.84
40.775;7.92
40.8;7.84
40.825;7.84
40.85;7.84
40.875;7.92
40.9;7.84
40.925;7.92
40.95;7.92
40.975;7.92
41;7.84
41.025;7.92
41.05;7.84
41.075;7.92
41.1;7.84
41.125;7.92
41.15;7.92
41.175;7.92
41.2;7.92
41.225;7.92
41.25;7.92
41.275;8
41.3;7.92
41.325;7.92
41.35;8
41.375;8
41.4;7.92
41.425;8
41.45;8
41.475;8
41.5;8
41.525;8
41.55;8
41.575;8.08
41.6;8
41.625;8
41.65;8
41.675;8.08
41.7;8
41.725;8
41.75;8
41.775;8.08
41.8;8
41.825;8.08
41.85;8.08
41.875;8.16
41.9;8.08
41.925;8.08
41.95;8.08
41.975;8.08
42;8.08
42.025;8.08
42.05;8.08
42.075;8.16
42.1;8.08
42.125;8.08
42.15;8.16
42.175;8.16
42.2;8.08
42.225;8.16
42.25;8.16
42.275;8.16
42.3;8.08
42.325;8.16
42.35;8.16
42.375;8.16
42.4;8.16
42.425;8.16
42.45;8.16
42.475;8.24
42.5;8.16
42.525;8.16
42.55;8.16
42.575;8.24
42.6;8.16
42.625;8.16
42.65;8.24
42.675;8.24
42.7;8.16
42.725;8.16
42.75;8.16
42.775;8.24
42.8;8.16
42.825;8.24
42.85;8.24
42.875;8.32
42.9;8.24
42.925;8.32
42.95;8.32
42.975;8.32
43;8.24
43.025;8.32
43.05;8.32
43.075;8.32
43.1;8.24
43.125;8.32
43.15;8.32
43.175;8.32
43.2;8.32
43.225;8.32
43.25;8.32
43.275;8.32
43.3;8.32
43.325;8.32
43.35;8.32
43.375;8.4
43.4;8.32
43.425;8.4
43.45;8.4
43.475;8.4
43.5;8.32
43.525;8.4
43.55;8.4
43.575;8.4
43.6;8.32
43.625;8.4
43.65;8.4
43.675;8.48
43.7;8.4
43.725;8.48
43.75;8.4
43.775;8.48
43.8;8.4
43.825;8.4
43.85;8.4
43.875;8.48
43.9;8.4
43.925;8.48
43.95;8.48
43.975;8.48
44;8.48
44.025;8.48
44.05;8.48
44.075;8.48
44.1;8.48
44.125;8.48
44.15;8.48
44.175;8.48
44.2;8.48
44.225;8.48
44.25;8.56
44.275;8.56
44.3;8.48
44.325;8.56
44.35;8.48
44.375;8.56
44.4;8.48
44.425;8.56
44.45;8.56
44.475;8.64
44.5;8.56
44.525;8.56
44.55;8.56
44.575;8.64
44.6;8.56
44.625;8.56
44.65;8.64
44.675;8.64
44.7;8.56
44.725;8.56
44.75;8.56
44.775;8.64
44.8;8.56
44.825;8.64
44.85;8.64
44.875;8.64
44.9;8.64
44.925;8.64
44.95;8.64
44.975;8.72
45;8.64
45.025;8.64
45.05;8.64
45.075;8.72
45.1;8.64
45.125;8.64
45.15;8.72
45.175;8.72
45.2;8.64
45.225;8.72
45.25;8.72
45.275;8.72
45.3;8.72
45.325;8.72
45.35;8.72
45.375;8.8
45.4;8.72
45.425;8.72
45.45;8.8
45.475;8.8
45.5;8.72
45.525;8.8
45.55;8.8
45.575;8.8
45.6;8.72
45.625;8.8
45.65;8.8
45.675;8.8
45.7;8.8
45.725;8.8
45.75;8.8
45.775;8.8
45.8;8.8
45.825;8.8
45.85;8.8
45.875;8.88
45.9;8.8
45.925;8.88
45.95;8.88
45.975;8.88
46;8.8
46.025;8.8
46.05;8.88
46.075;8.88
46.1;8.88
46.125;8.88
46.15;8.96
46.175;8.96
46.2;8.88
46.225;8.96
46.25;8.88
46.275;8.96
46.3;8.88
46.325;8.96
46.35;8.88
46.375;8.96
46.4;8.88
46.425;8.96
46.45;8.96
46.475;8.96
46.5;8.88
46.525;8.96
46.55;8.96
46.575;9.04
46.6;8.96
46.625;8.96
46.65;8.96
46.675;9.04
46.7;8.96
46.725;8.96
46.75;9.04
46.775;9.04
46.8;8.96
46.825;9.04
46.85;8.96
46.875;9.04
46.9;8.96
46.925;9.04
46.95;9.04
46.975;9.12
47;9.04
47.025;9.12
47.05;9.04
47.075;9.12
47.1;9.04
47.125;9.12
47.15;9.04
47.175;9.12
47.2;9.04
47.225;9.04
47.25;9.12
47.275;9.12
47.3;9.04
47.325;9.12
47.35;9.12
47.375;9.12
47.4;9.04
47.425;9.12
47.45;9.12
47.475;9.2
47.5;9.12
47.525;9.12
47.55;9.2
47.575;9.2
47.6;9.12
47.625;9.12
47.65;9.2
47.675;9.2
47.7;9.12
47.725;9.2
47.75;9.2
47.775;9.2
47.8;9.2
47.825;9.2
47.85;9.2
47.875;9.28
47.9;9.2
47.925;9.2
47.95;9.2
47.975;9.28
48;9.2
48.025;9.2
48.05;9.2
48.075;9.28
48.1;9.2
48.125;9.28
48.15;9.28
48.175;9.28
48.2;9.28
48.225;9.28
48.25;9.28
48.275;9.28
48.3;9.28
48.325;9.28
48.35;9.28
48.375;9.36
48.4;9.28
48.425;9.36
48.45;9.36
48.475;9.36
48.5;9.28
48.525;9.36
48.55;9.36
48.575;9.36
48.6;9.36
48.625;9.36
48.65;9.28
48.675;9.36
48.7;9.28
48.725;9.36
48.75;9.44
48.775;9.44
48.8;9.36
48.825;9.36
48.85;9.44
48.875;9.44
48.9;9.36
48.925;9.44
48.95;9.36
48.975;9.44
49;9.36
49.025;9.44
49.05;9.44
49.075;9.44
49.1;9.44
49.125;9.44
49.15;9.44
49.175;9.52
49.2;9.44
49.225;9.52
49.25;9.52
49.275;9.52
49.3;9.44
49.325;9.52
49.35;9.44
49.375;9.52
49.4;9.44
49.425;9.52
49.45;9.52
49.475;9.52
49.5;9.52
49.525;9.52
49.55;9.52
49.575;9.6
49.6;9.52
49.625;9.52
49.65;9.52
49.675;9.6
49.7;9.52
49.725;9.52
49.75;9.6
49.775;9.6
49.8;9.6
49.825;9.6
49.85;9.6
49.875;9.68
49.9;9.6
49.925;9.68
49.95;9.6
49.975;9.68
50;9.6
50.025;9.6
50.05;9.68
50.075;9.68
50.1;9.6
50.125;9.6
50.15;9.68
50.175;9.68
50.2;9.6
50.225;9.68
50.25;9.68
50.275;9.68
50.3;9.68
50.325;9.68
50.35;9.68
50.375;9.76
50.4;9.68
50.425;9.68
50.45;9.76
50.475;9.76
50.5;9.68
50.525;9.68
50.55;9.76
50.575;9.76
50.6;9.68
50.625;9.76
50.65;9.76
50.675;9.84
50.7;9.68
50.725;9.84
50.75;9.76
50.775;9.84
50.8;9.76
50.825;9.76
50.85;9.76
50.875;9.84
50.9;9.76
50.925;9.84
50.95;9.84
50.975;9.84
51;9.76
51.025;9.84
51.05;9.84
51.075;9.84
51.1;9.84
51.125;9.84
51.15;9.84
51.175;9.92
51.2;9.84
51.225;9.92
51.25;9.92
51.275;9.92
51.3;9.84
51.325;9.92
51.35;9.92
51.375;9.92
51.4;9.84
51.425;9.92
51.45;9.92
51.475;9.92
51.5;9.84
51.525;9.92
51.55;9.92
51.575;10
51.6;9.92
51.625;9.92
51.65;10
51.675;10
51.7;9.92
51.725;10
51.75;9.92
51.775;10
51.8;9.92
51.825;10
51.85;10
51.875;10
51.9;10
51.925;10
51.95;10
51.975;10.08
52;10
52.025;10.08
52.05;10
52.075;10.08
52.1;10
52.125;10.08
52.15;10.08
52.175;10.08
52.2;10
52.225;10.08
52.25;10.08
52.275;10.08
52.3;10.08
52.325;10.08
52.35;10.08
52.375;10.08
52.4;10.08
52.425;10.08
52.45;10.16
52.475;10.16
52.5;10.08
52.525;10.08
52.55;10.16
52.575;10.16
52.6;10.08
52.625;10.16
52.65;10.08
52.675;10.08
52.7;9.36
52.725;9.36
52.75;9.2
52.775;9.2
52.8;8.16
52.825;8.16
52.85;8.16
52.875;8.16
52.9;7.12
52.925;7.12
52.95;7.04
52.975;7.04
53;6.08
53.025;6.08
53.05;5.92
53.075;5.92
53.1;4.96
53.125;4.96
53.15;4.8
53.175;4.8
53.2;3.84
53.225;3.84
53.25;3.68
53.275;3.68
53.3;2.72
53.325;2.72
