# Oscilloscope file ./20170703_502446.bin
# Channel 1
Time / s;Voltage / V
0;0.08
0.025;0.08
0.05;0.08
0.075;0.16
0.1;0.08
0.125;0.08
0.15;0.08
0.175;0.08
0.2;0.08
0.225;0.08
0.25;0.08
0.275;0.08
0.3;0.08
0.325;0.08
0.35;0.08
0.375;0.08
0.4;0.08
0.425;0.08
0.45;0.08
0.475;0.16
0.5;0.08
0.525;0.08
0.55;0.08
0.575;0.08
0.6;0.08
0.625;0.08
0.65;0.08
0.675;0.08
0.7;0.08
0.725;0.08
0.75;0.08
0.775;0.08
0.8;0.08
0.825;0.08
0.85;0.08
0.875;0.08
0.9;0.08
0.925;0.08
0.95;0.08
0.975;0.08
1;0.08
1.025;0.08
1.05;0.08
1.075;0.08
1.1;0.08
1.125;0.08
1.15;0.08
1.175;0.16
1.2;0.08
1.225;0.08
1.25;0.08
1.275;0.16
1.3;0.08
1.325;0.16
1.35;0.16
1.375;0.16
1.4;0.08
1.425;0.16
1.45;0.08
1.475;0.16
1.5;0.08
1.525;0.16
1.55;0.16
1.575;0.16
1.6;0.16
1.625;0.16
1.65;0.16
1.675;0.24
1.7;0.16
1.725;0.24
1.75;0.16
1.775;0.24
1.8;0.16
1.825;0.24
1.85;0.24
1.875;0.24
1.9;0.24
1.925;0.24
1.95;0.24
1.975;0.24
2;0.24
2.025;0.24
2.05;0.24
2.075;0.32
2.1;0.24
2.125;0.24
2.15;0.32
2.175;0.32
2.2;0.24
2.225;0.32
2.25;0.32
2.275;0.32
2.3;0.24
2.325;0.32
2.35;0.32
2.375;0.4
2.4;0.32
2.425;0.32
2.45;0.32
2.475;0.4
2.5;0.32
2.525;0.4
2.55;0.32
2.575;0.4
2.6;0.32
2.625;0.32
2.65;0.4
2.675;0.4
2.7;0.32
2.725;0.4
2.75;0.4
2.775;0.4
2.8;0.4
2.825;0.4
2.85;0.4
2.875;0.4
2.9;0.4
2.925;0.4
2.95;0.4
2.975;0.48
3;0.4
3.025;0.4
3.05;0.48
3.075;0.48
3.1;0.4
3.125;0.48
3.15;0.48
3.175;0.48
3.2;0.4
3.225;0.48
3.25;0.48
3.275;0.48
3.3;0.48
3.325;0.48
3.35;0.48
3.375;0.56
3.4;0.48
3.425;0.56
3.45;0.56
3.475;0.56
3.5;0.48
3.525;0.56
3.55;0.56
3.575;0.56
3.6;0.56
3.625;0.56
3.65;0.56
3.675;0.64
3.7;0.56
3.725;0.56
3.75;0.64
3.775;0.64
3.8;0.56
3.825;0.64
3.85;0.56
3.875;0.64
3.9;0.56
3.925;0.64
3.95;0.64
3.975;0.64
4;0.64
4.025;0.64
4.05;0.64
4.075;0.72
4.1;0.64
4.125;0.72
4.15;0.64
4.175;0.72
4.2;0.64
4.225;0.64
4.25;0.72
4.275;0.72
4.3;0.64
4.325;0.72
4.35;0.72
4.375;0.72
4.4;0.72
4.425;0.72
4.45;0.72
4.475;0.72
4.5;0.72
4.525;0.72
4.55;0.72
4.575;0.8
4.6;0.72
4.625;0.72
4.65;0.8
4.675;0.8
4.7;0.72
4.725;0.8
4.75;0.8
4.775;0.8
4.8;0.72
4.825;0.8
4.85;0.8
4.875;0.8
4.9;0.8
4.925;0.8
4.95;0.8
4.975;0.88
5;0.8
5.025;0.8
5.05;0.8
5.075;0.88
5.1;0.8
5.125;0.88
5.15;0.88
5.175;0.88
5.2;0.88
5.225;0.88
5.25;0.88
5.275;0.88
5.3;0.88
5.325;0.88
5.35;0.88
5.375;0.96
5.4;0.88
5.425;0.88
5.45;0.96
5.475;0.96
5.5;0.88
5.525;0.96
5.55;0.88
5.575;0.96
5.6;0.88
5.625;0.96
5.65;0.96
5.675;1.04
5.7;0.96
5.725;1.04
5.75;0.96
5.775;1.04
5.8;0.96
5.825;0.96
5.85;1.04
5.875;1.04
5.9;0.96
5.925;0.96
5.95;0.96
5.975;1.04
6;0.96
6.025;1.04
6.05;1.04
6.075;1.04
6.1;1.04
6.125;1.04
6.15;1.12
6.175;1.12
6.2;1.04
6.225;1.12
6.25;1.04
6.275;1.12
6.3;1.04
6.325;1.04
6.35;1.12
6.375;1.12
6.4;1.04
6.425;1.12
6.45;1.12
6.475;1.12
6.5;1.12
6.525;1.12
6.55;1.12
6.575;1.2
6.6;1.12
6.625;1.2
6.65;1.12
6.675;1.2
6.7;1.12
6.725;1.12
6.75;1.2
6.775;1.2
6.8;1.12
6.825;1.12
6.85;1.2
6.875;1.2
6.9;1.2
6.925;1.2
6.95;1.2
6.975;1.2
7;1.2
7.025;1.2
7.05;1.2
7.075;1.28
7.1;1.2
7.125;1.2
7.15;1.28
7.175;1.28
7.2;1.2
7.225;1.28
7.25;1.28
7.275;1.28
7.3;1.28
7.325;1.28
7.35;1.28
7.375;1.36
7.4;1.28
7.425;1.28
7.45;1.28
7.475;1.36
7.5;1.28
7.525;1.28
7.55;1.28
7.575;1.36
7.6;1.28
7.625;1.28
7.65;1.36
7.675;1.36
7.7;1.36
7.725;1.36
7.75;1.36
7.775;1.36
7.8;1.36
7.825;1.36
7.85;1.36
7.875;1.44
7.9;1.36
7.925;1.36
7.95;1.36
7.975;1.44
8;1.36
8.025;1.36
8.05;1.44
8.075;1.44
8.1;1.44
8.125;1.44
8.15;1.44
8.175;1.44
8.2;1.44
8.225;1.44
8.25;1.44
8.275;1.52
8.3;1.36
8.325;1.44
8.35;1.52
8.375;1.52
8.4;1.44
8.425;1.52
8.45;1.52
8.475;1.52
8.5;1.44
8.525;1.52
8.55;1.52
8.575;1.6
8.6;1.52
8.625;1.52
8.65;1.52
8.675;1.6
8.7;1.52
8.725;1.6
8.75;1.52
8.775;1.6
8.8;1.52
8.825;1.6
8.85;1.6
8.875;1.6
8.9;1.52
8.925;1.6
8.95;1.6
8.975;1.6
9;1.6
9.025;1.6
9.05;1.6
9.075;1.68
9.1;1.6
9.125;1.68
9.15;1.6
9.175;1.68
9.2;1.6
9.225;1.68
9.25;1.6
9.275;1.68
9.3;1.6
9.325;1.68
9.35;1.68
9.375;1.68
9.4;1.68
9.425;1.68
9.45;1.68
9.475;1.76
9.5;1.68
9.525;1.76
9.55;1.68
9.575;1.76
9.6;1.68
9.625;1.76
9.65;1.68
9.675;1.76
9.7;1.68
9.725;1.76
9.75;1.68
9.775;1.76
9.8;1.68
9.825;1.76
9.85;1.76
9.875;1.76
9.9;1.76
9.925;1.76
9.95;1.76
9.975;1.84
10;1.76
10.025;1.76
10.05;1.76
10.075;1.84
10.1;1.76
10.125;1.84
10.15;1.84
10.175;1.84
10.2;1.84
10.225;1.84
10.25;1.84
10.275;1.84
10.3;1.84
10.325;1.84
10.35;1.84
10.375;1.92
10.4;1.84
10.425;1.92
10.45;1.84
10.475;1.92
10.5;1.84
10.525;1.92
10.55;1.92
10.575;1.92
10.6;1.92
10.625;1.92
10.65;1.92
10.675;1.92
10.7;1.92
10.725;1.92
10.75;1.92
10.775;2
10.8;1.92
10.825;2
10.85;1.92
10.875;2
10.9;1.92
10.925;2
10.95;2
10.975;2
11;1.92
11.025;2
11.05;2
11.075;2
11.1;2
11.125;2
11.15;2
11.175;2.08
11.2;2
11.225;2
11.25;2
11.275;2.08
11.3;2
11.325;2.08
11.35;2.08
11.375;2.08
11.4;2
11.425;2.08
11.45;2.08
11.475;2.08
11.5;2.08
11.525;2.08
11.55;2.08
11.575;2.16
11.6;2.08
11.625;2.08
11.65;2.08
11.675;2.16
11.7;2.08
11.725;2.16
11.75;2.08
11.775;2.16
11.8;2.08
11.825;2.16
11.85;2.16
11.875;2.16
11.9;2.16
11.925;2.16
11.95;2.16
11.975;2.24
12;2.16
12.025;2.24
12.05;2.24
12.075;2.24
12.1;2.16
12.125;2.16
12.15;2.24
12.175;2.24
12.2;2.16
12.225;2.24
12.25;2.24
12.275;2.24
12.3;2.16
12.325;2.24
12.35;2.24
12.375;2.24
12.4;2.24
12.425;2.24
12.45;2.24
12.475;2.32
12.5;2.24
12.525;2.32
12.55;2.32
12.575;2.32
12.6;2.24
12.625;2.32
12.65;2.32
12.675;2.32
12.7;2.32
12.725;2.32
12.75;2.32
12.775;2.32
12.8;2.32
12.825;2.32
12.85;2.32
12.875;2.4
12.9;2.32
12.925;2.4
12.95;2.4
12.975;2.4
13;2.32
13.025;2.4
13.05;2.4
13.075;2.4
13.1;2.4
13.125;2.4
13.15;2.4
13.175;2.4
13.2;2.4
13.225;2.4
13.25;2.4
13.275;2.48
13.3;2.4
13.325;2.4
13.35;2.4
13.375;2.48
13.4;2.4
13.425;2.48
13.45;2.48
13.475;2.48
13.5;2.48
13.525;2.48
13.55;2.48
13.575;2.56
13.6;2.4
13.625;2.48
13.65;2.48
13.675;2.56
13.7;2.48
13.725;2.56
13.75;2.56
13.775;2.56
13.8;2.48
13.825;2.48
13.85;2.48
13.875;2.56
13.9;2.48
13.925;2.56
13.95;2.56
13.975;2.56
14;2.56
14.025;2.56
14.05;2.56
14.075;2.64
14.1;2.56
14.125;2.56
14.15;2.64
14.175;2.64
14.2;2.56
14.225;2.64
14.25;2.64
14.275;2.64
14.3;2.56
14.325;2.64
14.35;2.64
14.375;2.64
14.4;2.64
14.425;2.64
14.45;2.64
14.475;2.72
14.5;2.64
14.525;2.72
14.55;2.64
14.575;2.72
14.6;2.64
14.625;2.72
14.65;2.64
14.675;2.72
14.7;2.64
14.725;2.72
14.75;2.72
14.775;2.8
14.8;2.72
14.825;2.72
14.85;2.72
14.875;2.8
14.9;2.72
14.925;2.72
14.95;2.8
14.975;2.8
15;2.72
15.025;2.8
15.05;2.8
15.075;2.8
15.1;2.8
15.125;2.8
15.15;2.8
15.175;2.8
15.2;2.8
15.225;2.8
15.25;2.8
15.275;2.88
15.3;2.8
15.325;2.8
15.35;2.88
15.375;2.88
15.4;2.8
15.425;2.88
15.45;2.88
15.475;2.88
15.5;2.8
15.525;2.88
15.55;2.88
15.575;2.88
15.6;2.88
15.625;2.88
15.65;2.88
15.675;2.96
15.7;2.88
15.725;2.88
15.75;2.96
15.775;2.96
15.8;2.88
15.825;2.96
15.85;2.88
15.875;2.96
15.9;2.88
15.925;2.96
15.95;2.96
15.975;2.96
16;2.96
16.025;2.96
16.05;2.96
16.075;3.04
16.1;2.96
16.125;2.96
16.15;3.04
16.175;3.04
16.2;2.96
16.225;2.96
16.25;3.04
16.275;3.04
16.3;2.96
16.325;3.04
16.35;3.04
16.375;3.04
16.4;3.04
16.425;3.04
16.45;3.04
16.475;3.12
16.5;3.04
16.525;3.04
16.55;3.04
16.575;3.12
16.6;3.04
16.625;3.12
16.65;3.12
16.675;3.12
16.7;3.04
16.725;3.12
16.75;3.12
16.775;3.12
16.8;3.12
16.825;3.12
16.85;3.12
16.875;3.12
16.9;3.12
16.925;3.12
16.95;3.12
16.975;3.2
17;3.12
17.025;3.2
17.05;3.12
17.075;3.2
17.1;3.12
17.125;3.2
17.15;3.2
17.175;3.2
17.2;3.12
17.225;3.2
17.25;3.2
17.275;3.2
17.3;3.2
17.325;3.2
17.35;3.2
17.375;3.28
17.4;3.2
17.425;3.28
17.45;3.2
17.475;3.28
17.5;3.2
17.525;3.28
17.55;3.28
17.575;3.28
17.6;3.2
17.625;3.28
17.65;3.28
17.675;3.36
17.7;3.28
17.725;3.36
17.75;3.28
17.775;3.28
17.8;3.28
17.825;3.28
17.85;3.28
17.875;3.36
17.9;3.28
17.925;3.36
17.95;3.36
17.975;3.36
18;3.28
18.025;3.36
18.05;3.36
18.075;3.36
18.1;3.36
18.125;3.36
18.15;3.36
18.175;3.44
18.2;3.36
18.225;3.36
18.25;3.36
18.275;3.44
18.3;3.36
18.325;3.44
18.35;3.36
18.375;3.44
18.4;3.36
18.425;3.44
18.45;3.36
18.475;3.44
18.5;3.36
18.525;3.44
18.55;3.44
18.575;3.52
18.6;3.44
18.625;3.44
18.65;3.44
18.675;3.52
18.7;3.44
18.725;3.44
18.75;3.44
18.775;3.52
18.8;3.44
18.825;3.52
18.85;3.52
18.875;3.52
18.9;3.52
18.925;3.52
18.95;3.52
18.975;3.52
19;3.52
19.025;3.52
19.05;3.52
19.075;3.6
19.1;3.52
19.125;3.6
19.15;3.52
19.175;3.6
19.2;3.52
19.225;3.6
19.25;3.6
19.275;3.6
19.3;3.6
19.325;3.6
19.35;3.6
19.375;3.6
19.4;3.6
19.425;3.6
19.45;3.6
19.475;3.68
19.5;3.6
19.525;3.6
19.55;3.6
19.575;3.68
19.6;3.6
19.625;3.68
19.65;3.68
19.675;3.68
19.7;3.68
19.725;3.68
19.75;3.68
19.775;3.68
19.8;3.68
19.825;3.68
19.85;3.68
19.875;3.76
19.9;3.68
19.925;3.76
19.95;3.68
19.975;3.76
20;3.68
20.025;3.76
20.05;3.76
20.075;3.76
20.1;3.68
20.125;3.76
20.15;3.76
20.175;3.76
20.2;3.76
20.225;3.76
20.25;3.84
20.275;3.84
20.3;3.76
20.325;3.84
20.35;3.84
20.375;3.84
20.4;3.76
20.425;3.84
20.45;3.84
20.475;3.84
20.5;3.76
20.525;3.84
20.55;3.84
20.575;3.84
20.6;3.76
20.625;3.84
20.65;3.84
20.675;3.84
20.7;3.84
20.725;3.84
20.75;3.84
20.775;3.92
20.8;3.84
20.825;3.92
20.85;3.92
20.875;3.92
20.9;3.84
20.925;3.92
20.95;3.92
20.975;3.92
21;3.84
21.025;3.92
21.05;3.92
21.075;4
21.1;3.92
21.125;3.92
21.15;3.92
21.175;4
21.2;3.92
21.225;4
21.25;4
21.275;4
21.3;3.92
21.325;4
21.35;4
21.375;4.08
21.4;4
21.425;4
21.45;4.08
21.475;4.08
21.5;4
21.525;4.08
21.55;4.08
21.575;4.08
21.6;4
21.625;4.08
21.65;4
21.675;4.08
21.7;4
21.725;4.08
21.75;4
21.775;4.16
21.8;4
21.825;4.08
21.85;4.08
21.875;4.08
21.9;4.08
21.925;4.08
21.95;4.08
21.975;4.16
22;4.08
22.025;4.08
22.05;4.16
22.075;4.16
22.1;4.08
22.125;4.16
22.15;4.16
22.175;4.16
22.2;4.08
22.225;4.16
22.25;4.16
22.275;4.24
22.3;4.16
22.325;4.24
22.35;4.16
22.375;4.24
22.4;4.16
22.425;4.24
22.45;4.16
22.475;4.24
22.5;4.16
22.525;4.24
22.55;4.24
22.575;4.24
22.6;4.16
22.625;4.24
22.65;4.24
22.675;4.24
22.7;4.24
22.725;4.24
22.75;4.24
22.775;4.32
22.8;4.24
22.825;4.32
22.85;4.32
22.875;4.32
22.9;4.24
22.925;4.32
22.95;4.32
22.975;4.32
23;4.32
23.025;4.32
23.05;4.32
23.075;4.32
23.1;4.32
23.125;4.32
23.15;4.32
23.175;4.4
23.2;4.32
23.225;4.32
23.25;4.32
23.275;4.4
23.3;4.32
23.325;4.4
23.35;4.32
23.375;4.4
23.4;4.32
23.425;4.4
23.45;4.4
23.475;4.48
23.5;4.4
23.525;4.4
23.55;4.4
23.575;4.48
23.6;4.4
23.625;4.4
23.65;4.4
23.675;4.48
23.7;4.4
23.725;4.48
23.75;4.4
23.775;4.48
23.8;4.4
23.825;4.48
23.85;4.48
23.875;4.56
23.9;4.48
23.925;4.48
23.95;4.48
23.975;4.56
24;4.48
24.025;4.56
24.05;4.48
24.075;4.56
24.1;4.48
24.125;4.56
24.15;4.56
24.175;4.56
24.2;4.48
24.225;4.56
24.25;4.56
24.275;4.56
24.3;4.56
24.325;4.56
24.35;4.56
24.375;4.64
24.4;4.56
24.425;4.56
24.45;4.56
24.475;4.64
24.5;4.56
24.525;4.56
24.55;4.56
24.575;4.72
24.6;4.56
24.625;4.64
24.65;4.64
24.675;4.64
24.7;4.64
24.725;4.64
24.75;4.64
24.775;4.72
24.8;4.64
24.825;4.72
24.85;4.72
24.875;4.72
24.9;4.64
24.925;4.64
24.95;4.72
24.975;4.72
25;4.64
25.025;4.72
25.05;4.72
25.075;4.72
25.1;4.72
25.125;4.72
25.15;4.72
25.175;4.8
25.2;4.72
25.225;4.72
25.25;4.72
25.275;4.8
25.3;4.72
25.325;4.72
25.35;4.8
25.375;4.8
25.4;4.72
25.425;4.8
25.45;4.8
25.475;4.8
25.5;4.72
25.525;4.8
25.55;4.8
25.575;4.8
25.6;4.8
25.625;4.8
25.65;4.8
25.675;4.88
25.7;4.8
25.725;4.88
25.75;4.8
25.775;4.88
25.8;4.8
25.825;4.88
25.85;4.88
25.875;4.88
25.9;4.88
25.925;4.88
25.95;4.88
25.975;4.88
26;4.88
26.025;4.88
26.05;4.88
26.075;4.96
26.1;4.88
26.125;4.88
26.15;4.96
26.175;4.96
26.2;4.88
26.225;4.96
26.25;4.96
26.275;4.96
26.3;4.96
26.325;4.96
26.35;4.96
26.375;5.04
26.4;4.96
26.425;5.04
26.45;4.96
26.475;4.96
26.5;4.96
26.525;4.96
26.55;4.96
26.575;5.04
26.6;4.96
26.625;5.04
26.65;4.96
26.675;5.04
26.7;4.96
26.725;5.04
26.75;4.96
26.775;5.04
26.8;4.96
26.825;5.04
26.85;5.04
26.875;5.04
26.9;5.04
26.925;5.04
26.95;5.04
26.975;5.12
27;5.04
27.025;5.04
27.05;5.12
27.075;5.12
27.1;5.12
27.125;5.12
27.15;5.12
27.175;5.12
27.2;5.12
27.225;5.12
27.25;5.12
27.275;5.12
27.3;5.12
27.325;5.12
27.35;5.2
27.375;5.2
27.4;5.12
27.425;5.2
27.45;5.2
27.475;5.2
27.5;5.12
27.525;5.2
27.55;5.2
27.575;5.28
27.6;5.2
27.625;5.28
27.65;5.2
27.675;5.28
27.7;5.2
27.725;5.2
27.75;5.2
27.775;5.28
27.8;5.2
27.825;5.2
27.85;5.2
27.875;5.28
27.9;5.2
27.925;5.28
27.95;5.28
27.975;5.28
28;5.28
28.025;5.28
28.05;5.28
28.075;5.36
28.1;5.28
28.125;5.28
28.15;5.28
28.175;5.36
28.2;5.28
28.225;5.28
28.25;5.36
28.275;5.36
28.3;5.28
28.325;5.28
28.35;5.36
28.375;5.36
28.4;5.36
28.425;5.36
28.45;5.36
28.475;5.36
28.5;5.36
28.525;5.36
28.55;5.44
28.575;5.44
28.6;5.36
28.625;5.36
28.65;5.44
28.675;5.44
28.7;5.36
28.725;5.44
28.75;5.44
28.775;5.44
28.8;5.36
28.825;5.44
28.85;5.44
28.875;5.44
28.9;5.44
28.925;5.44
28.95;5.44
28.975;5.52
29;5.44
29.025;5.44
29.05;5.44
29.075;5.52
29.1;5.44
29.125;5.52
29.15;5.52
29.175;5.52
29.2;5.44
29.225;5.52
29.25;5.52
29.275;5.52
29.3;5.52
29.325;5.52
29.35;5.52
29.375;5.6
29.4;5.52
29.425;5.6
29.45;5.6
29.475;5.6
29.5;5.52
29.525;5.52
29.55;5.52
29.575;5.6
29.6;5.52
29.625;5.6
29.65;5.6
29.675;5.6
29.7;5.6
29.725;5.6
29.75;5.68
29.775;5.68
29.8;5.6
29.825;5.68
29.85;5.6
29.875;5.68
29.9;5.6
29.925;5.68
29.95;5.6
29.975;5.68
30;5.6
30.025;5.68
30.05;5.68
30.075;5.76
30.1;5.68
30.125;5.68
30.15;5.68
30.175;5.68
30.2;5.68
30.225;5.68
30.25;5.68
30.275;5.76
30.3;5.68
30.325;5.68
30.35;5.76
30.375;5.76
30.4;5.68
30.425;5.76
30.45;5.76
30.475;5.76
30.5;5.76
30.525;5.76
30.55;5.76
30.575;5.84
30.6;5.76
30.625;5.76
30.65;5.84
30.675;5.84
30.7;5.76
30.725;5.84
30.75;5.84
30.775;5.84
30.8;5.76
30.825;5.84
30.85;5.84
30.875;5.84
30.9;5.76
30.925;5.84
30.95;5.84
30.975;5.84
31;5.84
31.025;5.84
31.05;5.84
31.075;5.92
31.1;5.84
31.125;5.84
31.15;5.84
31.175;5.92
31.2;5.84
31.225;5.92
31.25;5.92
31.275;5.92
31.3;5.84
31.325;5.92
31.35;5.92
31.375;6
31.4;5.92
31.425;6
31.45;5.92
31.475;6
31.5;5.92
31.525;6
31.55;5.92
31.575;6
31.6;5.92
31.625;6
31.65;6
31.675;6
31.7;5.92
31.725;6
31.75;6
31.775;6.08
31.8;6
31.825;6
31.85;6
31.875;6.08
31.9;6
31.925;6
31.95;6.08
31.975;6.08
32;6
32.025;6.08
32.05;6.08
32.075;6.08
32.1;6.08
32.125;6.08
32.15;6.08
32.175;6.08
32.2;6.08
32.225;6.08
32.25;6.08
32.275;6.16
32.3;6.08
32.325;6.08
32.35;6.08
32.375;6.16
32.4;6.08
32.425;6.08
32.45;6.16
32.475;6.16
32.5;6.08
32.525;6.16
32.55;6.16
32.575;6.16
32.6;6.16
32.625;6.16
32.65;6.16
32.675;6.24
32.7;6.16
32.725;6.24
32.75;6.16
32.775;6.24
32.8;6.16
32.825;6.24
32.85;6.24
32.875;6.24
32.9;6.24
32.925;6.24
32.95;6.24
32.975;6.24
33;6.24
33.025;6.24
33.05;6.24
33.075;6.32
33.1;6.24
33.125;6.24
33.15;6.24
33.175;6.32
33.2;6.24
33.225;6.32
33.25;6.24
33.275;6.32
33.3;6.24
33.325;6.32
33.35;6.32
33.375;6.32
33.4;6.32
33.425;6.32
33.45;6.32
33.475;6.4
33.5;6.32
33.525;6.32
33.55;6.4
33.575;6.4
33.6;6.32
33.625;6.4
33.65;6.32
33.675;6.4
33.7;6.32
33.725;6.4
33.75;6.4
33.775;6.4
33.8;6.4
33.825;6.4
33.85;6.4
33.875;6.4
33.9;6.4
33.925;6.4
33.95;6.4
33.975;6.48
34;6.4
34.025;6.4
34.05;6.48
34.075;6.48
34.1;6.4
34.125;6.48
34.15;6.48
34.175;6.48
34.2;6.4
34.225;6.48
34.25;6.48
34.275;6.56
34.3;6.48
34.325;6.48
34.35;6.48
34.375;6.48
34.4;6.48
34.425;6.48
34.45;6.56
34.475;6.56
34.5;6.48
34.525;6.56
34.55;6.56
34.575;6.56
34.6;6.56
34.625;6.56
34.65;6.56
34.675;6.64
34.7;6.56
34.725;6.56
34.75;6.56
34.775;6.64
34.8;6.56
34.825;6.64
34.85;6.64
34.875;6.64
34.9;6.56
34.925;6.64
34.95;6.64
34.975;6.64
35;6.64
35.025;6.64
35.05;6.64
35.075;6.64
35.1;6.64
35.125;6.64
35.15;6.64
35.175;6.72
35.2;6.64
35.225;6.72
35.25;6.72
35.275;6.72
35.3;6.64
35.325;6.72
35.35;6.72
35.375;6.72
35.4;6.64
35.425;6.72
35.45;6.72
35.475;6.72
35.5;6.72
35.525;6.72
35.55;6.72
35.575;6.8
35.6;6.72
35.625;6.8
35.65;6.8
35.675;6.8
35.7;6.72
35.725;6.8
35.75;6.8
35.775;6.8
35.8;6.8
35.825;6.8
35.85;6.8
35.875;6.8
35.9;6.8
35.925;6.8
35.95;6.8
35.975;6.88
36;6.8
36.025;6.8
36.05;6.8
36.075;6.88
36.1;6.8
36.125;6.88
36.15;6.8
36.175;6.88
36.2;6.8
36.225;6.88
36.25;6.88
36.275;6.96
36.3;6.88
36.325;6.88
36.35;6.88
36.375;6.96
36.4;6.88
36.425;6.88
36.45;6.96
36.475;6.96
36.5;6.88
36.525;6.96
36.55;6.96
36.575;6.96
36.6;6.88
36.625;6.96
36.65;6.96
36.675;6.96
36.7;6.96
36.725;6.96
36.75;6.96
36.775;6.96
36.8;6.96
36.825;6.96
36.85;7.04
36.875;7.04
36.9;6.96
36.925;6.96
36.95;7.04
36.975;7.04
37;6.96
37.025;6.96
37.05;7.04
37.075;7.04
37.1;7.04
37.125;7.04
37.15;7.04
37.175;7.04
37.2;7.04
37.225;7.04
37.25;7.04
37.275;7.12
37.3;7.04
37.325;7.04
37.35;7.04
37.375;7.12
37.4;7.04
37.425;7.12
37.45;7.12
37.475;7.12
37.5;7.12
37.525;7.12
37.55;7.12
37.575;7.2
37.6;7.12
37.625;7.12
37.65;7.12
37.675;7.2
37.7;7.12
37.725;7.2
37.75;7.2
37.775;7.2
37.8;7.12
37.825;7.2
37.85;7.2
37.875;7.2
37.9;7.12
37.925;7.2
37.95;7.2
37.975;7.28
38;7.2
38.025;7.28
38.05;7.2
38.075;7.28
38.1;7.2
38.125;7.28
38.15;7.2
38.175;7.28
38.2;7.2
38.225;7.2
38.25;7.2
38.275;7.28
38.3;7.2
38.325;7.28
38.35;7.28
38.375;7.28
38.4;7.28
38.425;7.28
38.45;7.28
38.475;7.36
38.5;7.28
38.525;7.36
38.55;7.28
38.575;7.36
38.6;7.28
38.625;7.36
38.65;7.36
38.675;7.36
38.7;7.36
38.725;7.36
38.75;7.36
38.775;7.36
38.8;7.36
38.825;7.36
38.85;7.36
38.875;7.44
38.9;7.36
38.925;7.36
38.95;7.36
38.975;7.44
39;7.36
39.025;7.44
39.05;7.44
39.075;7.44
39.1;7.36
39.125;7.44
39.15;7.44
39.175;7.44
39.2;7.44
39.225;7.44
39.25;7.44
39.275;7.44
39.3;7.44
39.325;7.44
39.35;7.44
39.375;7.52
39.4;7.44
39.425;7.44
39.45;7.44
39.475;7.52
39.5;7.44
39.525;7.52
39.55;7.52
39.575;7.6
39.6;7.52
39.625;7.52
39.65;7.52
39.675;7.52
39.7;7.52
39.725;7.52
39.75;7.6
39.775;7.6
39.8;7.52
39.825;7.6
39.85;7.52
39.875;7.6
39.9;7.52
39.925;7.6
39.95;7.6
39.975;7.6
40;7.6
40.025;7.6
40.05;7.6
40.075;7.68
40.1;7.6
40.125;7.6
40.15;7.6
40.175;7.68
40.2;7.6
40.225;7.6
40.25;7.68
40.275;7.68
40.3;7.6
40.325;7.68
40.35;7.68
40.375;7.68
40.4;7.68
40.425;7.68
40.45;7.68
40.475;7.68
40.5;7.68
40.525;7.68
40.55;7.68
40.575;7.76
40.6;7.68
40.625;7.76
40.65;7.76
40.675;7.76
40.7;7.68
40.725;7.76
40.75;7.68
40.775;7.76
40.8;7.68
40.825;7.76
40.85;7.76
40.875;7.76
40.9;7.76
40.925;7.76
40.95;7.76
40.975;7.84
41;7.76
41.025;7.84
41.05;7.76
41.075;7.84
41.1;7.76
41.125;7.84
41.15;7.84
41.175;7.84
41.2;7.84
41.225;7.84
41.25;7.84
41.275;7.92
41.3;7.84
41.325;7.84
41.35;7.84
41.375;7.92
41.4;7.84
41.425;7.84
41.45;7.84
41.475;7.92
41.5;7.84
41.525;7.92
41.55;7.92
41.575;7.92
41.6;7.92
41.625;7.92
41.65;7.92
41.675;8
41.7;7.92
41.725;7.92
41.75;7.92
41.775;7.92
41.8;7.92
41.825;7.92
41.85;7.92
41.875;8
41.9;7.92
41.925;7.92
41.95;8
41.975;8
42;7.92
42.025;8
42.05;8
42.075;8
42.1;8
42.125;8
42.15;8
42.175;8.08
42.2;8
42.225;8
42.25;8
42.275;8.08
42.3;8
42.325;8.08
42.35;8
42.375;8.08
42.4;8
42.425;8.08
42.45;8.08
42.475;8.08
42.5;8.08
42.525;8.08
42.55;8.08
42.575;8.16
42.6;8.08
42.625;8.08
42.65;8.08
42.675;8.16
42.7;8.08
42.725;8.16
42.75;8.16
42.775;8.16
42.8;8.08
42.825;8.16
42.85;8.16
42.875;8.16
42.9;8.16
42.925;8.16
42.95;8.24
42.975;8.24
43;8.16
43.025;8.16
43.05;8.16
43.075;8.24
43.1;8.16
43.125;8.24
43.15;8.24
43.175;8.24
43.2;8.16
43.225;8.24
43.25;8.24
43.275;8.24
43.3;8.24
43.325;8.24
43.35;8.24
43.375;8.24
43.4;8.24
43.425;8.24
43.45;8.24
43.475;8.32
43.5;8.24
43.525;8.24
43.55;8.32
43.575;8.32
43.6;8.24
43.625;8.32
43.65;8.32
43.675;8.32
43.7;8.32
43.725;8.32
43.75;8.32
43.775;8.32
43.8;8.32
43.825;8.32
43.85;8.32
43.875;8.4
43.9;8.32
43.925;8.4
43.95;8.4
43.975;8.4
44;8.32
44.025;8.4
44.05;8.4
44.075;8.4
44.1;8.4
44.125;8.4
44.15;8.4
44.175;8.48
44.2;8.4
44.225;8.4
44.25;8.4
44.275;8.48
44.3;8.4
44.325;8.4
44.35;8.48
44.375;8.48
44.4;8.4
44.425;8.48
44.45;8.48
44.475;8.48
44.5;8.4
44.525;8.48
44.55;8.56
44.575;8.56
44.6;8.48
44.625;8.48
44.65;8.48
44.675;8.56
44.7;8.48
44.725;8.48
44.75;8.56
44.775;8.56
44.8;8.48
44.825;8.56
44.85;8.56
44.875;8.56
44.9;8.56
44.925;8.56
44.95;8.56
44.975;8.56
45;8.56
45.025;8.56
45.05;8.56
45.075;8.64
45.1;8.56
45.125;8.56
45.15;8.64
45.175;8.64
45.2;8.56
45.225;8.64
45.25;8.64
45.275;8.64
45.3;8.56
45.325;8.64
45.35;8.64
45.375;8.72
45.4;8.64
45.425;8.64
45.45;8.64
45.475;8.72
45.5;8.64
45.525;8.64
45.55;8.72
45.575;8.72
45.6;8.64
45.625;8.72
45.65;8.64
45.675;8.72
45.7;8.64
45.725;8.72
45.75;8.72
45.775;8.72
45.8;8.64
45.825;8.72
45.85;8.8
45.875;8.8
45.9;8.72
45.925;8.72
45.95;8.8
45.975;8.8
46;8.72
46.025;8.8
46.05;8.8
46.075;8.8
46.1;8.72
46.125;8.8
46.15;8.8
46.175;8.8
46.2;8.8
46.225;8.8
46.25;8.8
46.275;8.88
46.3;8.8
46.325;8.8
46.35;8.8
46.375;8.88
46.4;8.8
46.425;8.88
46.45;8.88
46.475;8.88
46.5;8.8
46.525;8.88
46.55;8.88
46.575;8.88
46.6;8.88
46.625;8.88
46.65;8.88
46.675;8.96
46.7;8.88
46.725;8.88
46.75;8.88
46.775;8.96
46.8;8.88
46.825;8.96
46.85;8.96
46.875;8.96
46.9;8.88
46.925;8.96
46.95;8.96
46.975;8.96
47;8.96
47.025;8.96
47.05;8.96
47.075;9.04
47.1;8.96
47.125;8.96
47.15;8.96
47.175;9.04
47.2;8.96
47.225;8.96
47.25;8.96
47.275;9.04
47.3;8.96
47.325;8.96
47.35;9.04
47.375;9.04
47.4;8.96
47.425;9.04
47.45;9.04
47.475;9.04
47.5;9.04
47.525;9.04
47.55;9.04
47.575;9.04
47.6;9.04
47.625;9.04
47.65;9.12
47.675;9.12
47.7;9.04
47.725;9.04
47.75;9.12
47.775;9.12
47.8;9.04
47.825;9.12
47.85;9.12
47.875;9.12
47.9;9.12
47.925;9.12
47.95;9.12
47.975;9.2
48;9.12
48.025;9.12
48.05;9.12
48.075;9.2
48.1;9.12
48.125;9.2
48.15;9.2
48.175;9.2
48.2;9.12
48.225;9.2
48.25;9.2
48.275;9.2
48.3;9.2
48.325;9.2
48.35;9.2
48.375;9.28
48.4;9.2
48.425;9.2
48.45;9.2
48.475;9.28
48.5;9.2
48.525;9.28
48.55;9.28
48.575;9.28
48.6;9.28
48.625;9.28
48.65;9.2
48.675;9.28
48.7;9.2
48.725;9.28
48.75;9.28
48.775;9.36
48.8;9.28
48.825;9.28
48.85;9.28
48.875;9.36
48.9;9.28
48.925;9.28
48.95;9.36
48.975;9.36
49;9.28
49.025;9.36
49.05;9.36
49.075;9.44
49.1;9.36
49.125;9.36
49.15;9.36
49.175;9.36
49.2;9.36
49.225;9.36
49.25;9.36
49.275;9.44
49.3;9.36
49.325;9.36
49.35;9.36
49.375;9.44
49.4;9.36
49.425;9.44
49.45;9.44
49.475;9.44
49.5;9.44
49.525;9.44
49.55;9.44
49.575;9.52
49.6;9.44
49.625;9.52
49.65;9.44
49.675;9.52
49.7;9.44
49.725;9.44
49.75;9.52
49.775;9.52
49.8;9.44
49.825;9.52
49.85;9.52
49.875;9.6
49.9;9.52
49.925;9.52
49.95;9.52
49.975;9.6
50;9.52
50.025;9.52
50.05;9.52
50.075;9.6
50.1;9.52
50.125;9.52
50.15;9.52
50.175;9.6
50.2;9.52
50.225;9.6
50.25;9.6
50.275;9.6
50.3;9.6
50.325;9.6
50.35;9.6
50.375;9.68
50.4;9.6
50.425;9.6
50.45;9.6
50.475;9.68
50.5;9.6
50.525;9.6
50.55;9.68
50.575;9.68
50.6;9.6
50.625;9.6
50.65;9.68
50.675;9.68
50.7;9.6
50.725;9.68
50.75;9.68
50.775;9.68
50.8;9.68
50.825;9.68
50.85;9.68
50.875;9.76
50.9;9.68
50.925;9.68
50.95;9.76
50.975;9.76
51;9.68
51.025;9.68
51.05;9.76
51.075;9.76
51.1;9.68
51.125;9.76
51.15;9.76
51.175;9.76
51.2;9.76
51.225;9.76
51.25;9.76
51.275;9.84
51.3;9.76
51.325;9.76
51.35;9.84
51.375;9.84
51.4;9.76
51.425;9.76
51.45;9.84
51.475;9.84
51.5;9.76
51.525;9.84
51.55;9.84
51.575;9.84
51.6;9.76
51.625;9.84
51.65;9.92
51.675;9.92
51.7;9.84
51.725;9.84
51.75;9.84
51.775;9.92
51.8;9.84
51.825;9.92
51.85;9.92
51.875;9.92
51.9;9.84
51.925;9.84
51.95;9.92
51.975;9.92
52;9.92
52.025;9.92
52.05;9.92
52.075;10
52.1;9.92
52.125;9.92
52.15;9.92
52.175;10
52.2;9.92
52.225;10
52.25;9.92
52.275;10
52.3;9.92
52.325;10
52.35;10
52.375;10
52.4;10
52.425;10
52.45;10
52.475;10
52.5;10
52.525;10
52.55;10
52.575;10.08
52.6;10
52.625;10.08
52.65;10
52.675;10.08
52.7;10
52.725;10
52.75;10
52.775;10.08
52.8;10
52.825;10.08
52.85;10.08
52.875;10.08
52.9;10.08
52.925;10.08
52.95;10.16
52.975;10.16
53;10.08
53.025;10.16
53.05;10.08
53.075;10.16
53.1;10.08
53.125;10.08
53.15;10.08
53.175;10.16
53.2;9.44
53.225;9.44
53.25;9.36
53.275;9.36
53.3;8.4
53.325;8.4
53.35;8.32
53.375;8.32
53.4;7.28
53.425;7.28
53.45;7.12
53.475;7.12
53.5;6.16
53.525;6.16
53.55;6.08
53.575;6.08
53.6;5.12
53.625;5.12
53.65;4.96
53.675;13.12
53.7;4.16
53.725;13.12
