# Oscilloscope file ./20170703_492957.bin
# Channel 2
Time / s;Voltage / V
0;0.52
0.025;0.56
0.05;0.56
0.075;0.52
0.1;0.56
0.125;0.52
0.15;0.56
0.175;0.52
0.2;0.52
0.225;0.56
0.25;0.6
0.275;0.56
0.3;0.56
0.325;0.56
0.35;0.56
0.375;0.56
0.4;0.56
0.425;0.56
0.45;0.6
0.475;0.56
0.5;0.6
0.525;0.6
0.55;0.6
0.575;0.56
0.6;0.56
0.625;0.6
0.65;0.6
0.675;0.56
0.7;0.6
0.725;0.56
0.75;0.6
0.775;0.56
0.8;0.6
0.825;0.6
0.85;0.6
0.875;0.6
0.9;0.6
0.925;0.6
0.95;0.64
0.975;0.6
1;0.6
1.025;0.6
1.05;0.64
1.075;0.6
1.1;0.6
1.125;0.6
1.15;0.64
1.175;0.6
1.2;0.6
1.225;0.64
1.25;0.64
1.275;0.6
1.3;0.64
1.325;0.64
1.35;0.64
1.375;0.6
1.4;0.64
1.425;0.64
1.45;0.64
1.475;0.64
1.5;0.64
1.525;0.64
1.55;0.68
1.575;0.64
1.6;0.68
1.625;0.68
1.65;0.68
1.675;0.64
1.7;0.68
1.725;0.68
1.75;0.68
1.775;0.68
1.8;0.68
1.825;0.68
1.85;0.72
1.875;0.68
1.9;0.72
1.925;0.72
1.95;0.72
1.975;0.68
2;0.72
2.025;0.68
2.05;0.72
2.075;0.68
2.1;0.72
2.125;0.72
2.15;0.72
2.175;0.68
2.2;0.72
2.225;0.72
2.25;0.72
2.275;0.72
2.3;0.72
2.325;0.72
2.35;0.76
2.375;0.72
2.4;0.76
2.425;0.72
2.45;0.76
2.475;0.72
2.5;0.76
2.525;0.76
2.55;0.76
2.575;0.72
2.6;0.76
2.625;0.76
2.65;0.76
2.675;0.76
2.7;0.76
2.725;0.8
2.75;0.8
2.775;0.76
2.8;0.76
2.825;0.76
2.85;0.8
2.875;0.76
2.9;0.8
2.925;0.76
2.95;0.8
2.975;0.76
3;0.8
3.025;0.8
3.05;0.8
3.075;0.8
3.1;0.8
3.125;0.8
3.15;0.84
3.175;0.8
3.2;0.84
3.225;0.8
3.25;0.84
3.275;0.8
3.3;0.84
3.325;0.84
3.35;0.84
3.375;0.84
3.4;0.84
3.425;0.84
3.45;0.88
3.475;0.84
3.5;0.84
3.525;0.84
3.55;0.88
3.575;0.84
3.6;0.88
3.625;0.88
3.65;0.88
3.675;0.88
3.7;0.88
3.725;0.84
3.75;0.92
3.775;0.84
3.8;0.92
3.825;0.92
3.85;0.96
3.875;0.88
3.9;0.92
3.925;0.92
3.95;0.96
3.975;0.92
4;0.96
4.025;0.92
4.05;0.96
4.075;0.92
4.1;0.92
4.125;0.92
4.15;0.96
4.175;0.92
4.2;0.96
4.225;0.96
4.25;1
4.275;0.92
4.3;0.96
4.325;0.96
4.35;1
4.375;0.96
4.4;0.96
4.425;1
4.45;1
4.475;0.96
4.5;1
4.525;1
4.55;1.04
4.575;1
4.6;1
4.625;1
4.65;1.04
4.675;1
4.7;1.04
4.725;1.04
4.75;1.04
4.775;1.04
4.8;1.04
4.825;1.04
4.85;1.08
4.875;1.04
4.9;1.04
4.925;1.08
4.95;1.08
4.975;1.04
5;1.04
5.025;1.08
5.05;1.08
5.075;1.04
5.1;1.08
5.125;1.08
5.15;1.08
5.175;1.08
5.2;1.08
5.225;1.12
5.25;1.16
5.275;1.08
5.3;1.16
5.325;1.12
5.35;1.16
5.375;1.12
5.4;1.16
5.425;1.16
5.45;1.2
5.475;1.16
5.5;1.16
5.525;1.2
5.55;1.24
5.575;1.2
5.6;1.2
5.625;1.2
5.65;1.24
5.675;1.2
5.7;1.24
5.725;1.24
5.75;1.28
5.775;1.24
5.8;1.28
5.825;1.28
5.85;1.28
5.875;1.28
5.9;1.28
5.925;1.28
5.95;1.32
5.975;1.28
6;1.32
6.025;1.32
6.05;1.36
6.075;1.32
6.1;1.32
6.125;1.32
6.15;1.36
6.175;1.32
6.2;1.36
6.225;1.4
6.25;1.4
6.275;1.36
6.3;1.4
6.325;1.4
6.35;1.44
6.375;1.4
6.4;1.44
6.425;1.44
6.45;1.44
6.475;1.4
6.5;1.44
6.525;1.44
6.55;1.48
6.575;1.44
6.6;1.48
6.625;1.48
6.65;1.52
6.675;1.44
6.7;1.48
6.725;1.52
6.75;1.56
6.775;1.52
6.8;1.56
6.825;1.52
6.85;1.56
6.875;1.52
6.9;1.56
6.925;1.56
6.95;1.56
6.975;1.52
7;1.52
7.025;1.56
7.05;1.56
7.075;1.52
7.1;1.56
7.125;1.56
7.15;1.56
7.175;1.56
7.2;1.56
7.225;1.56
7.25;1.56
7.275;1.56
7.3;1.56
7.325;1.56
7.35;1.6
7.375;1.56
7.4;1.6
7.425;1.56
7.45;1.64
7.475;1.56
7.5;1.6
7.525;1.6
7.55;1.64
7.575;1.6
7.6;1.64
7.625;1.64
7.65;1.68
7.675;1.64
7.7;1.68
7.725;1.68
7.75;1.72
7.775;1.68
7.8;1.72
7.825;1.72
7.85;1.76
7.875;1.72
7.9;1.76
7.925;1.72
7.95;1.8
7.975;1.72
8;1.8
8.025;1.8
8.05;1.8
8.075;1.76
8.1;1.8
8.125;1.76
8.15;1.84
8.175;1.76
8.2;1.8
8.225;1.84
8.25;1.84
8.275;1.8
8.3;1.84
8.325;1.84
8.35;1.88
8.375;1.84
8.4;1.88
8.425;1.88
8.45;1.92
8.475;1.88
8.5;1.92
8.525;1.88
8.55;1.92
8.575;1.88
8.6;1.92
8.625;1.92
8.65;1.96
8.675;1.92
8.7;1.96
8.725;1.96
8.75;1.96
8.775;1.92
8.8;1.96
8.825;1.96
8.85;2
8.875;1.96
8.9;2
8.925;2
8.95;2
8.975;1.96
9;2
9.025;2
9.05;2.04
9.075;2
9.1;2.04
9.125;2.04
9.15;2.04
9.175;2
9.2;2.04
9.225;2.08
9.25;2.08
9.275;2.04
9.3;2.08
9.325;2.08
9.35;2.12
9.375;2.08
9.4;2.12
9.425;2.08
9.45;2.12
9.475;2.08
9.5;2.12
9.525;2.12
9.55;2.16
9.575;2.12
9.6;2.16
9.625;2.16
9.65;2.16
9.675;2.12
9.7;2.16
9.725;2.16
9.75;2.2
9.775;2.16
9.8;2.2
9.825;2.16
9.85;2.2
9.875;2.16
9.9;2.2
9.925;2.2
9.95;2.24
9.975;2.2
10;2.24
10.025;2.24
10.05;2.24
10.075;2.2
10.1;2.24
10.125;2.24
10.15;2.28
10.175;2.24
10.2;2.24
10.225;2.24
10.25;2.28
10.275;2.24
10.3;2.28
10.325;2.32
10.35;2.32
10.375;2.28
10.4;2.28
10.425;2.32
10.45;2.32
10.475;2.28
10.5;2.32
10.525;2.32
10.55;2.36
10.575;2.32
10.6;2.36
10.625;2.36
10.65;2.36
10.675;2.32
10.7;2.36
10.725;2.36
10.75;2.36
10.775;2.32
10.8;2.36
10.825;2.36
10.85;2.36
10.875;2.36
10.9;2.36
10.925;2.36
10.95;2.4
10.975;2.36
11;2.4
11.025;2.4
11.05;2.44
11.075;2.4
11.1;2.4
11.125;2.44
11.15;2.44
11.175;2.4
11.2;2.44
11.225;2.44
11.25;2.48
11.275;2.44
11.3;2.44
11.325;2.44
11.35;2.48
11.375;2.44
11.4;2.48
11.425;2.48
11.45;2.52
11.475;2.48
11.5;2.52
11.525;2.48
11.55;2.52
11.575;2.48
11.6;2.52
11.625;2.48
11.65;2.52
11.675;2.48
11.7;2.52
11.725;2.52
11.75;2.56
11.775;2.52
11.8;2.52
11.825;2.56
11.85;2.56
11.875;2.52
11.9;2.56
11.925;2.56
11.95;2.6
11.975;2.56
12;2.56
12.025;2.6
12.05;2.6
12.075;2.6
12.1;2.6
12.125;2.6
12.15;2.64
12.175;2.6
12.2;2.64
12.225;2.64
12.25;2.68
12.275;2.64
12.3;2.68
12.325;2.64
12.35;2.68
12.375;2.64
12.4;2.68
12.425;2.68
12.45;2.72
12.475;2.68
12.5;2.72
12.525;2.68
12.55;2.72
12.575;2.68
12.6;2.72
12.625;2.72
12.65;2.76
12.675;2.72
12.7;2.76
12.725;2.76
12.75;2.8
12.775;2.76
12.8;2.8
12.825;2.76
12.85;2.84
12.875;2.76
12.9;2.8
12.925;2.8
12.95;2.84
12.975;2.8
13;2.84
13.025;2.84
13.05;2.88
13.075;2.8
13.1;2.84
13.125;2.84
13.15;2.88
13.175;2.84
13.2;2.88
13.225;2.88
13.25;2.88
13.275;2.84
13.3;2.88
13.325;2.88
13.35;2.88
13.375;2.84
13.4;2.88
13.425;2.84
13.45;2.88
13.475;2.84
13.5;2.88
13.525;2.88
13.55;2.88
13.575;2.88
13.6;2.88
13.625;2.88
13.65;2.88
13.675;2.88
13.7;2.88
13.725;2.88
13.75;2.92
13.775;2.88
13.8;2.88
13.825;2.92
13.85;2.92
13.875;2.92
13.9;2.92
13.925;2.96
13.95;2.96
13.975;2.92
14;2.96
14.025;2.92
14.05;2.96
14.075;2.92
14.1;2.96
14.125;2.96
14.15;3
14.175;2.96
14.2;2.96
14.225;2.96
14.25;3
14.275;2.96
14.3;3
14.325;3
14.35;3.04
14.375;3
14.4;3
14.425;3
14.45;3.04
14.475;3
14.5;3.04
14.525;3.04
14.55;3.08
14.575;3.04
14.6;3.08
14.625;3.08
14.65;3.08
14.675;3.04
14.7;3.08
14.725;3.04
14.75;3.08
14.775;3.04
14.8;3.08
14.825;3.08
14.85;3.12
14.875;3.08
14.9;3.08
14.925;3.08
14.95;3.12
14.975;3.08
15;3.12
15.025;3.12
15.05;3.12
15.075;3.12
15.1;3.12
15.125;3.12
15.15;3.16
15.175;3.12
15.2;3.16
15.225;3.12
15.25;3.16
15.275;3.12
15.3;3.16
15.325;3.16
15.35;3.16
15.375;3.16
15.4;3.16
15.425;3.16
15.45;3.2
15.475;3.16
15.5;3.2
15.525;3.16
15.55;3.2
15.575;3.16
15.6;3.2
15.625;3.2
15.65;3.2
15.675;3.2
15.7;3.2
15.725;3.2
15.75;3.24
15.775;3.2
15.8;3.2
15.825;3.24
15.85;3.24
15.875;3.2
15.9;3.24
15.925;3.24
15.95;3.28
15.975;3.24
16;3.28
16.025;3.28
16.05;3.28
16.075;3.24
16.1;3.28
16.125;3.28
16.15;3.28
16.175;3.28
16.2;3.28
16.225;3.28
16.25;3.32
16.275;3.28
16.3;3.28
16.325;3.28
16.35;3.32
16.375;3.28
16.4;3.32
16.425;3.32
16.45;3.36
16.475;3.32
16.5;3.32
16.525;3.36
16.55;3.36
16.575;3.32
16.6;3.36
16.625;3.36
16.65;3.4
16.675;3.36
16.7;3.4
16.725;3.4
16.75;3.44
16.775;3.4
16.8;3.4
16.825;3.4
16.85;3.48
16.875;3.4
16.9;3.44
16.925;3.44
16.95;3.48
16.975;3.44
17;3.44
17.025;3.44
17.05;3.48
17.075;3.44
17.1;3.48
17.125;3.48
17.15;3.48
17.175;3.48
17.2;3.48
17.225;3.48
17.25;3.52
17.275;3.48
17.3;3.52
17.325;3.52
17.35;3.56
17.375;3.52
17.4;3.56
17.425;3.56
17.45;3.56
17.475;3.52
17.5;3.56
17.525;3.56
17.55;3.6
17.575;3.56
17.6;3.6
17.625;3.56
17.65;3.64
17.675;3.56
17.7;3.6
17.725;3.64
17.75;3.64
17.775;3.64
17.8;3.64
17.825;3.64
17.85;3.68
17.875;3.64
17.9;3.68
17.925;3.68
17.95;3.68
17.975;3.64
18;3.68
18.025;3.68
18.05;3.72
18.075;3.68
18.1;3.72
18.125;3.72
18.15;3.76
18.175;3.72
18.2;3.76
18.225;3.72
18.25;3.76
18.275;3.72
18.3;3.76
18.325;3.76
18.35;3.8
18.375;3.76
18.4;3.76
18.425;3.76
18.45;3.8
18.475;3.76
18.5;3.8
18.525;3.8
18.55;3.84
18.575;3.8
18.6;3.84
18.625;3.84
18.65;3.88
18.675;3.84
18.7;3.88
18.725;3.88
18.75;3.88
18.775;3.88
18.8;3.88
18.825;3.88
18.85;3.92
18.875;3.88
18.9;3.88
18.925;3.92
18.95;3.92
18.975;3.92
19;3.92
19.025;3.92
19.05;3.96
19.075;3.92
19.1;3.92
19.125;3.96
19.15;4
19.175;3.96
19.2;3.96
19.225;4
19.25;4
19.275;3.96
19.3;4
19.325;4
19.35;4.04
19.375;4
19.4;4
19.425;4.04
19.45;4.04
19.475;4
19.5;4.04
19.525;4.04
19.55;4.04
19.575;4.04
19.6;4.04
19.625;4.04
19.65;4.08
19.675;4.04
19.7;4.08
19.725;4.08
19.75;4.08
19.775;4.08
19.8;4.08
19.825;4.08
19.85;4.12
19.875;4.08
19.9;4.12
19.925;4.12
19.95;4.12
19.975;4.12
20;4.12
20.025;4.12
20.05;4.16
20.075;4.12
20.1;4.16
20.125;4.16
20.15;4.16
20.175;4.12
20.2;4.16
20.225;4.16
20.25;4.2
20.275;4.16
20.3;4.16
20.325;4.16
20.35;4.2
20.375;4.16
20.4;4.2
20.425;4.2
20.45;4.2
20.475;4.16
20.5;4.2
20.525;4.2
20.55;4.24
20.575;4.2
20.6;4.24
20.625;4.2
20.65;4.24
20.675;4.2
20.7;4.24
20.725;4.24
20.75;4.28
20.775;4.2
20.8;4.2
20.825;4.24
20.85;4.24
20.875;4.2
20.9;4.24
20.925;4.24
20.95;4.24
20.975;4.24
21;4.24
21.025;4.24
21.05;4.28
21.075;4.24
21.1;4.24
21.125;4.28
21.15;4.28
21.175;4.24
21.2;4.24
21.225;4.28
21.25;4.28
21.275;4.24
21.3;4.28
21.325;4.28
21.35;4.28
21.375;4.24
21.4;4.28
21.425;4.24
21.45;4.28
21.475;4.24
21.5;4.28
21.525;4.24
21.55;4.28
21.575;4.24
21.6;4.28
21.625;4.28
21.65;4.28
21.675;4.24
21.7;4.28
21.725;4.28
21.75;4.28
21.775;4.28
21.8;4.28
21.825;4.28
21.85;4.32
21.875;4.28
21.9;4.32
21.925;4.32
21.95;4.32
21.975;4.28
22;4.32
22.025;4.32
22.05;4.32
22.075;4.32
22.1;4.32
22.125;4.32
22.15;4.32
22.175;4.32
22.2;4.32
22.225;4.28
22.25;4.36
22.275;4.28
22.3;4.32
22.325;4.32
22.35;4.36
22.375;4.32
22.4;4.32
22.425;4.36
22.45;4.36
22.475;4.32
22.5;4.36
22.525;4.36
22.55;4.36
22.575;4.36
22.6;4.36
22.625;4.36
22.65;4.36
22.675;4.36
22.7;4.36
22.725;4.36
22.75;4.4
22.775;4.36
22.8;4.36
22.825;4.36
22.85;4.4
22.875;4.36
22.9;4.4
22.925;4.36
22.95;4.4
22.975;4.36
23;4.4
23.025;4.4
23.05;4.4
23.075;4.4
23.1;4.4
23.125;4.4
23.15;4.44
23.175;4.4
23.2;4.44
23.225;4.4
23.25;4.44
23.275;4.4
23.3;4.4
23.325;4.4
23.35;4.44
23.375;4.4
23.4;4.44
23.425;4.4
23.45;4.4
23.475;4.4
23.5;4.4
23.525;4.44
23.55;4.44
23.575;4.4
23.6;4.44
23.625;4.44
23.65;4.44
23.675;4.4
23.7;4.44
23.725;4.44
23.75;4.44
23.775;4.4
23.8;4.44
23.825;4.44
23.85;4.44
23.875;4.4
23.9;4.44
23.925;4.44
23.95;4.48
23.975;4.44
24;4.44
24.025;4.44
24.05;4.48
24.075;4.44
24.1;4.44
24.125;4.44
24.15;4.48
24.175;4.44
24.2;4.48
24.225;4.48
24.25;4.48
24.275;4.44
24.3;4.48
24.325;4.48
24.35;4.52
24.375;4.48
24.4;4.48
24.425;4.48
24.45;4.48
24.475;4.48
24.5;4.48
24.525;4.52
24.55;4.52
24.575;4.48
24.6;4.48
24.625;4.52
24.65;4.52
24.675;4.48
24.7;4.52
24.725;4.48
24.75;4.52
24.775;4.48
24.8;4.52
24.825;4.52
24.85;4.56
24.875;4.48
24.9;4.52
24.925;4.52
24.95;4.56
24.975;4.52
25;4.56
25.025;4.56
25.05;4.56
25.075;4.52
25.1;4.56
25.125;4.56
25.15;4.56
25.175;4.56
25.2;4.56
25.225;4.56
25.25;4.6
25.275;4.56
25.3;4.56
25.325;4.6
25.35;4.6
25.375;4.56
25.4;4.6
25.425;4.6
25.45;4.6
25.475;4.6
25.5;4.6
25.525;4.6
25.55;4.64
25.575;4.6
25.6;4.6
25.625;4.6
25.65;4.64
25.675;4.6
25.7;4.6
25.725;4.6
25.75;4.64
25.775;4.6
25.8;4.64
25.825;4.6
25.85;4.64
25.875;4.6
25.9;4.64
25.925;4.64
25.95;4.68
25.975;4.64
26;4.64
26.025;4.64
26.05;4.68
26.075;4.64
26.1;4.68
26.125;4.64
26.15;4.68
26.175;4.64
26.2;4.64
26.225;4.68
26.25;4.68
26.275;4.64
26.3;4.68
26.325;4.72
26.35;4.72
26.375;4.68
26.4;4.68
26.425;4.72
26.45;4.72
26.475;4.68
26.5;4.72
26.525;4.68
26.55;4.72
26.575;4.68
26.6;4.72
26.625;4.72
26.65;4.72
26.675;4.68
26.7;4.72
26.725;4.72
26.75;4.72
26.775;4.72
26.8;4.72
26.825;4.72
26.85;4.76
26.875;4.72
26.9;4.72
26.925;4.72
26.95;4.76
26.975;4.72
27;4.76
27.025;4.72
27.05;4.76
27.075;4.72
27.1;4.76
27.125;4.72
27.15;4.76
27.175;4.72
27.2;4.72
27.225;4.76
27.25;4.76
27.275;4.72
27.3;4.76
27.325;4.76
27.35;4.76
27.375;4.76
27.4;4.76
27.425;4.76
27.45;4.8
27.475;4.76
27.5;4.8
27.525;4.8
27.55;4.8
27.575;4.76
27.6;4.8
27.625;4.8
27.65;4.8
27.675;4.76
27.7;4.8
27.725;4.76
27.75;4.8
27.775;4.76
27.8;4.76
27.825;4.8
27.85;4.8
27.875;4.76
27.9;4.8
27.925;4.76
27.95;4.8
27.975;4.76
28;4.8
28.025;4.76
28.05;4.8
28.075;4.76
28.1;4.76
28.125;4.8
28.15;4.8
28.175;4.76
28.2;4.8
28.225;4.8
28.25;4.8
28.275;4.8
28.3;4.8
28.325;4.8
28.35;4.84
28.375;4.8
28.4;4.84
28.425;4.84
28.45;4.84
28.475;4.8
28.5;4.8
28.525;4.84
28.55;4.84
28.575;4.8
28.6;4.84
28.625;4.84
28.65;4.84
28.675;4.8
28.7;4.84
28.725;4.84
28.75;4.88
28.775;4.84
28.8;4.88
28.825;4.84
28.85;4.88
28.875;4.84
28.9;4.84
28.925;4.88
28.95;4.88
28.975;4.84
29;4.88
29.025;4.88
29.05;4.88
29.075;4.84
29.1;4.88
29.125;4.88
29.15;4.92
29.175;4.88
29.2;4.92
29.225;4.92
29.25;4.92
29.275;4.88
29.3;4.88
29.325;4.92
29.35;4.92
29.375;4.88
29.4;4.88
29.425;4.92
29.45;4.92
29.475;4.92
29.5;4.92
29.525;4.92
29.55;4.92
29.575;4.92
29.6;4.92
29.625;4.96
29.65;4.96
29.675;4.92
29.7;4.92
29.725;4.96
29.75;4.96
29.775;4.92
29.8;4.96
29.825;4.96
29.85;4.96
29.875;4.96
29.9;4.96
29.925;4.96
29.95;5
29.975;4.96
30;5
30.025;4.96
30.05;5
30.075;4.96
30.1;5
30.125;4.96
30.15;5.04
30.175;4.96
30.2;5
30.225;5.04
30.25;5.04
30.275;5
30.3;5.04
30.325;5
30.35;5.04
30.375;5
30.4;5.04
30.425;5.04
30.45;5.08
30.475;5.04
30.5;5.08
30.525;5.08
30.55;5.12
30.575;5.08
30.6;5.12
30.625;5.08
30.65;5.12
30.675;5.08
30.7;5.12
30.725;5.12
30.75;5.16
30.775;5.12
30.8;5.12
30.825;5.12
30.85;5.16
30.875;5.12
30.9;5.16
30.925;5.16
30.95;5.16
30.975;5.16
31;5.16
31.025;5.16
31.05;5.16
31.075;5.16
31.1;5.16
31.125;5.16
31.15;5.2
31.175;5.16
31.2;5.16
31.225;5.12
31.25;5.2
31.275;5.12
31.3;5.16
31.325;5.16
31.35;5.2
31.375;5.16
31.4;5.2
31.425;5.2
31.45;5.2
31.475;5.16
31.5;5.2
31.525;5.16
31.55;5.2
31.575;5.16
31.6;5.2
31.625;5.16
31.65;5.2
31.675;5.16
31.7;5.2
31.725;5.2
31.75;5.2
31.775;5.2
31.8;5.2
31.825;5.2
31.85;5.24
31.875;5.2
31.9;5.2
31.925;5.2
31.95;5.24
31.975;5.2
32;5.24
32.025;5.2
32.05;5.24
32.075;5.2
32.1;5.24
32.125;5.24
32.15;5.24
32.175;5.2
32.2;5.24
32.225;5.24
32.25;5.24
32.275;5.24
32.3;5.24
32.325;5.24
32.35;5.28
32.375;5.24
32.4;5.28
32.425;5.28
32.45;5.32
32.475;5.24
32.5;5.28
32.525;5.28
32.55;5.28
32.575;5.28
32.6;5.28
32.625;5.28
32.65;5.32
32.675;5.28
32.7;5.32
32.725;5.32
32.75;5.32
32.775;5.28
32.8;5.32
32.825;5.32
32.85;5.32
32.875;5.32
32.9;5.32
32.925;5.36
32.95;5.36
32.975;5.32
33;5.36
33.025;5.32
33.05;5.36
33.075;5.32
33.1;5.36
33.125;5.36
33.15;5.4
33.175;5.36
33.2;5.4
33.225;5.4
33.25;5.4
33.275;5.36
33.3;5.36
33.325;5.4
33.35;5.44
33.375;5.4
33.4;5.4
33.425;5.4
33.45;5.44
33.475;5.4
33.5;5.4
33.525;5.44
33.55;5.48
33.575;5.44
33.6;5.44
33.625;5.44
33.65;5.44
33.675;5.44
33.7;5.44
33.725;5.44
33.75;5.48
33.775;5.44
33.8;5.48
33.825;5.48
33.85;5.52
33.875;5.48
33.9;5.48
33.925;5.48
33.95;5.52
33.975;5.48
34;5.52
34.025;5.52
34.05;5.56
34.075;5.52
34.1;5.52
34.125;5.52
34.15;5.56
34.175;5.52
34.2;5.56
34.225;5.52
34.25;5.56
34.275;5.52
34.3;5.56
34.325;5.56
34.35;5.6
34.375;5.56
34.4;5.6
34.425;5.56
34.45;5.6
34.475;5.56
34.5;5.6
34.525;5.6
34.55;5.6
34.575;5.6
34.6;5.6
34.625;5.6
34.65;5.64
34.675;5.6
34.7;5.64
34.725;5.64
34.75;5.64
34.775;5.6
34.8;5.64
34.825;5.64
34.85;5.68
34.875;5.64
34.9;5.64
34.925;5.68
34.95;5.68
34.975;5.64
35;5.68
35.025;5.68
35.05;5.72
35.075;5.68
35.1;5.72
35.125;5.72
35.15;5.76
35.175;5.72
35.2;5.76
35.225;5.76
35.25;5.8
35.275;5.76
35.3;5.76
35.325;5.8
35.35;5.8
35.375;5.8
35.4;5.8
35.425;5.8
35.45;5.84
35.475;5.8
35.5;5.84
35.525;5.84
35.55;5.84
35.575;5.8
35.6;5.84
35.625;5.84
35.65;5.84
35.675;5.84
35.7;5.84
35.725;5.84
35.75;5.88
35.775;5.84
35.8;5.84
35.825;5.84
35.85;5.88
35.875;5.84
35.9;5.88
35.925;5.84
35.95;5.88
35.975;5.84
36;5.84
36.025;5.84
36.05;5.88
36.075;5.84
36.1;5.88
36.125;5.88
36.15;5.92
36.175;5.88
36.2;5.92
36.225;5.88
36.25;5.92
36.275;5.88
36.3;5.92
36.325;5.92
36.35;5.92
36.375;5.88
36.4;5.92
36.425;5.92
36.45;5.96
36.475;5.92
36.5;5.92
36.525;5.96
36.55;5.96
36.575;5.92
36.6;5.96
36.625;6
36.65;6
36.675;5.96
36.7;5.96
36.725;6
36.75;6.04
36.775;5.96
36.8;6
36.825;6.04
36.85;6.08
36.875;6
36.9;6.08
36.925;6.08
36.95;6.08
36.975;6.04
37;6.08
37.025;6.08
37.05;6.12
37.075;6.08
37.1;6.12
37.125;6.12
37.15;6.16
37.175;6.08
37.2;6.16
37.225;6.16
37.25;6.2
37.275;6.12
37.3;6.2
37.325;6.2
37.35;6.2
37.375;6.16
37.4;6.2
37.425;6.2
37.45;6.24
37.475;6.2
37.5;6.24
37.525;6.28
37.55;6.28
37.575;6.24
37.6;6.28
37.625;6.28
37.65;6.32
37.675;6.28
37.7;6.32
37.725;6.32
37.75;6.36
37.775;6.32
37.8;6.32
37.825;6.32
37.85;6.36
37.875;6.32
37.9;6.36
37.925;6.36
37.95;6.4
37.975;6.36
38;6.4
38.025;6.36
38.05;6.4
38.075;6.36
38.1;6.36
38.125;6.36
38.15;6.4
38.175;6.36
38.2;6.4
38.225;6.4
38.25;6.4
38.275;6.4
38.3;6.4
38.325;6.4
38.35;6.44
38.375;6.4
38.4;6.44
38.425;6.44
38.45;6.44
38.475;6.4
38.5;6.4
38.525;6.44
38.55;6.44
38.575;6.44
38.6;6.44
38.625;6.44
38.65;6.48
38.675;6.44
38.7;6.48
38.725;6.48
38.75;6.48
38.775;6.48
38.8;6.48
38.825;6.48
38.85;6.52
38.875;6.48
38.9;6.52
38.925;6.52
38.95;6.52
38.975;6.48
39;6.52
39.025;6.52
39.05;6.52
39.075;6.52
39.1;6.52
39.125;6.56
39.15;6.56
39.175;6.52
39.2;6.52
39.225;6.56
39.25;6.56
39.275;6.52
39.3;6.56
39.325;6.56
39.35;6.6
39.375;6.56
39.4;6.56
39.425;6.56
39.45;6.6
39.475;6.56
39.5;6.6
39.525;6.6
39.55;6.6
39.575;6.6
39.6;6.6
39.625;6.6
39.65;6.64
39.675;6.6
39.7;6.6
39.725;6.64
39.75;6.64
39.775;6.6
39.8;6.64
39.825;6.64
39.85;6.64
39.875;6.64
39.9;6.64
39.925;6.64
39.95;6.64
39.975;6.64
40;6.64
40.025;6.64
40.05;6.64
40.075;6.64
40.1;6.64
40.125;6.64
40.15;6.64
40.175;6.64
40.2;6.64
40.225;6.64
40.25;6.68
40.275;6.64
40.3;6.68
40.325;6.68
40.35;6.68
40.375;6.64
40.4;6.64
40.425;6.68
40.45;6.68
40.475;6.64
40.5;6.68
40.525;6.72
40.55;6.72
40.575;6.68
40.6;6.68
40.625;6.68
40.65;6.72
40.675;6.68
40.7;6.72
40.725;6.72
40.75;6.72
40.775;6.68
40.8;6.72
40.825;6.72
40.85;6.72
40.875;6.68
40.9;6.72
40.925;6.72
40.95;6.76
40.975;6.72
41;6.72
41.025;6.76
41.05;6.76
41.075;6.72
41.1;6.76
41.125;6.76
41.15;6.76
41.175;6.76
41.2;6.76
41.225;6.8
41.25;6.8
41.275;6.76
41.3;6.8
41.325;6.8
41.35;6.84
41.375;6.8
41.4;6.84
41.425;6.88
41.45;6.88
41.475;6.84
41.5;6.88
41.525;6.92
41.55;6.92
41.575;6.88
41.6;6.92
41.625;6.92
41.65;6.96
41.675;6.92
41.7;6.96
41.725;6.96
41.75;7
41.775;6.96
41.8;6.96
41.825;7
41.85;7
41.875;6.96
41.9;7
41.925;7
41.95;7.04
41.975;7
42;7
42.025;7
42.05;7.04
42.075;7
42.1;7
42.125;7
42.15;7.04
42.175;7
42.2;7.04
42.225;7
42.25;7.08
42.275;7
42.3;7.04
42.325;7.04
42.35;7.08
42.375;7.04
42.4;7.08
42.425;7.08
42.45;7.08
42.475;7.04
42.5;7.08
42.525;7.08
42.55;7.12
42.575;7.08
42.6;7.12
42.625;7.12
42.65;7.16
42.675;7.12
42.7;7.12
42.725;7.12
42.75;7.16
42.775;7.12
42.8;7.16
42.825;7.16
42.85;7.2
42.875;7.16
42.9;7.2
42.925;7.2
42.95;7.24
42.975;7.2
43;7.2
43.025;7.24
43.05;7.28
43.075;7.24
43.1;7.24
43.125;7.28
43.15;7.32
43.175;7.28
43.2;7.32
43.225;7.32
43.25;7.36
43.275;7.32
43.3;7.36
43.325;7.36
43.35;7.44
43.375;7.36
43.4;7.44
43.425;7.44
43.45;7.48
43.475;7.44
43.5;7.48
43.525;7.48
43.55;7.56
43.575;7.48
43.6;7.56
43.625;7.56
43.65;7.6
43.675;7.56
43.7;7.6
43.725;7.6
43.75;7.64
43.775;7.6
43.8;7.64
43.825;7.64
43.85;7.68
43.875;7.64
43.9;7.64
43.925;7.68
43.95;7.72
43.975;7.68
44;7.68
44.025;7.72
44.05;7.76
44.075;7.72
44.1;7.76
44.125;7.76
44.15;7.8
44.175;7.76
44.2;7.76
44.225;7.8
44.25;7.8
44.275;7.76
44.3;7.8
44.325;7.8
44.35;7.84
44.375;7.8
44.4;7.8
44.425;7.8
44.45;7.88
44.475;7.8
44.5;7.88
44.525;7.84
44.55;7.88
44.575;7.84
44.6;7.88
44.625;7.88
44.65;7.92
44.675;7.88
44.7;7.92
44.725;7.92
44.75;7.92
44.775;7.92
44.8;7.92
44.825;7.92
44.85;7.96
44.875;7.92
44.9;7.96
44.925;7.92
44.95;7.96
44.975;7.92
45;7.96
45.025;7.96
45.05;7.96
45.075;7.92
45.1;7.96
45.125;7.96
45.15;8
45.175;7.96
45.2;7.96
45.225;7.96
45.25;8
45.275;7.96
45.3;7.96
45.325;7.96
45.35;8
45.375;7.96
45.4;7.96
45.425;8
45.45;8
45.475;7.96
45.5;8
45.525;8
45.55;8
45.575;8
45.6;8
45.625;8
45.65;8
45.675;8
45.7;8
45.725;8
45.75;8
45.775;8
45.8;8
45.825;8
45.85;8.04
45.875;8
45.9;8
45.925;8.04
45.95;8.04
45.975;8
46;8.04
46.025;8.04
46.05;8.04
46.075;8
46.1;8.04
46.125;8.04
46.15;8.04
46.175;8
46.2;8.04
46.225;8
46.25;8.04
46.275;8
46.3;8.04
46.325;8.04
46.35;8.04
46.375;8
46.4;8
46.425;8
46.45;8.04
46.475;8
46.5;8
46.525;8.04
46.55;8.04
46.575;8
46.6;8
46.625;8.04
46.65;8.04
46.675;8
46.7;8.04
46.725;8.04
46.75;8.04
46.775;8.04
46.8;8.04
46.825;8.04
46.85;8.04
46.875;8.04
46.9;8.04
46.925;8.04
46.95;8.08
46.975;8.04
47;8.04
47.025;8.08
47.05;8.08
47.075;8.04
47.1;8.08
47.125;8.12
47.15;8.12
47.175;8.08
47.2;8.12
47.225;8.12
47.25;8.16
47.275;8.12
47.3;8.16
47.325;8.16
47.35;8.2
47.375;8.16
47.4;8.2
47.425;8.2
47.45;8.24
47.475;8.2
47.5;8.2
47.525;8.24
47.55;8.24
47.575;8.2
47.6;8.24
47.625;8.2
47.65;8.24
47.675;8.2
47.7;8.24
47.725;8.2
47.75;8.24
47.775;8.2
47.8;8.2
47.825;8.2
47.85;8.2
47.875;8.16
47.9;8.16
47.925;8.16
47.95;8.16
47.975;8.16
48;8.16
48.025;8.16
48.05;8.16
48.075;8.12
48.1;8.16
48.125;8.16
48.15;8.16
48.175;8.12
48.2;8.12
48.225;8.12
48.25;8.16
48.275;8.12
48.3;8.16
48.325;8.16
48.35;8.16
48.375;8.12
48.4;8.16
48.425;8.16
48.45;8.2
48.475;8.12
48.5;8.16
48.525;8.16
48.55;8.16
48.575;8.16
48.6;8.16
48.625;8.16
48.65;8.2
48.675;8.16
48.7;8.16
48.725;8.2
48.75;8.2
48.775;8.16
48.8;8.16
48.825;8.16
48.85;8.2
48.875;8.16
48.9;8.16
48.925;8.16
48.95;8.2
48.975;8.16
49;8.16
49.025;8.16
49.05;8.2
49.075;8.16
49.1;8.2
49.125;8.16
49.15;8.2
49.175;8.12
49.2;8.16
49.225;8.16
49.25;8.2
49.275;8.16
49.3;8.16
49.325;8.16
49.35;8.16
49.375;8.16
49.4;8.16
49.425;8.16
49.45;8.2
49.475;8.16
49.5;8.16
49.525;8.16
49.55;8.2
49.575;8.16
49.6;8.16
49.625;8.16
49.65;8.2
49.675;8.16
49.7;8.16
49.725;8.16
49.75;8.2
49.775;8.12
49.8;8.16
49.825;8.16
49.85;8.16
49.875;8.12
49.9;8.12
49.925;8.12
49.95;8.12
49.975;8.12
50;8.12
50.025;8.12
50.05;8.12
50.075;8.08
50.1;8.12
50.125;8.12
50.15;8.12
50.175;8.08
50.2;8.12
50.225;8.12
50.25;8.12
50.275;8.08
50.3;8.12
50.325;8.12
50.35;8.12
50.375;8.08
50.4;8.12
50.425;8.12
50.45;8.12
50.475;8.08
50.5;8.12
50.525;8.12
50.55;8.12
50.575;8.08
50.6;8.08
50.625;8.04
50.65;8.08
50.675;8.04
50.7;8.04
50.725;8.04
50.75;8.04
50.775;8
50.8;8
50.825;8
50.85;8
50.875;7.96
50.9;7.96
50.925;7.96
50.95;8
50.975;7.92
51;7.96
51.025;7.92
51.05;7.92
51.075;7.88
51.1;7.88
51.125;7.88
51.15;7.92
51.175;7.84
51.2;7.88
51.225;7.84
51.25;7.84
51.275;7.8
51.3;7.8
51.325;7.8
51.35;7.8
51.375;7.76
51.4;7.76
51.425;7.76
51.45;7.76
51.475;7.72
51.5;7.72
51.525;7.72
51.55;7.72
51.575;7.64
51.6;7.64
51.625;7.72
51.65;7.72
51.675;7.6
51.7;7.6
51.725;7.64
51.75;7.64
51.775;7.56
51.8;7.6
51.825;7.6
51.85;7.6
51.875;7.56
51.9;7.56
51.925;7.56
51.95;7.56
51.975;7.52
52;7.52
52.025;7.48
52.05;7.52
52.075;7.44
52.1;7.44
52.125;7.48
52.15;7.48
52.175;7.44
52.2;7.44
52.225;7.4
52.25;7.44
52.275;7.4
52.3;7.4
52.325;7.36
52.35;7.4
52.375;7.36
52.4;7.4
52.425;7.4
52.45;7.4
52.475;7.36
52.5;7.36
52.525;7.36
52.55;7.4
52.575;7.36
52.6;7.36
52.625;7.36
52.65;7.4
52.675;7.36
52.7;7.36
52.725;7.4
52.75;7.4
52.775;7.36
52.8;7.36
52.825;7.4
52.85;7.4
52.875;7.36
52.9;7.4
52.925;7.4
52.95;7.4
52.975;7.36
53;7.4
53.025;7.4
53.05;7.4
53.075;7.36
53.1;7.36
53.125;7.36
53.15;7.36
53.175;7.32
53.2;7.32
53.225;7.36
53.25;7.36
53.275;7.32
53.3;7.32
53.325;7.32
53.35;7.32
53.375;7.28
53.4;7.32
53.425;7.28
53.45;7.28
53.475;7.24
53.5;7.24
53.525;7.24
53.55;7.24
53.575;7.2
53.6;7.24
53.625;7.24
53.65;7.24
53.675;7.2
53.7;7.2
53.725;7.2
53.75;7.2
53.775;7.16
53.8;7.2
53.825;7.16
53.85;7.16
53.875;7.12
53.9;7.12
53.925;7.12
53.95;7.12
53.975;7.12
54;7.12
54.025;7.08
54.05;7.12
54.075;7.08
54.1;7.12
54.125;7.12
54.15;7.12
54.175;7.08
54.2;7.12
54.225;7.12
54.25;7.12
54.275;7.08
54.3;7.08
54.325;7.12
54.35;7.12
54.375;7.08
54.4;7.08
54.425;7.12
54.45;7.12
54.475;7.08
54.5;7.08
54.525;7.08
54.55;7.12
54.575;7.08
54.6;7.08
54.625;7.08
54.65;7.12
54.675;7.08
54.7;7.08
54.725;7.08
54.75;7.12
54.775;7.08
54.8;7.08
54.825;7.08
54.85;7.08
54.875;7.08
54.9;7.08
54.925;7.08
54.95;7.08
54.975;7.08
55;7.08
55.025;7.08
55.05;7.08
55.075;7.04
55.1;7.08
55.125;7.08
55.15;7.08
55.175;7.04
55.2;7.04
55.225;7.04
55.25;7.08
55.275;7.04
55.3;7.04
55.325;7.04
55.35;7.08
55.375;7.04
55.4;7.04
55.425;7.04
55.45;7.04
55.475;7
55.5;7.04
55.525;7
55.55;7.04
55.575;7
55.6;7.04
55.625;7.04
55.65;7.04
55.675;7.04
55.7;7.04
55.725;7.04
55.75;7.04
55.775;7
55.8;7.04
55.825;7.04
55.85;7.04
55.875;7.04
55.9;7.04
55.925;7.04
55.95;7.04
55.975;7.04
56;7.04
56.025;7.04
56.05;7.04
56.075;7.04
56.1;7.04
56.125;7.04
56.15;7.08
56.175;7.04
56.2;7.04
56.225;7.04
56.25;7.08
56.275;7
56.3;7.08
56.325;7.08
56.35;7.08
56.375;7.04
56.4;7.04
56.425;7.08
56.45;7.08
56.475;7.04
56.5;7.04
56.525;7.08
56.55;7.08
56.575;7.04
56.6;7.04
56.625;7.08
56.65;7.12
56.675;7.04
56.7;7.08
56.725;7.08
56.75;7.12
56.775;7.08
56.8;7.08
56.825;7.08
56.85;7.12
56.875;7.08
56.9;7.12
56.925;7.08
56.95;7.12
56.975;7.08
57;7.08
57.025;7.08
57.05;7.12
57.075;7.04
57.1;7.08
57.125;7.08
57.15;7.08
57.175;7.04
57.2;7.04
57.225;7.04
57.25;7.04
57.275;7.04
57.3;7.04
57.325;7.04
57.35;7.04
57.375;7
57.4;7
57.425;7
57.45;7
57.475;7
57.5;7
57.525;7
57.55;7
57.575;6.96
57.6;6.96
57.625;6.96
57.65;7
57.675;6.96
57.7;7
57.725;6.96
57.75;6.96
57.775;6.92
57.8;6.96
57.825;6.92
57.85;6.96
57.875;6.92
57.9;6.92
57.925;6.92
57.95;6.92
57.975;6.88
58;6.88
58.025;6.92
58.05;6.92
58.075;6.88
58.1;6.88
58.125;6.88
58.15;6.88
58.175;6.88
58.2;6.88
58.225;6.84
58.25;6.88
58.275;6.84
58.3;6.84
58.325;6.84
58.35;6.84
58.375;6.84
58.4;6.84
58.425;6.84
58.45;6.84
58.475;6.8
58.5;6.8
58.525;6.84
58.55;6.84
58.575;6.8
58.6;6.8
58.625;6.8
58.65;6.8
58.675;6.8
58.7;6.8
58.725;6.8
58.75;6.8
58.775;6.76
58.8;6.8
58.825;6.8
58.85;6.8
58.875;6.76
58.9;6.8
58.925;6.76
58.95;8.12
58.975;6.76
59;8.12
59.025;8.12
59.05;8.12
59.075;8.12
59.1;8.12
59.125;8.12
59.15;8.16
59.175;8.12
59.2;8.12
59.225;8.16
59.25;8.16
59.275;8.12
59.3;8.16
59.325;8.12
59.35;8.16
59.375;8.12
59.4;8.12
59.425;8.12
59.45;8.16
59.475;8.12
59.5;8.12
59.525;8.12
59.55;8.16
59.575;8.12
59.6;8.12
59.625;8.12
59.65;8.16
59.675;8.12
59.7;8.16
59.725;8.16
59.75;8.16
59.775;8.12
59.8;8.16
59.825;8.12
59.85;8.16
59.875;8.12
59.9;8.12
59.925;8.12
59.95;8.16
59.975;8.12
60;8.16
60.025;8.12
60.05;8.16
60.075;8.12
60.1;8.16
60.125;8.16
60.15;8.16
60.175;8.12
60.2;8.12
60.225;8.12
60.25;8.16
60.275;8.12
60.3;8.12
60.325;8.16
60.35;8.16
60.375;8.12
60.4;8.16
60.425;8.16
60.45;8.2
60.475;8.16
60.5;8.16
60.525;8.16
60.55;8.2
60.575;8.16
60.6;8.2
60.625;8.2
60.65;8.2
60.675;8.2
60.7;8.2
60.725;8.2
60.75;8.24
60.775;8.2
60.8;8.2
60.825;8.24
60.85;8.24
60.875;8.24
60.9;8.24
60.925;8.24
60.95;8.24
60.975;8.24
61;8.24
61.025;8.24
61.05;8.28
61.075;8.24
61.1;8.24
61.125;8.28
61.15;8.32
61.175;8.28
61.2;8.32
61.225;8.28
61.25;8.32
61.275;8.28
61.3;8.32
61.325;8.32
61.35;8.36
61.375;8.32
61.4;8.32
61.425;8.36
61.45;8.36
61.475;8.32
61.5;8.36
61.525;8.36
61.55;8.36
61.575;8.36
61.6;8.36
61.625;8.36
61.65;8.4
61.675;8.36
61.7;8.36
61.725;8.4
61.75;8.44
61.775;8.4
61.8;8.4
61.825;8.4
61.85;8.44
61.875;8.4
61.9;8.4
61.925;8.44
61.95;8.44
61.975;8.4
62;8.44
62.025;8.44
62.05;8.44
62.075;8.44
62.1;8.44
62.125;8.44
62.15;8.48
62.175;8.44
62.2;8.48
62.225;8.52
62.25;8.52
62.275;8.44
62.3;8.52
62.325;8.48
62.35;8.52
62.375;8.48
62.4;8.52
62.425;8.52
62.45;8.56
62.475;8.52
62.5;8.52
62.525;8.56
62.55;8.6
62.575;8.56
62.6;8.56
62.625;8.6
62.65;8.6
62.675;8.56
62.7;8.6
62.725;8.6
62.75;8.64
62.775;8.6
62.8;8.6
62.825;8.64
62.85;8.68
62.875;8.64
62.9;8.64
62.925;8.64
62.95;8.68
62.975;8.64
63;8.68
63.025;8.68
63.05;8.72
63.075;8.68
63.1;8.72
63.125;8.72
63.15;8.76
63.175;8.72
63.2;8.76
63.225;8.76
63.25;8.8
63.275;8.76
63.3;8.8
63.325;8.8
63.35;8.8
63.375;8.76
63.4;8.8
63.425;8.8
63.45;8.84
63.475;8.8
63.5;8.84
63.525;8.84
63.55;8.88
63.575;8.84
63.6;8.88
63.625;8.88
63.65;8.92
63.675;8.88
63.7;8.92
63.725;8.88
63.75;8.96
63.775;8.88
63.8;8.96
63.825;8.96
63.85;9
63.875;8.92
63.9;8.96
63.925;8.96
63.95;9
63.975;8.96
64;9
64.025;9
64.05;9.04
64.075;9
64.1;9.04
64.125;9.04
64.15;9.08
64.175;9
64.2;9.08
64.225;9.04
64.25;9.12
64.275;9.04
64.3;9.12
64.325;9.08
64.35;9.16
64.375;9.08
64.4;9.16
64.425;9.12
64.45;9.16
64.475;9.12
64.5;9.16
64.525;9.16
64.55;9.2
64.575;9.16
64.6;9.16
64.625;9.2
64.65;9.2
64.675;9.16
64.7;9.2
64.725;9.2
64.75;9.24
64.775;9.2
64.8;9.24
64.825;9.24
64.85;9.28
64.875;9.24
64.9;9.24
64.925;9.32
64.95;9.32
64.975;9.28
65;9.32
65.025;9.32
65.05;9.36
65.075;9.32
65.1;9.36
65.125;9.32
65.15;9.36
65.175;9.32
65.2;9.36
65.225;9.36
65.25;9.36
65.275;9.32
65.3;9.36
65.325;9.36
65.35;9.4
65.375;9.36
65.4;9.4
65.425;9.36
65.45;9.44
65.475;9.36
65.5;9.4
65.525;9.36
65.55;9.4
65.575;9.36
65.6;9.4
65.625;9.4
65.65;9.44
65.675;9.4
65.7;9.4
65.725;9.4
65.75;9.44
65.775;9.4
65.8;9.44
65.825;9.44
65.85;9.48
65.875;9.4
65.9;9.48
65.925;9.44
65.95;9.48
65.975;9.44
66;9.48
66.025;9.48
66.05;9.48
66.075;9.48
66.1;9.48
66.125;9.48
66.15;9.52
66.175;9.48
66.2;9.52
66.225;9.48
66.25;9.56
66.275;9.48
66.3;9.56
66.325;9.52
66.35;9.56
66.375;9.52
66.4;9.56
66.425;9.56
66.45;9.6
66.475;9.56
66.5;9.56
66.525;9.6
66.55;9.6
66.575;9.56
66.6;9.6
66.625;9.6
66.65;9.64
66.675;9.6
66.7;9.6
66.725;9.64
66.75;9.68
66.775;9.6
66.8;9.64
66.825;9.64
66.85;9.68
66.875;9.64
66.9;9.68
66.925;9.68
66.95;9.72
66.975;9.68
67;9.72
67.025;9.72
67.05;9.72
67.075;9.68
67.1;9.72
67.125;9.72
67.15;9.76
67.175;9.72
67.2;9.72
67.225;9.76
67.25;9.76
67.275;9.72
67.3;9.72
67.325;9.76
67.35;9.76
67.375;9.72
67.4;9.76
67.425;9.76
67.45;9.76
67.475;9.72
67.5;9.76
67.525;9.76
67.55;9.8
67.575;9.76
67.6;9.76
67.625;9.8
67.65;9.8
67.675;9.76
67.7;9.76
67.725;9.76
67.75;9.8
67.775;9.76
67.8;9.8
67.825;9.8
67.85;9.8
67.875;9.76
67.9;9.8
67.925;9.8
67.95;9.84
67.975;9.8
68;9.8
68.025;9.8
68.05;9.84
68.075;9.8
68.1;9.84
68.125;9.8
68.15;9.84
68.175;9.8
68.2;9.84
68.225;9.8
68.25;9.84
68.275;9.8
68.3;9.84
68.325;9.84
68.35;9.84
68.375;9.84
68.4;9.84
68.425;9.84
68.45;9.84
68.475;9.84
68.5;9.84
68.525;9.84
68.55;9.84
68.575;9.84
68.6;9.84
68.625;9.84
68.65;9.84
68.675;9.84
68.7;9.84
68.725;9.84
68.75;9.84
68.775;9.84
68.8;9.84
68.825;9.84
68.85;9.84
68.875;9.84
68.9;9.84
68.925;9.84
68.95;9.84
68.975;9.84
69;9.84
69.025;9.84
69.05;9.84
69.075;9.84
69.1;9.84
69.125;9.84
69.15;9.84
69.175;9.84
69.2;9.84
69.225;9.84
69.25;9.84
69.275;9.84
69.3;9.84
69.325;9.84
69.35;9.84
69.375;9.84
69.4;9.84
69.425;9.84
69.45;9.84
69.475;9.84
69.5;9.84
69.525;9.84
69.55;9.84
69.575;9.84
69.6;9.84
69.625;9.84
69.65;9.84
69.675;9.84
69.7;9.84
69.725;9.84
69.75;9.84
69.775;9.84
69.8;9.84
69.825;9.84
69.85;9.84
69.875;9.84
69.9;9.84
69.925;9.84
69.95;9.84
69.975;9.84
70;9.84
70.025;9.84
70.05;9.84
70.075;9.84
70.1;9.84
70.125;9.84
70.15;9.84
70.175;9.84
70.2;9.84
70.225;9.84
70.25;9.84
70.275;9.84
70.3;9.84
70.325;9.84
70.35;9.84
70.375;9.84
70.4;9.84
70.425;9.84
70.45;9.84
70.475;9.84
70.5;9.84
70.525;9.84
70.55;9.84
70.575;9.84
70.6;9.84
70.625;9.84
70.65;9.84
70.675;9.84
70.7;9.84
70.725;9.84
70.75;9.84
70.775;9.84
70.8;9.84
70.825;9.84
70.85;9.84
70.875;9.84
70.9;9.84
70.925;9.84
70.95;9.84
70.975;9.84
71;9.84
71.025;9.84
71.05;9.84
71.075;9.84
71.1;9.84
71.125;9.84
71.15;9.84
71.175;9.84
71.2;9.84
71.225;9.84
71.25;9.84
71.275;9.84
71.3;9.84
71.325;9.84
71.35;9.84
71.375;9.84
71.4;9.84
71.425;9.84
71.45;9.84
71.475;9.84
71.5;9.84
71.525;9.84
71.55;9.84
71.575;9.84
71.6;9.84
71.625;9.84
71.65;9.84
71.675;9.84
71.7;9.84
71.725;9.84
71.75;9.84
71.775;9.84
71.8;9.84
71.825;9.84
71.85;9.84
71.875;9.84
71.9;9.84
71.925;9.84
71.95;9.84
71.975;9.84
72;9.84
72.025;9.84
72.05;9.84
72.075;9.84
72.1;9.84
72.125;9.84
72.15;9.84
72.175;9.84
72.2;9.84
72.225;9.84
72.25;9.84
72.275;9.84
72.3;9.84
72.325;9.84
72.35;9.84
72.375;9.84
72.4;9.84
72.425;9.84
72.45;9.84
72.475;9.84
72.5;9.84
72.525;9.84
72.55;9.84
72.575;9.84
72.6;9.84
72.625;9.84
72.65;9.84
72.675;9.84
72.7;9.84
72.725;9.84
72.75;9.84
72.775;9.84
72.8;9.84
72.825;9.84
72.85;9.84
72.875;9.84
72.9;9.84
72.925;9.84
72.95;9.84
72.975;9.84
73;9.84
73.025;9.84
73.05;9.84
73.075;9.84
73.1;9.84
73.125;9.84
73.15;9.84
73.175;9.84
73.2;9.84
73.225;9.84
73.25;9.84
73.275;9.84
73.3;9.84
73.325;9.84
73.35;9.84
73.375;9.84
73.4;9.84
73.425;9.84
73.45;9.84
73.475;9.84
73.5;9.84
73.525;9.84
73.55;9.84
73.575;9.84
73.6;9.84
73.625;9.84
73.65;9.84
73.675;9.84
73.7;9.84
73.725;9.84
73.75;9.84
73.775;9.84
73.8;9.84
73.825;9.84
73.85;9.84
73.875;9.84
73.9;9.84
73.925;9.84
73.95;9.84
73.975;9.84
74;9.84
74.025;9.84
74.05;9.84
74.075;9.84
74.1;9.84
74.125;9.84
74.15;9.84
74.175;9.84
74.2;9.84
74.225;9.84
74.25;9.84
74.275;9.84
74.3;9.84
74.325;9.84
74.35;9.84
74.375;9.84
74.4;9.84
74.425;9.84
74.45;9.84
74.475;9.84
74.5;9.84
74.525;9.84
74.55;9.84
74.575;9.84
74.6;9.84
74.625;9.84
74.65;9.84
74.675;9.84
74.7;9.84
74.725;9.84
74.75;9.84
74.775;9.84
74.8;9.84
74.825;9.84
74.85;9.84
74.875;9.84
74.9;9.84
74.925;9.84
74.95;9.84
74.975;9.84
75;9.84
75.025;9.84
75.05;9.84
75.075;9.84
75.1;9.84
75.125;9.84
75.15;9.84
75.175;9.84
75.2;9.84
75.225;9.84
75.25;9.84
75.275;9.84
75.3;9.84
75.325;9.84
75.35;9.84
75.375;9.84
75.4;9.84
75.425;9.84
75.45;9.84
75.475;9.84
75.5;9.84
75.525;9.84
75.55;9.84
75.575;9.84
75.6;9.84
75.625;9.84
75.65;9.84
75.675;9.84
75.7;9.84
75.725;9.84
75.75;9.84
75.775;9.84
75.8;9.84
75.825;9.84
75.85;9.84
75.875;9.84
75.9;9.84
75.925;9.84
75.95;9.84
75.975;9.84
