Kanalnummer	Impulse
Kanal/#	Impulse/#

0	0
1	0
2	0
3	0
4	0
5	0
6	0
7	0
8	0
9	0
10	0
11	0
12	0
13	0
14	0
15	0
16	0
17	0
18	0
19	0
20	0
21	0
22	0
23	0
24	0
25	0
26	0
27	0
28	0
29	0
30	0
31	0
32	0
33	0
34	0
35	0
36	0
37	0
38	0
39	0
40	0
41	0
42	0
43	0
44	0
45	0
46	0
47	0
48	0
49	0
50	0
51	0
52	0
53	0
54	0
55	0
56	0
57	0
58	0
59	0
60	0
61	0
62	0
63	0
64	0
65	0
66	0
67	0
68	0
69	1
70	0
71	0
72	0
73	0
74	0
75	0
76	0
77	0
78	0
79	0
80	0
81	2
82	0
83	1
84	0
85	0
86	0
87	1
88	1
89	1
90	1
91	0
92	1
93	1
94	0
95	0
96	0
97	0
98	1
99	0
100	1
101	1
102	0
103	0
104	1
105	0
106	0
107	1
108	1
109	0
110	1
111	1
112	1
113	0
114	0
115	0
116	1
117	1
118	1
119	2
120	0
121	1
122	1
123	0
124	1
125	1
126	0
127	1
128	0
129	0
130	0
131	1
132	2
133	2
134	0
135	0
136	0
137	3
138	1
139	0
140	0
141	1
142	0
143	0
144	0
145	1
146	1
147	0
148	2
149	2
150	0
151	0
152	1
153	3
154	1
155	2
156	1
157	0
158	0
159	1
160	2
161	0
162	1
163	0
164	1
165	2
166	0
167	0
168	0
169	0
170	1
171	0
172	0
173	5
174	1
175	1
176	0
177	0
178	1
179	0
180	1
181	0
182	2
183	0
184	0
185	1
186	1
187	1
188	0
189	0
190	0
191	0
192	1
193	0
194	2
195	0
196	0
197	1
198	0
199	0
200	0
201	0
202	0
203	1
204	0
205	1
206	0
207	1
208	1
209	0
210	1
211	1
212	1
213	0
214	1
215	0
216	1
217	2
218	0
219	0
220	1
221	3
222	1
223	2
224	0
225	0
226	0
227	0
228	1
229	0
230	0
231	2
232	2
233	1
234	0
235	2
236	0
237	0
238	0
239	0
240	2
241	1
242	0
243	0
244	0
245	2
246	0
247	2
248	0
249	1
250	0
251	0
252	0
253	1
254	0
255	1
256	0
257	0
258	1
259	0
260	1
261	0
262	0
263	1
264	0
265	0
266	1
267	2
268	0
269	1
270	0
271	1
272	0
273	0
274	0
275	1
276	0
277	2
278	2
279	1
280	0
281	3
282	0
283	0
284	0
285	0
286	0
287	2
288	0
289	0
290	2
291	2
292	2
293	0
294	0
295	0
296	0
297	0
298	0
299	1
300	0
301	0
302	1
303	0
304	1
305	2
306	0
307	1
308	1
309	1
310	0
311	1
312	3
313	0
314	1
315	2
316	1
317	1
318	0
319	0
320	0
321	1
322	1
323	0
324	0
325	0
326	0
327	1
328	1
329	1
330	2
331	1
332	1
333	3
334	2
335	0
336	1
337	0
338	1
339	1
340	1
341	1
342	0
343	0
344	1
345	0
346	2
347	0
348	4
349	0
350	1
351	2
352	0
353	0
354	3
355	1
356	2
357	0
358	1
359	0
360	0
361	2
362	0
363	1
364	2
365	0
366	0
367	1
368	0
369	1
370	1
371	2
372	2
373	0
374	2
375	1
376	1
377	0
378	2
379	0
380	1
381	0
382	1
383	1
384	0
385	1
386	2
387	0
388	4
389	0
390	1
391	1
392	0
393	1
394	0
395	1
396	1
397	2
398	2
399	0
400	3
401	1
402	0
403	0
404	2
405	0
406	1
407	0
408	0
409	0
410	0
411	1
412	0
413	1
414	1
415	1
416	2
417	0
418	1
419	2
420	1
421	0
422	3
423	0
424	2
425	0
426	0
427	1
428	4
429	0
430	1
431	1
432	1
433	1
434	2
435	2
436	0
437	0
438	3
439	1
440	2
441	1
442	2
443	1
444	2
445	1
446	3
447	1
448	0
449	0
450	1
451	2
452	1
453	0
454	1
455	1
456	2
457	1
458	2
459	2
460	2
461	3
462	0
463	4
464	2
465	2
466	1
467	0
468	4
469	2
470	1
471	2
472	0
473	0
474	0
475	2
476	4
477	2
478	1
479	0
480	2
481	3
482	1
483	5
484	3
485	0
486	3
487	0
488	1
489	2
490	2
491	1
492	1
493	1
494	3
495	1
496	1
497	1
498	1
499	1
500	2
501	1
502	1
503	0
504	2
505	0
506	1
507	1
508	0
509	2
510	1
511	1
512	1
513	2
514	2
515	1
516	2
517	1
518	2
519	1
520	2
521	0
522	3
523	4
524	0
525	2
526	3
527	0
528	2
529	0
530	0
531	3
532	0
533	1
534	2
535	1
536	3
537	2
538	0
539	0
540	1
541	0
542	4
543	0
544	2
545	5
546	2
547	4
548	2
549	1
550	1
551	2
552	1
553	5
554	2
555	1
556	2
557	3
558	0
559	2
560	4
561	3
562	2
563	2
564	3
565	2
566	4
567	3
568	1
569	4
570	0
571	5
572	3
573	1
574	2
575	3
576	1
577	3
578	5
579	0
580	1
581	1
582	0
583	1
584	1
585	0
586	1
587	1
588	2
589	4
590	0
591	0
592	3
593	3
594	0
595	2
596	1
597	0
598	2
599	2
600	0
601	0
602	0
603	1
604	0
605	3
606	2
607	3
608	1
609	3
610	2
611	1
612	3
613	1
614	0
615	1
616	1
617	0
618	2
619	2
620	1
621	2
622	0
623	1
624	4
625	1
626	0
627	1
628	0
629	2
630	1
631	1
632	1
633	1
634	1
635	2
636	1
637	1
638	2
639	2
640	1
641	4
642	1
643	0
644	0
645	1
646	1
647	6
648	0
649	2
650	2
651	1
652	1
653	1
654	0
655	1
656	0
657	1
658	0
659	2
660	2
661	0
662	1
663	1
664	2
665	2
666	0
667	1
668	1
669	2
670	0
671	2
672	2
673	0
674	1
675	0
676	1
677	0
678	0
679	2
680	0
681	1
682	2
683	2
684	4
685	3
686	0
687	0
688	1
689	2
690	2
691	0
692	4
693	1
694	0
695	3
696	3
697	0
698	1
699	2
700	1
701	1
702	0
703	3
704	4
705	1
706	0
707	3
708	1
709	0
710	0
711	0
712	1
713	4
714	0
715	0
716	5
717	3
718	1
719	1
720	1
721	2
722	0
723	3
724	1
725	1
726	1
727	0
728	0
729	2
730	2
731	0
732	2
733	0
734	0
735	0
736	1
737	0
738	5
739	2
740	1
741	0
742	1
743	1
744	1
745	0
746	3
747	2
748	2
749	1
750	2
751	1
752	0
753	1
754	2
755	1
756	0
757	0
758	0
759	0
760	1
761	1
762	1
763	0
764	3
765	3
766	3
767	2
768	0
769	0
770	1
771	2
772	2
773	0
774	0
775	1
776	1
777	2
778	1
779	1
780	0
781	1
782	0
783	1
784	0
785	2
786	3
787	0
788	0
789	1
790	1
791	0
792	1
793	4
794	1
795	1
796	1
797	1
798	0
799	1
800	3
801	2
802	2
803	0
804	1
805	1
806	2
807	0
808	1
809	2
810	1
811	0
812	2
813	1
814	1
815	2
816	1
817	3
818	2
819	2
820	0
821	2
822	2
823	1
824	1
825	1
826	0
827	2
828	1
829	2
830	0
831	4
832	0
833	2
834	0
835	1
836	2
837	1
838	0
839	2
840	2
841	3
842	2
843	2
844	2
845	0
846	4
847	1
848	1
849	0
850	2
851	0
852	2
853	0
854	2
855	2
856	4
857	2
858	2
859	0
860	1
861	0
862	3
863	1
864	2
865	4
866	0
867	0
868	3
869	0
870	3
871	0
872	3
873	1
874	1
875	1
876	2
877	0
878	0
879	3
880	1
881	1
882	1
883	2
884	1
885	0
886	3
887	1
888	1
889	2
890	2
891	3
892	2
893	2
894	0
895	0
896	1
897	0
898	3
899	2
900	3
901	1
902	2
903	0
904	3
905	0
906	1
907	1
908	2
909	2
910	1
911	1
912	0
913	0
914	0
915	4
916	1
917	1
918	0
919	0
920	1
921	0
922	2
923	0
924	1
925	0
926	2
927	0
928	2
929	0
930	1
931	1
932	4
933	3
934	3
935	3
936	2
937	0
938	0
939	2
940	0
941	2
942	0
943	1
944	1
945	0
946	0
947	4
948	2
949	0
950	2
951	2
952	2
953	2
954	2
955	2
956	2
957	3
958	2
959	1
960	0
961	1
962	2
963	3
964	2
965	3
966	1
967	1
968	3
969	4
970	2
971	6
972	1
973	4
974	1
975	5
976	0
977	1
978	2
979	4
980	4
981	3
982	2
983	2
984	3
985	4
986	4
987	4
988	4
989	3
990	4
991	2
992	4
993	2
994	3
995	6
996	3
997	7
998	6
999	7
1000	3
1001	4
1002	8
1003	7
1004	10
1005	6
1006	4
1007	2
1008	3
1009	7
1010	7
1011	7
1012	7
1013	3
1014	8
1015	6
1016	9
1017	7
1018	7
1019	4
1020	6
1021	2
1022	10
1023	6
1024	1
1025	4
1026	7
1027	13
1028	11
1029	11
1030	13
1031	8
1032	5
1033	12
1034	8
1035	14
1036	17
1037	12
1038	4
1039	9
1040	10
1041	13
1042	16
1043	15
1044	8
1045	9
1046	12
1047	15
1048	9
1049	13
1050	14
1051	17
1052	18
1053	17
1054	12
1055	17
1056	12
1057	21
1058	10
1059	16
1060	18
1061	18
1062	14
1063	28
1064	13
1065	17
1066	15
1067	17
1068	24
1069	15
1070	21
1071	21
1072	21
1073	25
1074	24
1075	32
1076	25
1077	24
1078	31
1079	30
1080	15
1081	43
1082	23
1083	31
1084	24
1085	16
1086	29
1087	43
1088	20
1089	24
1090	28
1091	24
1092	35
1093	29
1094	37
1095	39
1096	25
1097	41
1098	21
1099	42
1100	33
1101	45
1102	36
1103	48
1104	24
1105	40
1106	22
1107	47
1108	31
1109	36
1110	42
1111	27
1112	42
1113	33
1114	35
1115	60
1116	36
1117	45
1118	50
1119	55
1120	37
1121	36
1122	40
1123	49
1124	57
1125	33
1126	58
1127	45
1128	45
1129	53
1130	52
1131	51
1132	47
1133	50
1134	39
1135	48
1136	34
1137	48
1138	42
1139	41
1140	51
1141	50
1142	55
1143	60
1144	57
1145	71
1146	52
1147	58
1148	69
1149	55
1150	70
1151	69
1152	37
1153	69
1154	56
1155	68
1156	70
1157	55
1158	71
1159	61
1160	65
1161	63
1162	52
1163	56
1164	70
1165	75
1166	77
1167	80
1168	63
1169	66
1170	70
1171	93
1172	70
1173	59
1174	80
1175	67
1176	68
1177	78
1178	69
1179	77
1180	73
1181	77
1182	60
1183	96
1184	44
1185	76
1186	83
1187	88
1188	77
1189	69
1190	86
1191	82
1192	68
1193	105
1194	63
1195	85
1196	89
1197	86
1198	89
1199	74
1200	81
1201	100
1202	95
1203	96
1204	87
1205	66
1206	87
1207	97
1208	68
1209	121
1210	87
1211	95
1212	99
1213	90
1214	89
1215	96
1216	74
1217	112
1218	95
1219	81
1220	116
1221	81
1222	108
1223	87
1224	97
1225	110
1226	96
1227	75
1228	113
1229	128
1230	110
1231	99
1232	75
1233	104
1234	88
1235	132
1236	103
1237	82
1238	122
1239	62
1240	94
1241	126
1242	92
1243	132
1244	90
1245	107
1246	103
1247	119
1248	65
1249	117
1250	97
1251	98
1252	128
1253	82
1254	116
1255	85
1256	75
1257	101
1258	88
1259	100
1260	101
1261	99
1262	93
1263	116
1264	84
1265	100
1266	84
1267	112
1268	103
1269	79
1270	102
1271	104
1272	82
1273	115
1274	79
1275	111
1276	88
1277	113
1278	91
1279	141
1280	59
1281	96
1282	90
1283	98
1284	93
1285	77
1286	120
1287	70
1288	80
1289	102
1290	78
1291	95
1292	96
1293	81
1294	94
1295	69
1296	74
1297	84
1298	81
1299	98
1300	88
1301	66
1302	81
1303	79
1304	74
1305	83
1306	81
1307	82
1308	69
1309	74
1310	73
1311	67
1312	58
1313	57
1314	63
1315	67
1316	69
1317	62
1318	75
1319	73
1320	50
1321	61
1322	41
1323	57
1324	61
1325	58
1326	54
1327	60
1328	48
1329	47
1330	55
1331	57
1332	60
1333	38
1334	69
1335	49
1336	33
1337	50
1338	36
1339	65
1340	34
1341	38
1342	55
1343	48
1344	31
1345	41
1346	38
1347	36
1348	37
1349	46
1350	58
1351	42
1352	43
1353	41
1354	20
1355	34
1356	41
1357	41
1358	35
1359	37
1360	28
1361	31
1362	33
1363	33
1364	30
1365	31
1366	25
1367	28
1368	39
1369	27
1370	26
1371	42
1372	27
1373	36
1374	28
1375	31
1376	17
1377	28
1378	30
1379	21
1380	31
1381	25
1382	25
1383	32
1384	20
1385	28
1386	24
1387	21
1388	28
1389	16
1390	30
1391	28
1392	18
1393	28
1394	29
1395	25
1396	23
1397	23
1398	18
1399	23
1400	27
1401	23
1402	25
1403	26
1404	19
1405	25
1406	19
1407	25
1408	8
1409	21
1410	19
1411	14
1412	24
1413	16
1414	20
1415	18
1416	17
1417	21
1418	13
1419	27
1420	19
1421	20
1422	13
1423	11
1424	18
1425	15
1426	18
1427	25
1428	20
1429	18
1430	27
1431	17
1432	15
1433	18
1434	12
1435	17
1436	17
1437	8
1438	18
1439	23
1440	18
1441	19
1442	24
1443	11
1444	16
1445	12
1446	18
1447	17
1448	11
1449	16
1450	9
1451	13
1452	13
1453	11
1454	11
1455	9
1456	17
1457	8
1458	16
1459	16
1460	16
1461	3
1462	16
1463	13
1464	13
1465	12
1466	6
1467	18
1468	14
1469	13
1470	11
1471	15
1472	8
1473	7
1474	15
1475	10
1476	9
1477	7
1478	15
1479	10
1480	6
1481	14
1482	9
1483	9
1484	13
1485	15
1486	13
1487	7
1488	6
1489	15
1490	13
1491	6
1492	8
1493	8
1494	7
1495	2
1496	8
1497	4
1498	6
1499	9
1500	6
1501	7
1502	6
1503	4
1504	6
1505	9
1506	3
1507	3
1508	5
1509	5
1510	5
1511	2
1512	2
1513	9
1514	5
1515	1
1516	3
1517	6
1518	4
1519	5
1520	3
1521	4
1522	4
1523	4
1524	6
1525	3
1526	2
1527	3
1528	3
1529	5
1530	1
1531	5
1532	0
1533	3
1534	5
1535	9
1536	2
1537	4
1538	2
1539	2
1540	4
1541	0
1542	5
1543	2
1544	2
1545	1
1546	5
1547	3
1548	2
1549	1
1550	4
1551	0
1552	0
1553	3
1554	1
1555	3
1556	5
1557	1
1558	2
1559	3
1560	2
1561	3
1562	0
1563	1
1564	2
1565	1
1566	1
1567	2
1568	1
1569	3
1570	4
1571	5
1572	1
1573	3
1574	4
1575	0
1576	1
1577	2
1578	3
1579	0
1580	2
1581	3
1582	3
1583	4
1584	2
1585	2
1586	0
1587	2
1588	0
1589	0
1590	2
1591	2
1592	0
1593	2
1594	2
1595	5
1596	1
1597	6
1598	1
1599	2
1600	4
1601	3
1602	2
1603	2
1604	3
1605	1
1606	1
1607	3
1608	3
1609	0
1610	1
1611	2
1612	3
1613	0
1614	5
1615	0
1616	1
1617	3
1618	1
1619	1
1620	2
1621	0
1622	2
1623	2
1624	1
1625	2
1626	1
1627	3
1628	3
1629	4
1630	3
1631	1
1632	3
1633	3
1634	3
1635	3
1636	1
1637	0
1638	2
1639	3
1640	0
1641	1
1642	2
1643	1
1644	1
1645	3
1646	2
1647	0
1648	0
1649	2
1650	3
1651	8
1652	3
1653	2
1654	2
1655	3
1656	2
1657	2
1658	1
1659	2
1660	4
1661	4
1662	1
1663	2
1664	2
1665	0
1666	2
1667	2
1668	1
1669	0
1670	2
1671	0
1672	0
1673	0
1674	2
1675	4
1676	1
1677	1
1678	2
1679	1
1680	1
1681	1
1682	1
1683	2
1684	1
1685	2
1686	3
1687	0
1688	3
1689	1
1690	3
1691	4
1692	1
1693	1
1694	3
1695	2
1696	1
1697	5
1698	4
1699	1
1700	2
1701	1
1702	1
1703	1
1704	1
1705	1
1706	0
1707	1
1708	1
1709	2
1710	0
1711	2
1712	2
1713	3
1714	2
1715	0
1716	2
1717	0
1718	3
1719	0
1720	2
1721	2
1722	1
1723	2
1724	1
1725	1
1726	0
1727	1
1728	1
1729	3
1730	1
1731	3
1732	3
1733	2
1734	1
1735	0
1736	2
1737	1
1738	3
1739	1
1740	0
1741	3
1742	3
1743	1
1744	0
1745	3
1746	0
1747	1
1748	2
1749	0
1750	1
1751	0
1752	2
1753	0
1754	1
1755	0
1756	3
1757	1
1758	0
1759	1
1760	3
1761	0
1762	3
1763	3
1764	0
1765	1
1766	0
1767	2
1768	3
1769	1
1770	0
1771	1
1772	1
1773	1
1774	1
1775	0
1776	0
1777	0
1778	0
1779	0
1780	0
1781	0
1782	3
1783	0
1784	0
1785	0
1786	1
1787	0
1788	4
1789	0
1790	0
1791	0
1792	0
1793	3
1794	0
1795	0
1796	3
1797	0
1798	3
1799	0
1800	2
1801	0
1802	2
1803	0
1804	1
1805	2
1806	2
1807	1
1808	1
1809	0
1810	3
1811	0
1812	0
1813	2
1814	0
1815	0
1816	2
1817	0
1818	1
1819	0
1820	1
1821	1
1822	0
1823	0
1824	0
1825	1
1826	2
1827	0
1828	2
1829	0
1830	1
1831	0
1832	1
1833	0
1834	2
1835	0
1836	3
1837	2
1838	0
1839	0
1840	0
1841	0
1842	0
1843	0
1844	2
1845	0
1846	1
1847	1
1848	1
1849	1
1850	0
1851	0
1852	0
1853	0
1854	1
1855	1
1856	0
1857	1
1858	0
1859	1
1860	0
1861	1
1862	0
1863	0
1864	4
1865	0
1866	1
1867	2
1868	0
1869	2
1870	0
1871	0
1872	0
1873	2
1874	0
1875	0
1876	1
1877	1
1878	0
1879	0
1880	2
1881	0
1882	1
1883	1
1884	0
1885	2
1886	0
1887	0
1888	0
1889	0
1890	0
1891	0
1892	1
1893	0
1894	1
1895	0
1896	0
1897	0
1898	2
1899	0
1900	1
1901	0
1902	0
1903	0
1904	0
1905	0
1906	0
1907	1
1908	1
1909	2
1910	1
1911	0
1912	0
1913	1
1914	0
1915	0
1916	0
1917	0
1918	0
1919	1
1920	0
1921	1
1922	0
1923	1
1924	0
1925	1
1926	0
1927	0
1928	1
1929	0
1930	0
1931	0
1932	1
1933	0
1934	1
1935	0
1936	1
1937	0
1938	0
1939	0
1940	0
1941	0
1942	1
1943	0
1944	0
1945	0
1946	0
1947	0
1948	1
1949	0
1950	0
1951	0
1952	0
1953	1
1954	0
1955	0
1956	0
1957	1
1958	0
1959	1
1960	0
1961	0
1962	0
1963	1
1964	2
1965	1
1966	0
1967	0
1968	0
1969	0
1970	1
1971	0
1972	0
1973	0
1974	1
1975	0
1976	0
1977	3
1978	1
1979	0
1980	0
1981	0
1982	0
1983	0
1984	1
1985	0
1986	0
1987	0
1988	1
1989	0
1990	1
1991	0
1992	0
1993	0
1994	0
1995	0
1996	1
1997	0
1998	1
1999	1
2000	0
2001	2
2002	1
2003	0
2004	0
2005	1
2006	0
2007	0
2008	1
2009	0
2010	1
2011	0
2012	1
2013	0
2014	1
2015	0
2016	0
2017	0
2018	0
2019	2
2020	1
2021	0
2022	1
2023	0
2024	0
2025	0
2026	1
2027	0
2028	0
2029	1
2030	0
2031	0
2032	0
2033	1
2034	0
2035	0
2036	0
2037	0
2038	2
2039	1
2040	0
2041	2
2042	0
2043	1
2044	1
2045	1
2046	1
2047	1
2048	0
2049	1
2050	0
2051	0
2052	0
2053	0
2054	0
2055	1
2056	1
2057	0
2058	1
2059	1
2060	1
2061	3
2062	0
2063	0
2064	0
2065	1
2066	0
2067	0
2068	0
2069	1
2070	0
2071	1
2072	0
2073	0
2074	0
2075	0
2076	0
2077	0
2078	1
2079	1
2080	1
2081	0
2082	2
2083	0
2084	0
2085	0
2086	0
2087	0
2088	1
2089	0
2090	0
2091	1
2092	1
2093	0
2094	0
2095	1
2096	0
2097	0
2098	3
2099	1
2100	0
2101	2
2102	0
2103	0
2104	0
2105	1
2106	1
2107	0
2108	1
2109	0
2110	0
2111	0
2112	1
2113	1
2114	0
2115	0
2116	0
2117	0
2118	0
2119	0
2120	0
2121	2
2122	1
2123	0
2124	1
2125	0
2126	0
2127	1
2128	0
2129	0
2130	0
2131	0
2132	0
2133	1
2134	0
2135	0
2136	0
2137	1
2138	1
2139	1
2140	0
2141	0
2142	0
2143	0
2144	0
2145	0
2146	0
2147	0
2148	0
2149	2
2150	0
2151	1
2152	0
2153	0
2154	0
2155	0
2156	1
2157	0
2158	0
2159	2
2160	1
2161	3
2162	0
2163	0
2164	0
2165	0
2166	0
2167	0
2168	0
2169	1
2170	0
2171	1
2172	0
2173	1
2174	0
2175	1
2176	1
2177	0
2178	0
2179	0
2180	1
2181	0
2182	0
2183	1
2184	1
2185	0
2186	0
2187	0
2188	0
2189	0
2190	0
2191	0
2192	0
2193	1
2194	0
2195	0
2196	0
2197	0
2198	0
2199	0
2200	0
2201	1
2202	0
2203	0
2204	0
2205	0
2206	0
2207	0
2208	0
2209	0
2210	0
2211	0
2212	0
2213	0
2214	1
2215	0
2216	0
2217	0
2218	0
2219	2
2220	0
2221	0
2222	0
2223	0
2224	0
2225	0
2226	1
2227	1
2228	1
2229	0
2230	0
2231	0
2232	0
2233	1
2234	0
2235	0
2236	1
2237	0
2238	0
2239	0
2240	0
2241	1
2242	0
2243	1
2244	0
2245	0
2246	0
2247	0
2248	0
2249	0
2250	0
2251	0
2252	0
2253	0
2254	0
2255	0
2256	1
2257	0
2258	0
2259	1
2260	1
2261	0
2262	0
2263	0
2264	0
2265	0
2266	1
2267	1
2268	0
2269	0
2270	0
2271	0
2272	0
2273	0
2274	1
2275	0
2276	0
2277	1
2278	1
2279	0
2280	0
2281	0
2282	0
2283	0
2284	0
2285	0
2286	1
2287	0
2288	0
2289	0
2290	1
2291	0
2292	0
2293	1
2294	0
2295	0
2296	0
2297	0
2298	0
2299	1
2300	0
2301	0
2302	0
2303	0
2304	0
2305	0
2306	0
2307	3
2308	0
2309	1
2310	1
2311	0
2312	0
2313	0
2314	0
2315	0
2316	0
2317	1
2318	1
2319	0
2320	1
2321	0
2322	0
2323	0
2324	0
2325	0
2326	2
2327	0
2328	0
2329	0
2330	0
2331	0
2332	0
2333	0
2334	0
2335	0
2336	0
2337	0
2338	0
2339	0
2340	0
2341	0
2342	0
2343	0
2344	0
2345	0
2346	0
2347	0
2348	0
2349	0
2350	1
2351	0
2352	1
2353	1
2354	0
2355	1
2356	0
2357	0
2358	0
2359	0
2360	1
2361	0
2362	1
2363	0
2364	0
2365	0
2366	0
2367	0
2368	0
2369	0
2370	1
2371	0
2372	0
2373	0
2374	0
2375	0
2376	0
2377	1
2378	0
2379	1
2380	0
2381	1
2382	0
2383	0
2384	1
2385	0
2386	1
2387	0
2388	2
2389	0
2390	0
2391	0
2392	0
2393	0
2394	0
2395	0
2396	0
2397	1
2398	0
2399	1
2400	0
2401	1
2402	1
2403	2
2404	0
2405	0
2406	0
2407	0
2408	1
2409	1
2410	0
2411	1
2412	2
2413	0
2414	0
2415	0
2416	0
2417	0
2418	0
2419	0
2420	0
2421	0
2422	1
2423	0
2424	0
2425	0
2426	0
2427	0
2428	0
2429	0
2430	0
2431	1
2432	0
2433	2
2434	0
2435	0
2436	1
2437	0
2438	0
2439	1
2440	0
2441	2
2442	0
2443	0
2444	0
2445	0
2446	0
2447	1
2448	0
2449	0
2450	0
2451	0
2452	0
2453	0
2454	0
2455	0
2456	0
2457	0
2458	0
2459	0
2460	0
2461	0
2462	0
2463	1
2464	0
2465	0
2466	1
2467	0
2468	0
2469	0
2470	0
2471	0
2472	0
2473	0
2474	0
2475	0
2476	1
2477	0
2478	0
2479	1
2480	0
2481	1
2482	0
2483	1
2484	0
2485	0
2486	0
2487	0
2488	0
2489	0
2490	0
2491	0
2492	0
2493	1
2494	0
2495	0
2496	0
2497	0
2498	0
2499	0
2500	1
2501	0
2502	0
2503	0
2504	2
2505	0
2506	0
2507	0
2508	0
2509	0
2510	0
2511	0
2512	0
2513	0
2514	0
2515	0
2516	1
2517	1
2518	0
2519	0
2520	1
2521	0
2522	1
2523	0
2524	1
2525	0
2526	0
2527	0
2528	0
2529	2
2530	0
2531	0
2532	0
2533	0
2534	1
2535	1
2536	0
2537	1
2538	0
2539	2
2540	0
2541	0
2542	1
2543	0
2544	0
2545	0
2546	0
2547	0
2548	1
2549	0
2550	0
2551	0
2552	0
2553	0
2554	0
2555	0
2556	0
2557	1
2558	0
2559	0
2560	1
2561	0
2562	0
2563	0
2564	1
2565	0
2566	0
2567	0
2568	0
2569	0
2570	0
2571	0
2572	0
2573	0
2574	0
2575	0
2576	0
2577	1
2578	1
2579	0
2580	0
2581	0
2582	0
2583	0
2584	0
2585	0
2586	0
2587	0
2588	0
2589	0
2590	0
2591	0
2592	0
2593	0
2594	0
2595	0
2596	0
2597	1
2598	0
2599	0
2600	0
2601	0
2602	0
2603	1
2604	0
2605	0
2606	1
2607	1
2608	0
2609	1
2610	0
2611	0
2612	0
2613	0
2614	0
2615	0
2616	0
2617	0
2618	0
2619	0
2620	0
2621	0
2622	0
2623	0
2624	0
2625	0
2626	0
2627	0
2628	0
2629	0
2630	0
2631	0
2632	0
2633	0
2634	0
2635	0
2636	0
2637	0
2638	0
2639	0
2640	0
2641	1
2642	0
2643	0
2644	0
2645	0
2646	0
2647	0
2648	1
2649	0
2650	0
2651	0
2652	0
2653	0
2654	1
2655	1
2656	0
2657	0
2658	0
2659	0
2660	0
2661	1
2662	0
2663	0
2664	0
2665	1
2666	0
2667	0
2668	0
2669	1
2670	0
2671	0
2672	1
2673	0
2674	0
2675	0
2676	0
2677	0
2678	0
2679	0
2680	1
2681	0
2682	0
2683	0
2684	0
2685	1
2686	0
2687	0
2688	0
2689	0
2690	0
2691	0
2692	0
2693	1
2694	0
2695	0
2696	0
2697	0
2698	0
2699	0
2700	0
2701	1
2702	0
2703	1
2704	0
2705	0
2706	0
2707	0
2708	0
2709	0
2710	0
2711	0
2712	0
2713	0
2714	0
2715	0
2716	0
2717	0
2718	0
2719	0
2720	1
2721	0
2722	0
2723	0
2724	0
2725	0
2726	0
2727	0
2728	0
2729	1
2730	0
2731	0
2732	0
2733	2
2734	0
2735	0
2736	0
2737	0
2738	0
2739	0
2740	1
2741	0
2742	0
2743	0
2744	0
2745	0
2746	0
2747	0
2748	0
2749	0
2750	1
2751	0
2752	0
2753	0
2754	0
2755	0
2756	0
2757	0
2758	0
2759	0
2760	0
2761	0
2762	0
2763	0
2764	0
2765	0
2766	0
2767	0
2768	0
2769	1
2770	0
2771	1
2772	1
2773	0
2774	0
2775	0
2776	0
2777	1
2778	0
2779	1
2780	0
2781	0
2782	0
2783	0
2784	1
2785	0
2786	0
2787	1
2788	1
2789	1
2790	0
2791	1
2792	0
2793	0
2794	0
2795	0
2796	0
2797	0
2798	2
2799	0
2800	0
2801	0
2802	0
2803	0
2804	0
2805	1
2806	0
2807	0
2808	0
2809	0
2810	0
2811	0
2812	0
2813	0
2814	2
2815	0
2816	0
2817	1
2818	0
2819	1
2820	1
2821	0
2822	0
2823	1
2824	1
2825	0
2826	0
2827	2
2828	0
2829	0
2830	0
2831	0
2832	1
2833	0
2834	0
2835	0
2836	0
2837	0
2838	1
2839	0
2840	1
2841	1
2842	0
2843	1
2844	0
2845	1
2846	0
2847	0
2848	1
2849	0
2850	0
2851	0
2852	0
2853	1
2854	0
2855	0
2856	0
2857	0
2858	0
2859	0
2860	0
2861	0
2862	0
2863	0
2864	1
2865	0
2866	0
2867	0
2868	0
2869	0
2870	0
2871	0
2872	0
2873	0
2874	0
2875	0
2876	0
2877	0
2878	0
2879	0
2880	0
2881	1
2882	0
2883	0
2884	0
2885	0
2886	0
2887	0
2888	0
2889	0
2890	0
2891	0
2892	0
2893	0
2894	0
2895	0
2896	1
2897	0
2898	0
2899	0
2900	0
2901	0
2902	0
2903	0
2904	0
2905	0
2906	0
2907	0
2908	0
2909	0
2910	0
2911	0
2912	0
2913	0
2914	0
2915	0
2916	0
2917	0
2918	0
2919	1
2920	0
2921	1
2922	0
2923	1
2924	0
2925	0
2926	0
2927	1
2928	0
2929	0
2930	0
2931	0
2932	0
2933	0
2934	0
2935	0
2936	0
2937	0
2938	0
2939	0
2940	0
2941	0
2942	0
2943	0
2944	0
2945	0
2946	0
2947	0
2948	0
2949	1
2950	0
2951	1
2952	1
2953	0
2954	0
2955	0
2956	0
2957	0
2958	0
2959	0
2960	0
2961	0
2962	0
2963	0
2964	0
2965	0
2966	0
2967	0
2968	0
2969	0
2970	0
2971	0
2972	0
2973	0
2974	1
2975	0
2976	0
2977	0
2978	0
2979	0
2980	0
2981	0
2982	0
2983	0
2984	0
2985	0
2986	0
2987	1
2988	0
2989	1
2990	0
2991	0
2992	0
2993	0
2994	0
2995	0
2996	0
2997	0
2998	0
2999	0
3000	0
3001	0
3002	0
3003	0
3004	0
3005	0
3006	0
3007	0
3008	0
3009	0
3010	1
3011	0
3012	0
3013	0
3014	0
3015	0
3016	1
3017	0
3018	0
3019	0
3020	0
3021	0
3022	0
3023	0
3024	0
3025	0
3026	0
3027	1
3028	0
3029	0
3030	0
3031	0
3032	0
3033	0
3034	0
3035	1
3036	0
3037	1
3038	1
3039	0
3040	0
3041	0
3042	0
3043	0
3044	0
3045	0
3046	0
3047	0
3048	0
3049	0
3050	0
3051	0
3052	0
3053	0
3054	0
3055	0
3056	1
3057	0
3058	0
3059	0
3060	0
3061	0
3062	1
3063	0
3064	0
3065	0
3066	0
3067	1
3068	0
3069	0
3070	0
3071	1
3072	0
3073	2
3074	0
3075	0
3076	0
3077	0
3078	0
3079	0
3080	0
3081	1
3082	0
3083	0
3084	0
3085	0
3086	0
3087	0
3088	0
3089	0
3090	0
3091	1
3092	0
3093	0
3094	0
3095	0
3096	0
3097	0
3098	0
3099	0
3100	0
3101	0
3102	0
3103	0
3104	0
3105	0
3106	0
3107	0
3108	0
3109	0
3110	0
3111	0
3112	0
3113	0
3114	0
3115	0
3116	0
3117	0
3118	0
3119	0
3120	0
3121	0
3122	0
3123	0
3124	0
3125	1
3126	0
3127	1
3128	0
3129	0
3130	1
3131	0
3132	1
3133	0
3134	0
3135	0
3136	0
3137	0
3138	1
3139	0
3140	1
3141	0
3142	1
3143	0
3144	0
3145	0
3146	0
3147	0
3148	0
3149	0
3150	1
3151	0
3152	0
3153	0
3154	0
3155	0
3156	0
3157	0
3158	0
3159	0
3160	0
3161	0
3162	0
3163	0
3164	0
3165	0
3166	0
3167	0
3168	0
3169	0
3170	0
3171	0
3172	0
3173	0
3174	0
3175	0
3176	0
3177	0
3178	0
3179	0
3180	1
3181	0
3182	0
3183	0
3184	1
3185	0
3186	0
3187	0
3188	0
3189	0
3190	0
3191	0
3192	1
3193	0
3194	1
3195	0
3196	0
3197	0
3198	0
3199	0
3200	0
3201	0
3202	0
3203	0
3204	0
3205	0
3206	0
3207	0
3208	0
3209	0
3210	0
3211	0
3212	0
3213	0
3214	0
3215	0
3216	0
3217	0
3218	0
3219	0
3220	2
3221	0
3222	0
3223	0
3224	1
3225	0
3226	0
3227	0
3228	0
3229	1
3230	0
3231	0
3232	0
3233	0
3234	0
3235	1
3236	1
3237	0
3238	0
3239	1
3240	0
3241	0
3242	0
3243	0
3244	1
3245	0
3246	0
3247	0
3248	0
3249	0
3250	0
3251	0
3252	1
3253	0
3254	0
3255	0
3256	0
3257	0
3258	0
3259	1
3260	0
3261	0
3262	0
3263	0
3264	0
3265	0
3266	1
3267	0
3268	0
3269	0
3270	1
3271	0
3272	0
3273	0
3274	0
3275	0
3276	1
3277	1
3278	0
3279	0
3280	0
3281	1
3282	0
3283	1
3284	0
3285	0
3286	0
3287	0
3288	0
3289	0
3290	0
3291	0
3292	0
3293	0
3294	1
3295	0
3296	0
3297	0
3298	1
3299	0
3300	0
3301	0
3302	1
3303	0
3304	0
3305	1
3306	1
3307	0
3308	1
3309	0
3310	0
3311	0
3312	0
3313	0
3314	1
3315	0
3316	0
3317	0
3318	1
3319	0
3320	0
3321	0
3322	0
3323	1
3324	0
3325	0
3326	0
3327	0
3328	0
3329	0
3330	0
3331	0
3332	0
3333	0
3334	0
3335	0
3336	1
3337	1
3338	0
3339	0
3340	0
3341	0
3342	1
3343	0
3344	0
3345	0
3346	0
3347	0
3348	0
3349	0
3350	0
3351	0
3352	0
3353	0
3354	0
3355	0
3356	0
3357	0
3358	0
3359	0
3360	0
3361	0
3362	0
3363	0
3364	0
3365	1
3366	0
3367	0
3368	0
3369	0
3370	1
3371	0
3372	0
3373	0
3374	0
3375	0
3376	0
3377	0
3378	0
3379	0
3380	0
3381	1
3382	0
3383	0
3384	0
3385	0
3386	0
3387	0
3388	0
3389	0
3390	1
3391	0
3392	0
3393	0
3394	1
3395	0
3396	0
3397	1
3398	0
3399	0
3400	0
3401	0
3402	0
3403	0
3404	0
3405	0
3406	0
3407	0
3408	0
3409	0
3410	0
3411	0
3412	0
3413	0
3414	0
3415	0
3416	0
3417	0
3418	0
3419	0
3420	0
3421	0
3422	0
3423	0
3424	0
3425	0
3426	0
3427	0
3428	0
3429	0
3430	1
3431	0
3432	0
3433	0
3434	0
3435	0
3436	0
3437	0
3438	1
3439	0
3440	0
3441	0
3442	0
3443	1
3444	0
3445	0
3446	0
3447	0
3448	0
3449	0
3450	0
3451	0
3452	0
3453	0
3454	0
3455	0
3456	0
3457	0
3458	0
3459	0
3460	0
3461	0
3462	0
3463	0
3464	0
3465	2
3466	1
3467	0
3468	0
3469	0
3470	0
3471	0
3472	0
3473	0
3474	0
3475	0
3476	0
3477	0
3478	0
3479	0
3480	0
3481	1
3482	0
3483	0
3484	0
3485	0
3486	0
3487	0
3488	0
3489	0
3490	0
3491	0
3492	1
3493	0
3494	0
3495	0
3496	0
3497	0
3498	1
3499	0
3500	1
3501	0
3502	0
3503	0
3504	1
3505	0
3506	0
3507	0
3508	0
3509	0
3510	0
3511	0
3512	0
3513	0
3514	0
3515	0
3516	0
3517	0
3518	0
3519	0
3520	0
3521	0
3522	0
3523	0
3524	0
3525	0
3526	0
3527	0
3528	0
3529	0
3530	0
3531	0
3532	0
3533	0
3534	2
3535	1
3536	0
3537	0
3538	0
3539	0
3540	0
3541	0
3542	1
3543	0
3544	0
3545	0
3546	0
3547	0
3548	0
3549	0
3550	0
3551	0
3552	0
3553	0
3554	0
3555	0
3556	0
3557	0
3558	0
3559	0
3560	0
3561	0
3562	0
3563	0
3564	0
3565	0
3566	0
3567	0
3568	1
3569	0
3570	0
3571	0
3572	0
3573	1
3574	0
3575	0
3576	1
3577	0
3578	0
3579	0
3580	0
3581	0
3582	0
3583	0
3584	0
3585	0
3586	0
3587	0
3588	0
3589	0
3590	0
3591	0
3592	0
3593	0
3594	0
3595	0
3596	0
3597	0
3598	0
3599	0
3600	1
3601	0
3602	0
3603	0
3604	1
3605	0
3606	0
3607	1
3608	0
3609	0
3610	0
3611	0
3612	0
3613	0
3614	0
3615	1
3616	0
3617	0
3618	0
3619	0
3620	0
3621	0
3622	0
3623	0
3624	0
3625	0
3626	0
3627	0
3628	0
3629	0
3630	0
3631	0
3632	0
3633	0
3634	0
3635	0
3636	0
3637	0
3638	0
3639	0
3640	0
3641	1
3642	0
3643	0
3644	1
3645	0
3646	1
3647	0
3648	0
3649	0
3650	0
3651	0
3652	1
3653	0
3654	0
3655	0
3656	0
3657	0
3658	0
3659	0
3660	0
3661	0
3662	0
3663	0
3664	0
3665	0
3666	1
3667	0
3668	0
3669	0
3670	0
3671	0
3672	0
3673	0
3674	0
3675	0
3676	1
3677	0
3678	0
3679	0
3680	0
3681	0
3682	0
3683	0
3684	0
3685	0
3686	1
3687	1
3688	0
3689	0
3690	1
3691	0
3692	0
3693	0
3694	0
3695	0
3696	0
3697	1
3698	0
3699	0
3700	0
3701	0
3702	0
3703	0
3704	0
3705	0
3706	0
3707	0
3708	0
3709	1
3710	0
3711	0
3712	0
3713	0
3714	0
3715	0
3716	0
3717	0
3718	0
3719	0
3720	0
3721	0
3722	0
3723	0
3724	0
3725	0
3726	0
3727	0
3728	0
3729	0
3730	0
3731	0
3732	0
3733	1
3734	0
3735	0
3736	0
3737	0
3738	0
3739	0
3740	1
3741	0
3742	0
3743	0
3744	0
3745	0
3746	0
3747	0
3748	0
3749	0
3750	0
3751	0
3752	0
3753	1
3754	0
3755	0
3756	0
3757	0
3758	0
3759	0
3760	1
3761	0
3762	0
3763	1
3764	1
3765	0
3766	0
3767	0
3768	0
3769	0
3770	0
3771	1
3772	0
3773	0
3774	0
3775	0
3776	0
3777	0
3778	0
3779	0
3780	0
3781	1
3782	0
3783	0
3784	0
3785	1
3786	0
3787	0
3788	0
3789	0
3790	0
3791	0
3792	0
3793	1
3794	0
3795	1
3796	0
3797	0
3798	0
3799	0
3800	0
3801	0
3802	0
3803	0
3804	0
3805	0
3806	0
3807	0
3808	0
3809	0
3810	0
3811	0
3812	0
3813	0
3814	0
3815	0
3816	0
3817	0
3818	0
3819	0
3820	0
3821	0
3822	0
3823	1
3824	0
3825	0
3826	0
3827	0
3828	0
3829	0
3830	0
3831	0
3832	0
3833	1
3834	1
3835	0
3836	1
3837	0
3838	0
3839	0
3840	0
3841	0
3842	0
3843	0
3844	0
3845	0
3846	0
3847	0
3848	0
3849	0
3850	1
3851	0
3852	1
3853	0
3854	0
3855	0
3856	0
3857	0
3858	0
3859	0
3860	0
3861	0
3862	0
3863	0
3864	0
3865	0
3866	0
3867	0
3868	0
3869	0
3870	0
3871	0
3872	0
3873	1
3874	0
3875	0
3876	0
3877	0
3878	0
3879	0
3880	0
3881	0
3882	0
3883	0
3884	0
3885	0
3886	0
3887	1
3888	0
3889	0
3890	0
3891	0
3892	0
3893	1
3894	0
3895	0
3896	0
3897	0
3898	0
3899	0
3900	0
3901	0
3902	0
3903	0
3904	0
3905	0
3906	0
3907	0
3908	0
3909	0
3910	0
3911	0
3912	0
3913	0
3914	0
3915	0
3916	0
3917	0
3918	0
3919	0
3920	0
3921	0
3922	0
3923	0
3924	0
3925	1
3926	0
3927	0
3928	0
3929	0
3930	0
3931	1
3932	0
3933	1
3934	0
3935	0
3936	0
3937	0
3938	0
3939	0
3940	0
3941	0
3942	0
3943	0
3944	0
3945	0
3946	0
3947	0
3948	0
3949	0
3950	0
3951	1
3952	0
3953	0
3954	0
3955	0
3956	0
3957	0
3958	0
3959	1
3960	0
3961	0
3962	0
3963	0
3964	1
3965	0
3966	0
3967	0
3968	0
3969	0
3970	0
3971	0
3972	1
3973	0
3974	0
3975	0
3976	0
3977	0
3978	0
3979	0
3980	2
3981	0
3982	0
3983	0
3984	0
3985	0
3986	0
3987	0
3988	1
3989	0
3990	0
3991	0
3992	0
3993	0
3994	0
3995	0
3996	0
3997	1
3998	0
3999	1
4000	0
