Kanalnummer	Impulse
Kanal/#	Impulse/#

0	0
1	0
2	0
3	0
4	0
5	0
6	0
7	0
8	0
9	0
10	0
11	0
12	0
13	0
14	0
15	0
16	0
17	0
18	0
19	0
20	0
21	0
22	0
23	0
24	0
25	0
26	0
27	0
28	0
29	0
30	0
31	0
32	0
33	0
34	0
35	0
36	0
37	0
38	0
39	0
40	0
41	0
42	0
43	0
44	0
45	0
46	0
47	0
48	0
49	0
50	0
51	0
52	0
53	0
54	0
55	0
56	0
57	0
58	0
59	0
60	0
61	0
62	0
63	0
64	0
65	0
66	0
67	0
68	0
69	0
70	0
71	0
72	0
73	0
74	0
75	0
76	0
77	0
78	0
79	0
80	0
81	0
82	0
83	0
84	1
85	0
86	0
87	0
88	1
89	0
90	0
91	1
92	2
93	0
94	0
95	0
96	0
97	0
98	0
99	0
100	0
101	0
102	0
103	0
104	0
105	0
106	0
107	0
108	0
109	0
110	0
111	0
112	0
113	0
114	0
115	0
116	0
117	0
118	1
119	0
120	0
121	0
122	0
123	0
124	0
125	1
126	0
127	0
128	1
129	1
130	0
131	0
132	0
133	0
134	0
135	0
136	0
137	0
138	0
139	0
140	1
141	0
142	0
143	0
144	1
145	0
146	0
147	0
148	0
149	0
150	0
151	0
152	1
153	0
154	0
155	0
156	0
157	0
158	0
159	0
160	0
161	0
162	0
163	0
164	1
165	0
166	0
167	0
168	0
169	1
170	0
171	0
172	0
173	0
174	0
175	0
176	1
177	0
178	0
179	2
180	0
181	0
182	0
183	1
184	0
185	0
186	0
187	0
188	0
189	0
190	0
191	0
192	1
193	0
194	0
195	0
196	0
197	0
198	0
199	0
200	0
201	0
202	0
203	0
204	0
205	1
206	0
207	0
208	0
209	0
210	0
211	0
212	0
213	0
214	1
215	0
216	0
217	0
218	0
219	2
220	0
221	0
222	0
223	0
224	0
225	0
226	1
227	0
228	0
229	0
230	1
231	0
232	0
233	0
234	0
235	0
236	1
237	1
238	0
239	0
240	0
241	1
242	0
243	0
244	0
245	0
246	0
247	0
248	0
249	0
250	0
251	0
252	0
253	0
254	0
255	0
256	0
257	0
258	0
259	0
260	0
261	0
262	0
263	0
264	1
265	0
266	0
267	1
268	0
269	1
270	0
271	0
272	0
273	0
274	1
275	0
276	1
277	0
278	0
279	0
280	0
281	0
282	0
283	0
284	0
285	0
286	0
287	0
288	0
289	0
290	0
291	0
292	0
293	0
294	0
295	0
296	0
297	1
298	0
299	0
300	0
301	0
302	0
303	0
304	0
305	0
306	0
307	0
308	0
309	0
310	0
311	0
312	0
313	0
314	0
315	0
316	0
317	0
318	1
319	0
320	0
321	0
322	0
323	0
324	0
325	0
326	0
327	0
328	1
329	0
330	0
331	0
332	0
333	1
334	0
335	0
336	0
337	0
338	0
339	0
340	0
341	0
342	1
343	0
344	0
345	0
346	0
347	0
348	0
349	2
350	1
351	0
352	0
353	1
354	0
355	1
356	0
357	0
358	0
359	0
360	0
361	0
362	1
363	0
364	1
365	0
366	0
367	0
368	0
369	0
370	1
371	1
372	0
373	0
374	0
375	1
376	0
377	0
378	0
379	0
380	0
381	0
382	0
383	1
384	0
385	0
386	0
387	0
388	0
389	0
390	0
391	0
392	0
393	1
394	0
395	0
396	0
397	0
398	0
399	0
400	0
401	0
402	0
403	0
404	0
405	0
406	0
407	1
408	0
409	0
410	0
411	0
412	0
413	0
414	0
415	0
416	0
417	0
418	0
419	1
420	0
421	0
422	0
423	0
424	0
425	0
426	0
427	0
428	1
429	0
430	0
431	1
432	0
433	0
434	0
435	0
436	0
437	1
438	0
439	0
440	0
441	0
442	1
443	0
444	0
445	1
446	0
447	0
448	0
449	0
450	0
451	0
452	0
453	0
454	0
455	0
456	0
457	0
458	0
459	0
460	0
461	0
462	0
463	0
464	0
465	0
466	0
467	0
468	0
469	0
470	0
471	0
472	0
473	0
474	0
475	0
476	1
477	0
478	0
479	0
480	0
481	1
482	1
483	0
484	0
485	0
486	0
487	0
488	1
489	0
490	0
491	0
492	0
493	1
494	2
495	0
496	0
497	1
498	0
499	0
500	0
501	0
502	0
503	0
504	0
505	0
506	0
507	0
508	0
509	0
510	0
511	0
512	1
513	0
514	0
515	1
516	0
517	0
518	0
519	0
520	0
521	0
522	0
523	0
524	0
525	0
526	0
527	0
528	0
529	0
530	0
531	0
532	0
533	2
534	0
535	0
536	2
537	0
538	0
539	0
540	0
541	0
542	0
543	0
544	0
545	0
546	0
547	1
548	0
549	0
550	0
551	0
552	0
553	0
554	0
555	0
556	1
557	0
558	0
559	0
560	0
561	0
562	0
563	0
564	0
565	0
566	0
567	0
568	0
569	0
570	0
571	1
572	0
573	0
574	0
575	0
576	0
577	0
578	0
579	1
580	0
581	0
582	0
583	0
584	0
585	0
586	2
587	1
588	0
589	0
590	0
591	0
592	1
593	0
594	0
595	0
596	0
597	1
598	0
599	0
600	0
601	0
602	0
603	0
604	1
605	2
606	0
607	0
608	0
609	0
610	0
611	0
612	0
613	0
614	0
615	0
616	0
617	0
618	0
619	0
620	0
621	0
622	0
623	0
624	0
625	0
626	0
627	1
628	1
629	0
630	0
631	0
632	0
633	0
634	1
635	0
636	0
637	0
638	0
639	0
640	0
641	0
642	0
643	0
644	0
645	0
646	0
647	0
648	0
649	0
650	0
651	0
652	0
653	1
654	0
655	0
656	0
657	0
658	0
659	0
660	0
661	0
662	0
663	0
664	0
665	0
666	0
667	0
668	0
669	0
670	0
671	1
672	0
673	0
674	0
675	0
676	0
677	0
678	0
679	0
680	0
681	0
682	0
683	1
684	0
685	1
686	0
687	0
688	0
689	0
690	0
691	0
692	0
693	0
694	0
695	0
696	0
697	0
698	0
699	1
700	0
701	0
702	0
703	0
704	0
705	0
706	1
707	1
708	0
709	0
710	0
711	0
712	0
713	0
714	1
715	0
716	0
717	0
718	0
719	0
720	0
721	1
722	0
723	0
724	1
725	0
726	1
727	0
728	0
729	0
730	0
731	0
732	0
733	0
734	0
735	0
736	1
737	0
738	0
739	0
740	0
741	0
742	1
743	0
744	0
745	0
746	0
747	0
748	0
749	0
750	1
751	0
752	2
753	0
754	0
755	0
756	0
757	0
758	0
759	1
760	0
761	0
762	0
763	0
764	0
765	0
766	0
767	0
768	0
769	1
770	0
771	0
772	0
773	0
774	0
775	0
776	0
777	0
778	0
779	0
780	0
781	0
782	0
783	1
784	0
785	0
786	0
787	0
788	0
789	0
790	1
791	0
792	0
793	0
794	0
795	0
796	0
797	0
798	0
799	0
800	0
801	0
802	0
803	0
804	0
805	0
806	0
807	0
808	0
809	0
810	0
811	0
812	2
813	0
814	0
815	0
816	0
817	0
818	1
819	0
820	0
821	0
822	0
823	0
824	0
825	0
826	0
827	0
828	0
829	0
830	0
831	1
832	0
833	1
834	0
835	0
836	0
837	0
838	0
839	0
840	0
841	0
842	0
843	0
844	0
845	0
846	0
847	0
848	0
849	0
850	0
851	0
852	0
853	0
854	0
855	0
856	0
857	2
858	0
859	0
860	0
861	1
862	0
863	0
864	0
865	0
866	0
867	0
868	0
869	0
870	1
871	0
872	0
873	0
874	0
875	0
876	0
877	0
878	0
879	1
880	0
881	1
882	0
883	0
884	0
885	0
886	0
887	0
888	0
889	0
890	0
891	0
892	0
893	0
894	0
895	0
896	0
897	0
898	0
899	0
900	0
901	0
902	0
903	0
904	0
905	0
906	0
907	0
908	0
909	0
910	0
911	0
912	1
913	1
914	0
915	0
916	0
917	0
918	0
919	0
920	1
921	0
922	0
923	0
924	0
925	0
926	0
927	1
928	2
929	0
930	0
931	0
932	2
933	0
934	0
935	0
936	0
937	0
938	0
939	1
940	0
941	0
942	0
943	0
944	0
945	0
946	0
947	0
948	0
949	0
950	0
951	0
952	0
953	0
954	0
955	0
956	0
957	0
958	0
959	0
960	1
961	0
962	1
963	0
964	0
965	0
966	0
967	0
968	2
969	1
970	0
971	0
972	0
973	0
974	0
975	1
976	0
977	0
978	0
979	0
980	0
981	0
982	1
983	0
984	0
985	0
986	0
987	1
988	0
989	0
990	0
991	0
992	0
993	2
994	0
995	0
996	0
997	0
998	0
999	0
1000	0
1001	0
1002	0
1003	0
1004	0
1005	1
1006	0
1007	1
1008	0
1009	0
1010	0
1011	0
1012	0
1013	0
1014	0
1015	1
1016	0
1017	1
1018	0
1019	0
1020	1
1021	0
1022	1
1023	0
1024	0
1025	1
1026	0
1027	0
1028	1
1029	0
1030	0
1031	0
1032	2
1033	1
1034	1
1035	0
1036	0
1037	1
1038	0
1039	0
1040	0
1041	1
1042	1
1043	1
1044	0
1045	0
1046	2
1047	1
1048	0
1049	0
1050	1
1051	2
1052	1
1053	1
1054	0
1055	2
1056	0
1057	2
1058	1
1059	1
1060	1
1061	0
1062	1
1063	1
1064	0
1065	0
1066	0
1067	0
1068	1
1069	0
1070	0
1071	1
1072	0
1073	0
1074	4
1075	1
1076	2
1077	2
1078	0
1079	0
1080	0
1081	2
1082	1
1083	0
1084	4
1085	2
1086	1
1087	2
1088	0
1089	0
1090	1
1091	1
1092	1
1093	1
1094	0
1095	1
1096	1
1097	1
1098	0
1099	2
1100	0
1101	1
1102	1
1103	3
1104	0
1105	2
1106	1
1107	1
1108	1
1109	1
1110	1
1111	0
1112	4
1113	1
1114	0
1115	0
1116	4
1117	2
1118	2
1119	2
1120	1
1121	2
1122	2
1123	3
1124	2
1125	3
1126	2
1127	2
1128	2
1129	1
1130	2
1131	2
1132	2
1133	4
1134	4
1135	1
1136	0
1137	1
1138	1
1139	3
1140	5
1141	1
1142	1
1143	2
1144	2
1145	0
1146	4
1147	4
1148	0
1149	1
1150	0
1151	3
1152	0
1153	2
1154	3
1155	1
1156	3
1157	5
1158	6
1159	0
1160	2
1161	4
1162	1
1163	3
1164	1
1165	2
1166	3
1167	5
1168	3
1169	1
1170	4
1171	2
1172	2
1173	1
1174	7
1175	2
1176	2
1177	4
1178	2
1179	2
1180	2
1181	4
1182	3
1183	3
1184	6
1185	2
1186	2
1187	2
1188	5
1189	2
1190	3
1191	4
1192	3
1193	5
1194	4
1195	6
1196	5
1197	3
1198	5
1199	3
1200	4
1201	5
1202	2
1203	0
1204	2
1205	3
1206	5
1207	4
1208	4
1209	5
1210	3
1211	2
1212	4
1213	4
1214	2
1215	5
1216	3
1217	7
1218	4
1219	4
1220	2
1221	0
1222	5
1223	2
1224	2
1225	4
1226	3
1227	4
1228	4
1229	3
1230	5
1231	0
1232	1
1233	5
1234	7
1235	1
1236	3
1237	8
1238	5
1239	5
1240	3
1241	6
1242	6
1243	4
1244	2
1245	5
1246	1
1247	6
1248	3
1249	2
1250	5
1251	3
1252	4
1253	2
1254	5
1255	2
1256	6
1257	4
1258	7
1259	1
1260	3
1261	3
1262	4
1263	6
1264	3
1265	0
1266	5
1267	6
1268	3
1269	6
1270	4
1271	4
1272	6
1273	1
1274	4
1275	3
1276	2
1277	8
1278	1
1279	6
1280	3
1281	6
1282	4
1283	3
1284	1
1285	3
1286	3
1287	3
1288	4
1289	5
1290	6
1291	5
1292	2
1293	7
1294	2
1295	2
1296	4
1297	3
1298	2
1299	4
1300	1
1301	2
1302	2
1303	1
1304	4
1305	3
1306	1
1307	4
1308	2
1309	3
1310	2
1311	4
1312	5
1313	2
1314	1
1315	5
1316	0
1317	2
1318	3
1319	3
1320	1
1321	4
1322	1
1323	1
1324	6
1325	2
1326	4
1327	1
1328	3
1329	2
1330	4
1331	3
1332	4
1333	1
1334	0
1335	0
1336	1
1337	2
1338	3
1339	5
1340	3
1341	1
1342	6
1343	2
1344	1
1345	2
1346	3
1347	2
1348	4
1349	1
1350	1
1351	2
1352	2
1353	1
1354	2
1355	2
1356	3
1357	3
1358	3
1359	1
1360	1
1361	2
1362	2
1363	1
1364	3
1365	0
1366	1
1367	0
1368	1
1369	3
1370	1
1371	4
1372	0
1373	1
1374	3
1375	0
1376	1
1377	3
1378	0
1379	2
1380	1
1381	0
1382	3
1383	3
1384	2
1385	1
1386	0
1387	1
1388	3
1389	0
1390	3
1391	0
1392	1
1393	1
1394	1
1395	1
1396	0
1397	1
1398	1
1399	1
1400	0
1401	1
1402	0
1403	4
1404	1
1405	1
1406	3
1407	1
1408	0
1409	2
1410	2
1411	0
1412	2
1413	2
1414	1
1415	1
1416	0
1417	2
1418	1
1419	1
1420	1
1421	1
1422	4
1423	1
1424	6
1425	1
1426	2
1427	2
1428	0
1429	3
1430	2
1431	2
1432	0
1433	0
1434	2
1435	0
1436	0
1437	1
1438	0
1439	2
1440	0
1441	0
1442	2
1443	0
1444	0
1445	3
1446	0
1447	4
1448	1
1449	1
1450	1
1451	1
1452	2
1453	0
1454	0
1455	0
1456	0
1457	0
1458	0
1459	0
1460	2
1461	1
1462	1
1463	2
1464	0
1465	1
1466	2
1467	1
1468	2
1469	2
1470	3
1471	2
1472	2
1473	0
1474	1
1475	1
1476	1
1477	2
1478	0
1479	0
1480	0
1481	1
1482	1
1483	0
1484	2
1485	2
1486	2
1487	0
1488	1
1489	0
1490	1
1491	3
1492	0
1493	2
1494	0
1495	0
1496	0
1497	2
1498	0
1499	0
1500	0
1501	0
1502	0
1503	0
1504	2
1505	0
1506	1
1507	0
1508	1
1509	0
1510	3
1511	2
1512	0
1513	1
1514	2
1515	0
1516	0
1517	2
1518	0
1519	1
1520	1
1521	1
1522	1
1523	1
1524	1
1525	1
1526	0
1527	2
1528	0
1529	3
1530	1
1531	0
1532	1
1533	4
1534	1
1535	2
1536	2
1537	1
1538	1
1539	0
1540	0
1541	0
1542	1
1543	2
1544	2
1545	0
1546	0
1547	1
1548	4
1549	1
1550	1
1551	2
1552	1
1553	0
1554	1
1555	2
1556	1
1557	2
1558	3
1559	2
1560	3
1561	2
1562	0
1563	2
1564	3
1565	0
1566	1
1567	0
1568	2
1569	1
1570	1
1571	2
1572	0
1573	0
1574	3
1575	2
1576	2
1577	1
1578	1
1579	1
1580	3
1581	0
1582	2
1583	2
1584	0
1585	0
1586	1
1587	1
1588	0
1589	0
1590	3
1591	1
1592	0
1593	1
1594	0
1595	3
1596	1
1597	3
1598	1
1599	1
1600	0
1601	3
1602	2
1603	3
1604	2
1605	1
1606	3
1607	3
1608	0
1609	1
1610	2
1611	1
1612	5
1613	2
1614	6
1615	3
1616	3
1617	5
1618	2
1619	2
1620	2
1621	3
1622	3
1623	0
1624	5
1625	4
1626	2
1627	1
1628	1
1629	2
1630	0
1631	1
1632	1
1633	1
1634	1
1635	2
1636	0
1637	0
1638	0
1639	1
1640	2
1641	0
1642	3
1643	0
1644	1
1645	2
1646	2
1647	1
1648	0
1649	0
1650	2
1651	0
1652	1
1653	3
1654	5
1655	2
1656	1
1657	3
1658	2
1659	2
1660	2
1661	4
1662	2
1663	1
1664	0
1665	1
1666	1
1667	0
1668	1
1669	3
1670	6
1671	1
1672	1
1673	0
1674	2
1675	6
1676	7
1677	3
1678	0
1679	2
1680	1
1681	4
1682	3
1683	0
1684	1
1685	0
1686	3
1687	1
1688	1
1689	2
1690	2
1691	5
1692	1
1693	3
1694	1
1695	1
1696	2
1697	3
1698	1
1699	0
1700	0
1701	1
1702	0
1703	1
1704	0
1705	1
1706	0
1707	1
1708	2
1709	2
1710	1
1711	1
1712	5
1713	2
1714	0
1715	1
1716	1
1717	2
1718	2
1719	2
1720	1
1721	1
1722	2
1723	1
1724	0
1725	0
1726	1
1727	3
1728	5
1729	4
1730	5
1731	2
1732	1
1733	3
1734	2
1735	1
1736	0
1737	1
1738	3
1739	1
1740	3
1741	3
1742	0
1743	0
1744	2
1745	1
1746	2
1747	1
1748	0
1749	1
1750	1
1751	0
1752	0
1753	1
1754	4
1755	2
1756	1
1757	0
1758	0
1759	0
1760	0
1761	1
1762	1
1763	1
1764	1
1765	0
1766	2
1767	2
1768	3
1769	1
1770	1
1771	1
1772	1
1773	0
1774	0
1775	1
1776	1
1777	3
1778	0
1779	0
1780	3
1781	1
1782	0
1783	1
1784	0
1785	2
1786	0
1787	0
1788	2
1789	0
1790	0
1791	0
1792	0
1793	0
1794	0
1795	2
1796	0
1797	0
1798	1
1799	0
1800	0
1801	2
1802	0
1803	1
1804	2
1805	0
1806	1
1807	0
1808	3
1809	0
1810	1
1811	1
1812	0
1813	0
1814	1
1815	0
1816	0
1817	0
1818	1
1819	0
1820	1
1821	1
1822	0
1823	0
1824	1
1825	2
1826	0
1827	0
1828	0
1829	3
1830	0
1831	1
1832	3
1833	0
1834	0
1835	0
1836	0
1837	1
1838	1
1839	0
1840	0
1841	1
1842	3
1843	2
1844	0
1845	0
1846	2
1847	0
1848	0
1849	1
1850	1
1851	2
1852	1
1853	0
1854	1
1855	1
1856	0
1857	2
1858	2
1859	2
1860	0
1861	1
1862	1
1863	1
1864	0
1865	0
1866	0
1867	0
1868	0
1869	0
1870	0
1871	1
1872	1
1873	0
1874	2
1875	0
1876	0
1877	1
1878	2
1879	0
1880	0
1881	1
1882	1
1883	1
1884	0
1885	2
1886	2
1887	1
1888	0
1889	0
1890	2
1891	1
1892	2
1893	2
1894	0
1895	0
1896	0
1897	0
1898	0
1899	1
1900	1
1901	0
1902	0
1903	1
1904	0
1905	1
1906	1
1907	2
1908	2
1909	0
1910	1
1911	0
1912	0
1913	0
1914	0
1915	0
1916	2
1917	0
1918	0
1919	1
1920	0
1921	0
1922	1
1923	2
1924	1
1925	2
1926	1
1927	0
1928	0
1929	0
1930	0
1931	1
1932	1
1933	3
1934	1
1935	1
1936	3
1937	1
1938	0
1939	1
1940	2
1941	0
1942	2
1943	0
1944	0
1945	2
1946	1
1947	0
1948	2
1949	2
1950	0
1951	0
1952	1
1953	0
1954	1
1955	0
1956	2
1957	0
1958	0
1959	1
1960	0
1961	1
1962	1
1963	2
1964	3
1965	5
1966	0
1967	0
1968	3
1969	1
1970	1
1971	3
1972	3
1973	0
1974	1
1975	0
1976	1
1977	2
1978	2
1979	3
1980	1
1981	1
1982	2
1983	1
1984	1
1985	1
1986	2
1987	4
1988	1
1989	0
1990	2
1991	0
1992	0
1993	0
1994	2
1995	2
1996	0
1997	0
1998	0
1999	2
2000	3
2001	0
2002	1
2003	2
2004	2
2005	2
2006	2
2007	0
2008	1
2009	3
2010	3
2011	1
2012	0
2013	2
2014	0
2015	0
2016	1
2017	1
2018	3
2019	0
2020	2
2021	0
2022	2
2023	0
2024	2
2025	3
2026	2
2027	3
2028	0
2029	0
2030	2
2031	0
2032	2
2033	3
2034	4
2035	0
2036	2
2037	0
2038	1
2039	0
2040	3
2041	2
2042	0
2043	1
2044	3
2045	0
2046	1
2047	0
2048	1
2049	1
2050	0
2051	2
2052	2
2053	1
2054	1
2055	2
2056	2
2057	1
2058	3
2059	0
2060	3
2061	2
2062	1
2063	2
2064	1
2065	0
2066	1
2067	1
2068	1
2069	2
2070	2
2071	1
2072	2
2073	5
2074	0
2075	3
2076	0
2077	1
2078	0
2079	1
2080	0
2081	0
2082	2
2083	0
2084	1
2085	0
2086	0
2087	0
2088	1
2089	4
2090	4
2091	1
2092	1
2093	0
2094	1
2095	0
2096	1
2097	0
2098	3
2099	1
2100	0
2101	0
2102	1
2103	0
2104	0
2105	2
2106	1
2107	0
2108	2
2109	1
2110	0
2111	1
2112	0
2113	2
2114	4
2115	2
2116	1
2117	0
2118	2
2119	1
2120	2
2121	1
2122	2
2123	0
2124	1
2125	0
2126	0
2127	0
2128	1
2129	1
2130	1
2131	1
2132	1
2133	0
2134	4
2135	1
2136	0
2137	1
2138	1
2139	1
2140	1
2141	0
2142	3
2143	3
2144	2
2145	0
2146	1
2147	0
2148	1
2149	3
2150	0
2151	0
2152	2
2153	0
2154	0
2155	0
2156	2
2157	2
2158	1
2159	0
2160	1
2161	0
2162	0
2163	0
2164	0
2165	0
2166	1
2167	0
2168	1
2169	0
2170	1
2171	0
2172	4
2173	2
2174	2
2175	0
2176	0
2177	0
2178	0
2179	0
2180	0
2181	0
2182	3
2183	0
2184	0
2185	1
2186	0
2187	0
2188	1
2189	0
2190	2
2191	1
2192	0
2193	1
2194	1
2195	0
2196	0
2197	0
2198	0
2199	0
2200	1
2201	0
2202	0
2203	0
2204	0
2205	1
2206	2
2207	0
2208	0
2209	1
2210	0
2211	0
2212	0
2213	0
2214	0
2215	0
2216	0
2217	2
2218	0
2219	3
2220	1
2221	1
2222	0
2223	1
2224	0
2225	0
2226	0
2227	0
2228	0
2229	0
2230	1
2231	1
2232	0
2233	0
2234	1
2235	1
2236	0
2237	2
2238	0
2239	1
2240	1
2241	0
2242	0
2243	1
2244	0
2245	0
2246	1
2247	1
2248	0
2249	0
2250	0
2251	0
2252	0
2253	2
2254	1
2255	1
2256	1
2257	0
2258	2
2259	1
2260	0
2261	0
2262	0
2263	0
2264	2
2265	1
2266	0
2267	1
2268	0
2269	0
2270	1
2271	1
2272	0
2273	1
2274	1
2275	0
2276	0
2277	0
2278	0
2279	1
2280	0
2281	2
2282	0
2283	0
2284	0
2285	0
2286	0
2287	1
2288	0
2289	1
2290	0
2291	0
2292	0
2293	0
2294	0
2295	0
2296	0
2297	0
2298	0
2299	0
2300	2
2301	2
2302	0
2303	0
2304	0
2305	1
2306	1
2307	0
2308	0
2309	1
2310	1
2311	0
2312	0
2313	0
2314	0
2315	0
2316	2
2317	0
2318	0
2319	1
2320	0
2321	1
2322	0
2323	1
2324	1
2325	0
2326	1
2327	0
2328	0
2329	0
2330	0
2331	0
2332	0
2333	1
2334	0
2335	1
2336	0
2337	0
2338	0
2339	2
2340	3
2341	0
2342	1
2343	1
2344	0
2345	0
2346	0
2347	0
2348	1
2349	0
2350	0
2351	0
2352	0
2353	0
2354	0
2355	0
2356	2
2357	0
2358	1
2359	0
2360	0
2361	1
2362	0
2363	0
2364	1
2365	0
2366	1
2367	0
2368	0
2369	0
2370	1
2371	0
2372	1
2373	0
2374	1
2375	1
2376	0
2377	0
2378	0
2379	0
2380	1
2381	1
2382	0
2383	2
2384	0
2385	1
2386	1
2387	0
2388	0
2389	0
2390	2
2391	0
2392	0
2393	0
2394	0
2395	3
2396	0
2397	0
2398	1
2399	1
2400	0
2401	1
2402	1
2403	1
2404	0
2405	0
2406	0
2407	0
2408	0
2409	0
2410	0
2411	0
2412	0
2413	1
2414	0
2415	0
2416	0
2417	0
2418	0
2419	1
2420	0
2421	0
2422	0
2423	1
2424	2
2425	0
2426	0
2427	0
2428	1
2429	0
2430	1
2431	0
2432	1
2433	0
2434	0
2435	0
2436	0
2437	0
2438	0
2439	0
2440	0
2441	2
2442	0
2443	0
2444	1
2445	0
2446	2
2447	0
2448	0
2449	1
2450	0
2451	2
2452	0
2453	0
2454	0
2455	0
2456	0
2457	1
2458	0
2459	1
2460	0
2461	2
2462	0
2463	0
2464	1
2465	0
2466	1
2467	0
2468	1
2469	2
2470	1
2471	0
2472	0
2473	0
2474	0
2475	0
2476	1
2477	0
2478	0
2479	0
2480	0
2481	0
2482	0
2483	1
2484	2
2485	2
2486	0
2487	0
2488	0
2489	2
2490	2
2491	0
2492	0
2493	0
2494	0
2495	1
2496	0
2497	0
2498	0
2499	0
2500	0
2501	0
2502	1
2503	0
2504	1
2505	0
2506	0
2507	1
2508	0
2509	0
2510	0
2511	0
2512	1
2513	0
2514	0
2515	0
2516	0
2517	0
2518	0
2519	0
2520	1
2521	0
2522	1
2523	1
2524	0
2525	0
2526	2
2527	1
2528	0
2529	0
2530	0
2531	1
2532	0
2533	0
2534	0
2535	0
2536	0
2537	0
2538	0
2539	0
2540	1
2541	1
2542	0
2543	0
2544	2
2545	0
2546	0
2547	0
2548	1
2549	0
2550	2
2551	0
2552	0
2553	0
2554	1
2555	1
2556	0
2557	0
2558	0
2559	0
2560	0
2561	0
2562	1
2563	0
2564	0
2565	0
2566	0
2567	1
2568	1
2569	1
2570	0
2571	1
2572	0
2573	1
2574	0
2575	0
2576	0
2577	1
2578	0
2579	0
2580	0
2581	0
2582	0
2583	0
2584	0
2585	0
2586	0
2587	0
2588	0
2589	0
2590	1
2591	0
2592	0
2593	0
2594	0
2595	0
2596	0
2597	0
2598	0
2599	0
2600	0
2601	0
2602	0
2603	0
2604	0
2605	0
2606	0
2607	1
2608	0
2609	0
2610	0
2611	0
2612	0
2613	0
2614	1
2615	0
2616	0
2617	1
2618	0
2619	0
2620	0
2621	1
2622	1
2623	1
2624	0
2625	0
2626	0
2627	0
2628	0
2629	1
2630	0
2631	0
2632	0
2633	0
2634	0
2635	0
2636	0
2637	0
2638	0
2639	0
2640	0
2641	0
2642	1
2643	2
2644	0
2645	0
2646	0
2647	1
2648	1
2649	1
2650	0
2651	1
2652	0
2653	0
2654	1
2655	1
2656	1
2657	0
2658	1
2659	0
2660	0
2661	0
2662	1
2663	0
2664	0
2665	0
2666	0
2667	0
2668	0
2669	0
2670	1
2671	0
2672	0
2673	1
2674	0
2675	0
2676	0
2677	0
2678	1
2679	0
2680	0
2681	0
2682	0
2683	1
2684	0
2685	0
2686	1
2687	1
2688	1
2689	0
2690	1
2691	0
2692	0
2693	0
2694	0
2695	1
2696	0
2697	0
2698	0
2699	0
2700	0
2701	1
2702	1
2703	0
2704	0
2705	0
2706	0
2707	0
2708	0
2709	1
2710	1
2711	1
2712	1
2713	0
2714	0
2715	1
2716	0
2717	0
2718	1
2719	0
2720	0
2721	0
2722	0
2723	0
2724	1
2725	0
2726	0
2727	0
2728	0
2729	0
2730	0
2731	0
2732	0
2733	1
2734	0
2735	0
2736	0
2737	1
2738	0
2739	1
2740	0
2741	0
2742	0
2743	0
2744	0
2745	0
2746	0
2747	0
2748	0
2749	0
2750	1
2751	0
2752	1
2753	0
2754	0
2755	0
2756	1
2757	0
2758	0
2759	1
2760	1
2761	0
2762	0
2763	1
2764	0
2765	0
2766	0
2767	0
2768	0
2769	0
2770	0
2771	1
2772	0
2773	0
2774	1
2775	1
2776	0
2777	1
2778	1
2779	0
2780	1
2781	1
2782	1
2783	0
2784	1
2785	1
2786	0
2787	2
2788	2
2789	0
2790	1
2791	0
2792	0
2793	2
2794	0
2795	0
2796	0
2797	0
2798	0
2799	1
2800	0
2801	2
2802	1
2803	0
2804	0
2805	0
2806	0
2807	0
2808	1
2809	0
2810	0
2811	0
2812	1
2813	0
2814	0
2815	1
2816	1
2817	1
2818	2
2819	0
2820	0
2821	0
2822	0
2823	0
2824	0
2825	0
2826	0
2827	1
2828	2
2829	0
2830	0
2831	1
2832	0
2833	0
2834	0
2835	0
2836	0
2837	0
2838	0
2839	0
2840	0
2841	0
2842	0
2843	0
2844	0
2845	0
2846	0
2847	0
2848	0
2849	0
2850	0
2851	0
2852	0
2853	0
2854	0
2855	1
2856	0
2857	0
2858	1
2859	0
2860	0
2861	0
2862	0
2863	0
2864	0
2865	1
2866	0
2867	0
2868	1
2869	0
2870	2
2871	0
2872	0
2873	0
2874	0
2875	1
2876	0
2877	0
2878	1
2879	0
2880	0
2881	0
2882	0
2883	0
2884	1
2885	0
2886	1
2887	0
2888	0
2889	0
2890	0
2891	0
2892	0
2893	0
2894	0
2895	0
2896	0
2897	1
2898	0
2899	0
2900	0
2901	0
2902	1
2903	0
2904	0
2905	0
2906	0
2907	0
2908	2
2909	0
2910	0
2911	0
2912	1
2913	0
2914	1
2915	1
2916	2
2917	0
2918	0
2919	0
2920	1
2921	1
2922	1
2923	0
2924	0
2925	1
2926	0
2927	0
2928	0
2929	0
2930	1
2931	0
2932	1
2933	0
2934	0
2935	1
2936	0
2937	0
2938	0
2939	0
2940	0
2941	0
2942	0
2943	0
2944	0
2945	0
2946	0
2947	0
2948	1
2949	0
2950	0
2951	1
2952	1
2953	0
2954	0
2955	1
2956	0
2957	0
2958	0
2959	0
2960	0
2961	1
2962	0
2963	0
2964	0
2965	0
2966	2
2967	0
2968	0
2969	0
2970	1
2971	0
2972	0
2973	0
2974	0
2975	0
2976	0
2977	0
2978	0
2979	0
2980	0
2981	0
2982	0
2983	0
2984	0
2985	0
2986	0
2987	0
2988	0
2989	1
2990	0
2991	0
2992	0
2993	0
2994	0
2995	0
2996	0
2997	2
2998	0
2999	0
3000	1
3001	0
3002	0
3003	1
3004	0
3005	0
3006	1
3007	0
3008	0
3009	0
3010	0
3011	0
3012	0
3013	0
3014	1
3015	0
3016	0
3017	0
3018	0
3019	0
3020	0
3021	1
3022	0
3023	0
3024	0
3025	0
3026	0
3027	0
3028	0
3029	0
3030	0
3031	0
3032	0
3033	0
3034	0
3035	1
3036	0
3037	0
3038	1
3039	0
3040	1
3041	0
3042	0
3043	0
3044	0
3045	0
3046	0
3047	0
3048	1
3049	0
3050	1
3051	0
3052	0
3053	0
3054	2
3055	0
3056	0
3057	0
3058	0
3059	0
3060	0
3061	0
3062	0
3063	0
3064	0
3065	1
3066	1
3067	1
3068	0
3069	0
3070	0
3071	0
3072	1
3073	1
3074	0
3075	0
3076	0
3077	0
3078	0
3079	0
3080	1
3081	0
3082	1
3083	0
3084	1
3085	0
3086	0
3087	0
3088	0
3089	0
3090	1
3091	0
3092	0
3093	0
3094	0
3095	1
3096	0
3097	0
3098	0
3099	1
3100	0
3101	0
3102	0
3103	0
3104	0
3105	0
3106	0
3107	1
3108	0
3109	0
3110	0
3111	0
3112	0
3113	0
3114	1
3115	0
3116	0
3117	1
3118	0
3119	0
3120	0
3121	0
3122	0
3123	0
3124	0
3125	2
3126	1
3127	0
3128	0
3129	0
3130	0
3131	1
3132	0
3133	0
3134	0
3135	0
3136	0
3137	0
3138	2
3139	1
3140	0
3141	0
3142	0
3143	0
3144	0
3145	1
3146	0
3147	0
3148	0
3149	0
3150	0
3151	0
3152	0
3153	0
3154	0
3155	1
3156	1
3157	0
3158	0
3159	0
3160	0
3161	0
3162	0
3163	1
3164	0
3165	0
3166	0
3167	1
3168	0
3169	2
3170	0
3171	0
3172	0
3173	0
3174	0
3175	0
3176	0
3177	1
3178	0
3179	0
3180	0
3181	0
3182	0
3183	0
3184	0
3185	0
3186	0
3187	0
3188	0
3189	1
3190	1
3191	0
3192	0
3193	1
3194	0
3195	1
3196	1
3197	0
3198	1
3199	0
3200	0
3201	1
3202	1
3203	0
3204	0
3205	0
3206	0
3207	0
3208	1
3209	0
3210	0
3211	0
3212	0
3213	0
3214	0
3215	1
3216	0
3217	0
3218	0
3219	0
3220	0
3221	0
3222	0
3223	0
3224	1
3225	1
3226	0
3227	0
3228	0
3229	0
3230	0
3231	1
3232	0
3233	0
3234	0
3235	1
3236	0
3237	0
3238	0
3239	0
3240	0
3241	0
3242	0
3243	0
3244	0
3245	0
3246	0
3247	0
3248	0
3249	0
3250	0
3251	0
3252	0
3253	0
3254	0
3255	0
3256	0
3257	0
3258	0
3259	1
3260	0
3261	0
3262	0
3263	0
3264	1
3265	0
3266	0
3267	1
3268	0
3269	0
3270	1
3271	0
3272	0
3273	0
3274	0
3275	0
3276	0
3277	0
3278	0
3279	1
3280	0
3281	2
3282	0
3283	0
3284	0
3285	0
3286	0
3287	0
3288	0
3289	0
3290	0
3291	0
3292	0
3293	0
3294	1
3295	0
3296	0
3297	0
3298	0
3299	0
3300	0
3301	0
3302	0
3303	1
3304	0
3305	0
3306	0
3307	0
3308	0
3309	0
3310	0
3311	0
3312	0
3313	0
3314	1
3315	1
3316	0
3317	0
3318	1
3319	0
3320	0
3321	0
3322	0
3323	0
3324	0
3325	0
3326	0
3327	0
3328	0
3329	0
3330	0
3331	0
3332	1
3333	0
3334	2
3335	0
3336	0
3337	0
3338	0
3339	0
3340	0
3341	0
3342	1
3343	0
3344	0
3345	0
3346	0
3347	0
3348	1
3349	0
3350	0
3351	0
3352	0
3353	1
3354	0
3355	0
3356	1
3357	0
3358	0
3359	0
3360	0
3361	1
3362	0
3363	1
3364	0
3365	1
3366	0
3367	1
3368	1
3369	0
3370	0
3371	1
3372	0
3373	0
3374	1
3375	1
3376	0
3377	0
3378	0
3379	0
3380	0
3381	0
3382	2
3383	0
3384	0
3385	0
3386	0
3387	0
3388	0
3389	0
3390	1
3391	0
3392	0
3393	0
3394	1
3395	0
3396	1
3397	0
3398	1
3399	1
3400	0
3401	0
3402	1
3403	0
3404	0
3405	0
3406	1
3407	2
3408	0
3409	0
3410	0
3411	0
3412	0
3413	0
3414	0
3415	0
3416	0
3417	0
3418	0
3419	0
3420	1
3421	0
3422	0
3423	0
3424	1
3425	0
3426	0
3427	0
3428	0
3429	0
3430	1
3431	0
3432	0
3433	0
3434	0
3435	0
3436	0
3437	0
3438	1
3439	0
3440	0
3441	0
3442	1
3443	0
3444	0
3445	0
3446	0
3447	0
3448	0
3449	0
3450	0
3451	0
3452	0
3453	0
3454	0
3455	1
3456	0
3457	0
3458	1
3459	0
3460	1
3461	0
3462	1
3463	0
3464	0
3465	0
3466	0
3467	0
3468	0
3469	1
3470	0
3471	0
3472	1
3473	0
3474	0
3475	0
3476	0
3477	0
3478	0
3479	0
3480	0
3481	0
3482	0
3483	0
3484	0
3485	0
3486	0
3487	1
3488	0
3489	0
3490	0
3491	0
3492	1
3493	0
3494	0
3495	0
3496	0
3497	0
3498	0
3499	0
3500	0
3501	0
3502	0
3503	0
3504	0
3505	0
3506	1
3507	0
3508	0
3509	0
3510	0
3511	0
3512	0
3513	0
3514	0
3515	0
3516	0
3517	0
3518	0
3519	0
3520	0
3521	0
3522	0
3523	1
3524	0
3525	0
3526	0
3527	0
3528	0
3529	0
3530	0
3531	0
3532	1
3533	0
3534	0
3535	1
3536	0
3537	0
3538	0
3539	0
3540	0
3541	0
3542	0
3543	1
3544	2
3545	0
3546	0
3547	0
3548	1
3549	0
3550	0
3551	0
3552	0
3553	0
3554	0
3555	0
3556	0
3557	0
3558	0
3559	1
3560	0
3561	0
3562	0
3563	0
3564	0
3565	1
3566	0
3567	0
3568	0
3569	0
3570	0
3571	0
3572	0
3573	0
3574	0
3575	0
3576	0
3577	0
3578	0
3579	0
3580	0
3581	1
3582	0
3583	0
3584	0
3585	0
3586	0
3587	0
3588	0
3589	0
3590	0
3591	1
3592	0
3593	0
3594	0
3595	0
3596	0
3597	0
3598	1
3599	2
3600	1
3601	0
3602	0
3603	0
3604	0
3605	0
3606	0
3607	0
3608	1
3609	0
3610	0
3611	1
3612	0
3613	0
3614	0
3615	0
3616	0
3617	0
3618	0
3619	0
3620	0
3621	0
3622	0
3623	0
3624	0
3625	0
3626	0
3627	0
3628	0
3629	0
3630	0
3631	0
3632	0
3633	0
3634	0
3635	0
3636	0
3637	0
3638	0
3639	0
3640	0
3641	0
3642	0
3643	1
3644	0
3645	0
3646	0
3647	0
3648	0
3649	0
3650	0
3651	1
3652	0
3653	0
3654	0
3655	0
3656	0
3657	0
3658	1
3659	0
3660	0
3661	1
3662	0
3663	0
3664	0
3665	1
3666	0
3667	1
3668	0
3669	0
3670	0
3671	0
3672	0
3673	0
3674	0
3675	0
3676	0
3677	0
3678	0
3679	0
3680	0
3681	0
3682	0
3683	1
3684	0
3685	1
3686	1
3687	0
3688	1
3689	1
3690	0
3691	0
3692	0
3693	0
3694	0
3695	0
3696	0
3697	0
3698	1
3699	0
3700	0
3701	0
3702	0
3703	1
3704	0
3705	1
3706	0
3707	1
3708	0
3709	0
3710	0
3711	0
3712	0
3713	0
3714	0
3715	0
3716	1
3717	0
3718	0
3719	0
3720	1
3721	0
3722	0
3723	0
3724	0
3725	0
3726	0
3727	0
3728	1
3729	0
3730	0
3731	0
3732	0
3733	0
3734	0
3735	0
3736	0
3737	0
3738	0
3739	0
3740	0
3741	0
3742	0
3743	0
3744	1
3745	0
3746	2
3747	0
3748	0
3749	0
3750	0
3751	0
3752	0
3753	0
3754	0
3755	0
3756	0
3757	0
3758	0
3759	0
3760	0
3761	0
3762	0
3763	0
3764	0
3765	0
3766	0
3767	0
3768	0
3769	0
3770	0
3771	0
3772	0
3773	0
3774	0
3775	0
3776	0
3777	0
3778	0
3779	0
3780	1
3781	0
3782	1
3783	0
3784	0
3785	1
3786	0
3787	0
3788	1
3789	0
3790	0
3791	0
3792	0
3793	0
3794	1
3795	0
3796	0
3797	1
3798	0
3799	0
3800	0
3801	0
3802	1
3803	0
3804	0
3805	0
3806	1
3807	0
3808	0
3809	0
3810	0
3811	1
3812	0
3813	0
3814	0
3815	0
3816	0
3817	0
3818	0
3819	0
3820	0
3821	0
3822	0
3823	0
3824	0
3825	0
3826	1
3827	0
3828	0
3829	0
3830	0
3831	0
3832	1
3833	0
3834	0
3835	0
3836	0
3837	0
3838	1
3839	0
3840	1
3841	1
3842	0
3843	0
3844	0
3845	0
3846	1
3847	0
3848	0
3849	0
3850	0
3851	0
3852	0
3853	1
3854	1
3855	0
3856	0
3857	0
3858	1
3859	0
3860	0
3861	0
3862	0
3863	0
3864	0
3865	0
3866	0
3867	0
3868	0
3869	0
3870	0
3871	0
3872	0
3873	0
3874	0
3875	0
3876	1
3877	0
3878	0
3879	0
3880	0
3881	1
3882	0
3883	0
3884	0
3885	0
3886	1
3887	0
3888	0
3889	1
3890	2
3891	0
3892	1
3893	0
3894	0
3895	1
3896	0
3897	0
3898	0
3899	0
3900	0
3901	1
3902	0
3903	0
3904	0
3905	0
3906	0
3907	0
3908	0
3909	0
3910	0
3911	0
3912	0
3913	0
3914	0
3915	0
3916	0
3917	0
3918	0
3919	0
3920	0
3921	0
3922	0
3923	1
3924	0
3925	0
3926	0
3927	0
3928	0
3929	0
3930	0
3931	0
3932	0
3933	0
3934	0
3935	1
3936	0
3937	0
3938	0
3939	0
3940	0
3941	0
3942	0
3943	0
3944	0
3945	0
3946	0
3947	0
3948	0
3949	0
3950	0
3951	0
3952	0
3953	0
3954	0
3955	0
3956	0
3957	0
3958	0
3959	1
3960	0
3961	0
3962	0
3963	0
3964	0
3965	0
3966	0
3967	0
3968	1
3969	0
3970	0
3971	0
3972	0
3973	0
3974	0
3975	0
3976	0
3977	0
3978	0
3979	1
3980	0
3981	0
3982	0
3983	0
3984	1
3985	0
3986	0
3987	0
3988	1
3989	2
3990	0
3991	0
3992	0
3993	0
3994	0
3995	0
3996	0
3997	1
3998	0
3999	0
4000	0
