Kanalnummer	Impulse
Kanal/#	Impulse/#

0	0
1	0
2	0
3	0
4	0
5	0
6	0
7	0
8	0
9	0
10	0
11	0
12	0
13	0
14	0
15	0
16	0
17	0
18	0
19	0
20	0
21	0
22	0
23	0
24	0
25	0
26	0
27	0
28	0
29	0
30	0
31	0
32	0
33	0
34	0
35	0
36	0
37	0
38	0
39	0
40	0
41	0
42	0
43	0
44	0
45	0
46	0
47	0
48	0
49	0
50	0
51	0
52	0
53	0
54	0
55	0
56	0
57	0
58	0
59	0
60	2
61	1
62	0
63	1
64	1
65	0
66	2
67	3
68	1
69	1
70	2
71	2
72	4
73	2
74	1
75	3
76	0
77	1
78	2
79	3
80	4
81	3
82	1
83	5
84	3
85	2
86	2
87	1
88	1
89	4
90	2
91	5
92	4
93	1
94	1
95	10
96	2
97	2
98	4
99	3
100	2
101	3
102	3
103	4
104	1
105	2
106	0
107	4
108	1
109	5
110	3
111	1
112	2
113	4
114	6
115	3
116	1
117	3
118	2
119	2
120	0
121	1
122	3
123	1
124	4
125	5
126	3
127	3
128	2
129	5
130	3
131	5
132	5
133	1
134	3
135	2
136	3
137	3
138	4
139	3
140	6
141	4
142	1
143	2
144	2
145	0
146	2
147	1
148	1
149	3
150	4
151	5
152	2
153	4
154	8
155	9
156	1
157	3
158	3
159	3
160	1
161	2
162	0
163	2
164	4
165	3
166	3
167	1
168	2
169	2
170	2
171	1
172	4
173	3
174	3
175	4
176	1
177	1
178	3
179	5
180	1
181	1
182	4
183	2
184	0
185	1
186	4
187	6
188	0
189	3
190	1
191	3
192	2
193	3
194	1
195	1
196	0
197	3
198	5
199	2
200	0
201	3
202	5
203	3
204	3
205	2
206	6
207	0
208	2
209	3
210	1
211	5
212	1
213	1
214	2
215	2
216	1
217	4
218	2
219	1
220	4
221	2
222	5
223	9
224	5
225	2
226	4
227	6
228	4
229	4
230	4
231	5
232	1
233	3
234	8
235	2
236	6
237	3
238	1
239	1
240	2
241	6
242	0
243	3
244	0
245	3
246	8
247	3
248	3
249	3
250	2
251	2
252	3
253	3
254	5
255	9
256	2
257	2
258	3
259	8
260	3
261	3
262	3
263	7
264	6
265	5
266	9
267	5
268	2
269	7
270	2
271	6
272	3
273	2
274	3
275	2
276	4
277	6
278	3
279	1
280	3
281	3
282	1
283	3
284	1
285	3
286	1
287	4
288	2
289	5
290	6
291	1
292	2
293	5
294	1
295	8
296	3
297	3
298	2
299	7
300	3
301	4
302	5
303	1
304	6
305	5
306	5
307	2
308	2
309	2
310	6
311	2
312	4
313	1
314	5
315	6
316	4
317	3
318	4
319	4
320	4
321	5
322	4
323	4
324	3
325	3
326	8
327	3
328	3
329	4
330	5
331	8
332	6
333	2
334	1
335	9
336	3
337	6
338	7
339	7
340	5
341	4
342	6
343	4
344	6
345	8
346	3
347	2
348	0
349	4
350	8
351	3
352	1
353	2
354	6
355	6
356	2
357	10
358	6
359	7
360	4
361	5
362	3
363	6
364	7
365	6
366	2
367	6
368	6
369	6
370	2
371	5
372	1
373	5
374	6
375	9
376	2
377	9
378	5
379	8
380	2
381	4
382	3
383	6
384	2
385	8
386	4
387	5
388	3
389	6
390	2
391	7
392	4
393	3
394	8
395	5
396	8
397	3
398	5
399	3
400	1
401	4
402	5
403	2
404	6
405	4
406	4
407	3
408	1
409	3
410	7
411	6
412	3
413	2
414	5
415	4
416	2
417	1
418	5
419	3
420	6
421	4
422	1
423	1
424	5
425	3
426	0
427	3
428	1
429	3
430	3
431	7
432	2
433	5
434	6
435	1
436	2
437	7
438	7
439	6
440	4
441	8
442	2
443	2
444	2
445	3
446	4
447	2
448	4
449	2
450	5
451	4
452	3
453	5
454	7
455	2
456	3
457	3
458	3
459	4
460	1
461	5
462	5
463	1
464	4
465	4
466	3
467	3
468	8
469	6
470	7
471	2
472	5
473	2
474	3
475	3
476	6
477	6
478	1
479	3
480	2
481	7
482	2
483	2
484	6
485	4
486	2
487	4
488	4
489	5
490	0
491	3
492	6
493	2
494	1
495	1
496	3
497	1
498	0
499	2
500	8
501	3
502	3
503	5
504	6
505	5
506	4
507	3
508	1
509	6
510	4
511	7
512	2
513	4
514	6
515	1
516	3
517	2
518	5
519	5
520	3
521	5
522	3
523	3
524	7
525	6
526	5
527	4
528	4
529	3
530	3
531	6
532	3
533	4
534	7
535	3
536	3
537	8
538	6
539	5
540	5
541	4
542	1
543	5
544	3
545	9
546	6
547	3
548	6
549	3
550	2
551	9
552	5
553	6
554	9
555	5
556	6
557	8
558	12
559	7
560	6
561	6
562	6
563	9
564	3
565	6
566	8
567	3
568	5
569	3
570	4
571	9
572	5
573	7
574	6
575	9
576	6
577	2
578	5
579	10
580	7
581	6
582	7
583	8
584	7
585	10
586	4
587	7
588	13
589	7
590	11
591	9
592	5
593	9
594	10
595	7
596	8
597	6
598	6
599	10
600	7
601	8
602	8
603	9
604	9
605	7
606	11
607	12
608	7
609	8
610	6
611	3
612	14
613	4
614	2
615	9
616	7
617	7
618	8
619	7
620	11
621	11
622	5
623	8
624	7
625	13
626	9
627	6
628	9
629	12
630	15
631	7
632	6
633	22
634	7
635	6
636	7
637	12
638	4
639	11
640	8
641	11
642	7
643	6
644	5
645	7
646	17
647	12
648	7
649	10
650	9
651	8
652	11
653	4
654	9
655	10
656	8
657	13
658	4
659	11
660	8
661	7
662	11
663	6
664	10
665	3
666	9
667	12
668	7
669	4
670	4
671	9
672	8
673	6
674	11
675	6
676	10
677	8
678	9
679	10
680	8
681	13
682	8
683	11
684	11
685	12
686	7
687	7
688	11
689	10
690	17
691	10
692	13
693	10
694	16
695	12
696	15
697	16
698	14
699	18
700	17
701	14
702	12
703	20
704	19
705	22
706	23
707	27
708	21
709	18
710	28
711	27
712	23
713	30
714	31
715	33
716	41
717	44
718	38
719	46
720	29
721	43
722	50
723	51
724	71
725	46
726	69
727	47
728	49
729	73
730	57
731	74
732	71
733	64
734	73
735	110
736	66
737	94
738	92
739	93
740	134
741	103
742	120
743	112
744	93
745	138
746	121
747	127
748	158
749	149
750	143
751	175
752	113
753	156
754	157
755	177
756	177
757	176
758	197
759	168
760	164
761	200
762	205
763	220
764	214
765	228
766	217
767	285
768	189
769	263
770	254
771	256
772	236
773	254
774	340
775	258
776	270
777	320
778	260
779	303
780	286
781	312
782	315
783	294
784	308
785	336
786	327
787	405
788	324
789	302
790	399
791	313
792	358
793	463
794	364
795	447
796	376
797	424
798	408
799	460
800	335
801	435
802	458
803	392
804	472
805	378
806	556
807	467
808	429
809	554
810	402
811	498
812	480
813	461
814	473
815	478
816	437
817	473
818	499
819	515
820	533
821	421
822	525
823	472
824	427
825	511
826	459
827	546
828	494
829	478
830	461
831	582
832	357
833	436
834	534
835	413
836	512
837	400
838	513
839	401
840	402
841	476
842	393
843	413
844	452
845	447
846	403
847	425
848	313
849	351
850	377
851	394
852	358
853	299
854	373
855	276
856	319
857	321
858	289
859	313
860	303
861	257
862	280
863	268
864	221
865	224
866	256
867	222
868	252
869	173
870	223
871	169
872	171
873	227
874	144
875	184
876	191
877	168
878	163
879	138
880	129
881	163
882	139
883	180
884	126
885	114
886	143
887	126
888	93
889	137
890	111
891	119
892	105
893	97
894	106
895	137
896	66
897	100
898	87
899	91
900	108
901	90
902	105
903	77
904	94
905	117
906	67
907	80
908	97
909	92
910	81
911	86
912	78
913	71
914	79
915	98
916	89
917	68
918	95
919	78
920	97
921	98
922	64
923	83
924	104
925	81
926	75
927	99
928	78
929	93
930	79
931	74
932	99
933	59
934	78
935	62
936	70
937	92
938	74
939	85
940	82
941	57
942	80
943	66
944	69
945	66
946	60
947	57
948	60
949	52
950	74
951	67
952	36
953	69
954	44
955	52
956	52
957	49
958	55
959	60
960	43
961	51
962	31
963	45
964	45
965	35
966	57
967	41
968	41
969	41
970	38
971	35
972	46
973	32
974	30
975	35
976	19
977	37
978	24
979	23
980	29
981	18
982	25
983	24
984	25
985	17
986	14
987	18
988	9
989	18
990	18
991	16
992	17
993	10
994	14
995	10
996	10
997	3
998	13
999	12
1000	11
1001	7
1002	7
1003	4
1004	9
1005	6
1006	5
1007	4
1008	5
1009	4
1010	7
1011	5
1012	3
1013	3
1014	2
1015	2
1016	3
1017	1
1018	4
1019	1
1020	6
1021	3
1022	5
1023	4
1024	2
1025	4
1026	1
1027	1
1028	2
1029	1
1030	2
1031	5
1032	2
1033	2
1034	0
1035	0
1036	1
1037	2
1038	1
1039	0
1040	1
1041	0
1042	2
1043	1
1044	1
1045	1
1046	2
1047	3
1048	0
1049	0
1050	4
1051	2
1052	2
1053	2
1054	3
1055	1
1056	0
1057	1
1058	2
1059	1
1060	3
1061	1
1062	3
1063	1
1064	2
1065	1
1066	0
1067	1
1068	2
1069	1
1070	1
1071	1
1072	2
1073	0
1074	0
1075	0
1076	0
1077	1
1078	2
1079	0
1080	0
1081	1
1082	0
1083	1
1084	2
1085	0
1086	0
1087	1
1088	0
1089	2
1090	1
1091	0
1092	1
1093	1
1094	0
1095	1
1096	2
1097	1
1098	0
1099	1
1100	2
1101	2
1102	1
1103	0
1104	1
1105	3
1106	0
1107	1
1108	0
1109	0
1110	2
1111	2
1112	2
1113	1
1114	0
1115	2
1116	1
1117	0
1118	0
1119	0
1120	1
1121	1
1122	0
1123	1
1124	0
1125	1
1126	1
1127	3
1128	2
1129	1
1130	3
1131	1
1132	1
1133	1
1134	2
1135	0
1136	1
1137	0
1138	0
1139	1
1140	0
1141	3
1142	2
1143	0
1144	0
1145	1
1146	1
1147	1
1148	2
1149	1
1150	1
1151	2
1152	0
1153	1
1154	3
1155	2
1156	0
1157	0
1158	0
1159	1
1160	0
1161	1
1162	0
1163	1
1164	0
1165	0
1166	0
1167	1
1168	0
1169	1
1170	3
1171	0
1172	1
1173	0
1174	1
1175	1
1176	0
1177	0
1178	1
1179	0
1180	1
1181	1
1182	1
1183	0
1184	0
1185	0
1186	2
1187	0
1188	0
1189	0
1190	0
1191	1
1192	0
1193	2
1194	2
1195	0
1196	1
1197	1
1198	0
1199	0
1200	1
1201	1
1202	2
1203	1
1204	2
1205	2
1206	0
1207	1
1208	2
1209	0
1210	0
1211	0
1212	0
1213	1
1214	1
1215	1
1216	0
1217	0
1218	1
1219	1
1220	2
1221	0
1222	0
1223	1
1224	2
1225	1
1226	0
1227	1
1228	0
1229	2
1230	0
1231	0
1232	0
1233	0
1234	1
1235	0
1236	0
1237	0
1238	0
1239	1
1240	0
1241	0
1242	0
1243	0
1244	0
1245	0
1246	0
1247	0
1248	0
1249	1
1250	1
1251	1
1252	1
1253	0
1254	1
1255	0
1256	0
1257	1
1258	2
1259	0
1260	2
1261	0
1262	1
1263	1
1264	0
1265	0
1266	0
1267	0
1268	0
1269	1
1270	1
1271	0
1272	1
1273	0
1274	0
1275	1
1276	0
1277	0
1278	0
1279	1
1280	1
1281	1
1282	1
1283	1
1284	0
1285	1
1286	0
1287	1
1288	1
1289	1
1290	0
1291	0
1292	0
1293	0
1294	0
1295	0
1296	1
1297	1
1298	1
1299	1
1300	1
1301	0
1302	2
1303	1
1304	2
1305	0
1306	0
1307	0
1308	0
1309	1
1310	0
1311	2
1312	1
1313	0
1314	1
1315	0
1316	0
1317	0
1318	0
1319	0
1320	2
1321	0
1322	0
1323	0
1324	0
1325	0
1326	0
1327	1
1328	0
1329	0
1330	0
1331	0
1332	1
1333	0
1334	2
1335	0
1336	0
1337	2
1338	1
1339	2
1340	1
1341	0
1342	0
1343	2
1344	0
1345	0
1346	0
1347	0
1348	2
1349	2
1350	2
1351	1
1352	0
1353	2
1354	2
1355	1
1356	1
1357	0
1358	0
1359	0
1360	0
1361	1
1362	0
1363	0
1364	1
1365	1
1366	0
1367	0
1368	0
1369	2
1370	1
1371	1
1372	1
1373	0
1374	0
1375	1
1376	1
1377	1
1378	0
1379	0
1380	3
1381	1
1382	0
1383	1
1384	1
1385	3
1386	0
1387	1
1388	2
1389	0
1390	2
1391	1
1392	1
1393	3
1394	1
1395	0
1396	0
1397	0
1398	1
1399	0
1400	0
1401	0
1402	0
1403	1
1404	0
1405	0
1406	0
1407	1
1408	1
1409	1
1410	2
1411	2
1412	0
1413	0
1414	2
1415	0
1416	0
1417	0
1418	0
1419	1
1420	0
1421	1
1422	1
1423	1
1424	2
1425	1
1426	0
1427	3
1428	0
1429	0
1430	0
1431	0
1432	2
1433	0
1434	0
1435	4
1436	0
1437	0
1438	1
1439	0
1440	0
1441	3
1442	1
1443	2
1444	0
1445	0
1446	0
1447	1
1448	0
1449	0
1450	0
1451	1
1452	0
1453	0
1454	0
1455	0
1456	0
1457	0
1458	0
1459	0
1460	1
1461	0
1462	1
1463	0
1464	0
1465	0
1466	1
1467	0
1468	0
1469	0
1470	0
1471	1
1472	0
1473	0
1474	0
1475	0
1476	2
1477	0
1478	1
1479	0
1480	0
1481	1
1482	0
1483	0
1484	0
1485	0
1486	0
1487	0
1488	0
1489	0
1490	0
1491	0
1492	0
1493	0
1494	0
1495	0
1496	0
1497	0
1498	0
1499	1
1500	0
1501	0
1502	0
1503	0
1504	0
1505	1
1506	0
1507	2
1508	0
1509	2
1510	0
1511	2
1512	0
1513	2
1514	0
1515	0
1516	0
1517	0
1518	0
1519	0
1520	0
1521	0
1522	0
1523	0
1524	0
1525	0
1526	0
1527	1
1528	0
1529	1
1530	0
1531	1
1532	0
1533	0
1534	0
1535	0
1536	0
1537	0
1538	0
1539	2
1540	0
1541	1
1542	0
1543	1
1544	1
1545	0
1546	1
1547	0
1548	0
1549	0
1550	0
1551	0
1552	1
1553	0
1554	0
1555	2
1556	0
1557	0
1558	2
1559	0
1560	0
1561	1
1562	0
1563	0
1564	1
1565	1
1566	1
1567	0
1568	0
1569	1
1570	0
1571	0
1572	1
1573	1
1574	0
1575	0
1576	0
1577	0
1578	0
1579	1
1580	1
1581	0
1582	0
1583	1
1584	0
1585	0
1586	1
1587	0
1588	0
1589	0
1590	0
1591	1
1592	0
1593	1
1594	0
1595	1
1596	0
1597	0
1598	0
1599	1
1600	0
1601	1
1602	0
1603	1
1604	0
1605	0
1606	1
1607	1
1608	1
1609	1
1610	2
1611	1
1612	1
1613	2
1614	0
1615	1
1616	0
1617	0
1618	1
1619	1
1620	0
1621	0
1622	1
1623	0
1624	0
1625	0
1626	0
1627	0
1628	0
1629	0
1630	0
1631	0
1632	0
1633	1
1634	1
1635	0
1636	0
1637	0
1638	3
1639	0
1640	0
1641	0
1642	0
1643	0
1644	0
1645	0
1646	1
1647	1
1648	0
1649	2
1650	0
1651	0
1652	1
1653	1
1654	1
1655	0
1656	0
1657	0
1658	0
1659	0
1660	0
1661	0
1662	2
1663	2
1664	0
1665	1
1666	0
1667	0
1668	1
1669	0
1670	0
1671	0
1672	0
1673	0
1674	1
1675	0
1676	0
1677	1
1678	0
1679	0
1680	2
1681	1
1682	0
1683	1
1684	0
1685	0
1686	1
1687	1
1688	1
1689	0
1690	0
1691	0
1692	1
1693	1
1694	0
1695	0
1696	0
1697	1
1698	3
1699	0
1700	0
1701	0
1702	0
1703	1
1704	1
1705	0
1706	0
1707	0
1708	0
1709	1
1710	0
1711	0
1712	0
1713	0
1714	1
1715	0
1716	0
1717	0
1718	0
1719	0
1720	0
1721	0
1722	0
1723	2
1724	2
1725	0
1726	0
1727	0
1728	0
1729	0
1730	1
1731	1
1732	0
1733	0
1734	0
1735	2
1736	0
1737	2
1738	0
1739	1
1740	1
1741	0
1742	0
1743	0
1744	0
1745	1
1746	0
1747	0
1748	0
1749	0
1750	0
1751	0
1752	0
1753	0
1754	0
1755	0
1756	1
1757	0
1758	2
1759	0
1760	0
1761	0
1762	0
1763	0
1764	1
1765	0
1766	0
1767	0
1768	0
1769	1
1770	0
1771	0
1772	0
1773	0
1774	0
1775	0
1776	0
1777	1
1778	1
1779	1
1780	0
1781	0
1782	1
1783	0
1784	0
1785	1
1786	0
1787	1
1788	0
1789	0
1790	0
1791	0
1792	0
1793	1
1794	0
1795	0
1796	0
1797	0
1798	0
1799	0
1800	2
1801	0
1802	2
1803	0
1804	1
1805	0
1806	0
1807	0
1808	0
1809	0
1810	1
1811	1
1812	1
1813	0
1814	1
1815	0
1816	0
1817	0
1818	1
1819	1
1820	0
1821	0
1822	0
1823	0
1824	0
1825	1
1826	0
1827	1
1828	0
1829	1
1830	2
1831	0
1832	1
1833	0
1834	0
1835	0
1836	0
1837	0
1838	0
1839	0
1840	0
1841	0
1842	1
1843	0
1844	0
1845	1
1846	0
1847	0
1848	0
1849	0
1850	0
1851	2
1852	0
1853	1
1854	0
1855	0
1856	0
1857	1
1858	0
1859	0
1860	0
1861	0
1862	1
1863	0
1864	0
1865	1
1866	0
1867	0
1868	0
1869	0
1870	0
1871	0
1872	0
1873	0
1874	0
1875	0
1876	0
1877	0
1878	0
1879	0
1880	0
1881	0
1882	0
1883	1
1884	0
1885	0
1886	0
1887	0
1888	1
1889	0
1890	0
1891	0
1892	1
1893	0
1894	2
1895	0
1896	0
1897	1
1898	1
1899	0
1900	0
1901	1
1902	0
1903	0
1904	0
1905	0
1906	0
1907	0
1908	0
1909	1
1910	0
1911	0
1912	0
1913	1
1914	0
1915	1
1916	1
1917	0
1918	0
1919	0
1920	0
1921	1
1922	0
1923	0
1924	3
1925	0
1926	0
1927	0
1928	0
1929	1
1930	0
1931	0
1932	0
1933	0
1934	3
1935	1
1936	0
1937	0
1938	0
1939	1
1940	0
1941	0
1942	0
1943	0
1944	0
1945	1
1946	0
1947	0
1948	1
1949	0
1950	1
1951	0
1952	1
1953	1
1954	0
1955	0
1956	0
1957	0
1958	0
1959	0
1960	0
1961	1
1962	0
1963	0
1964	1
1965	0
1966	0
1967	0
1968	0
1969	1
1970	0
1971	1
1972	0
1973	0
1974	0
1975	0
1976	1
1977	0
1978	0
1979	1
1980	0
1981	0
1982	0
1983	0
1984	0
1985	0
1986	0
1987	1
1988	1
1989	1
1990	0
1991	2
1992	0
1993	1
1994	0
1995	0
1996	0
1997	1
1998	0
1999	0
2000	0
2001	1
2002	2
2003	1
2004	0
2005	0
2006	0
2007	0
2008	0
2009	0
2010	0
2011	0
2012	1
2013	0
2014	1
2015	1
2016	0
2017	1
2018	0
2019	0
2020	0
2021	1
2022	0
2023	0
2024	0
2025	1
2026	0
2027	2
2028	1
2029	0
2030	1
2031	0
2032	0
2033	0
2034	0
2035	0
2036	0
2037	0
2038	1
2039	1
2040	1
2041	1
2042	0
2043	0
2044	1
2045	0
2046	1
2047	0
2048	0
2049	0
2050	0
2051	0
2052	0
2053	0
2054	0
2055	0
2056	1
2057	0
2058	1
2059	0
2060	0
2061	0
2062	1
2063	0
2064	0
2065	0
2066	0
2067	0
2068	1
2069	0
2070	0
2071	0
2072	0
2073	0
2074	0
2075	1
2076	0
2077	1
2078	0
2079	1
2080	0
2081	1
2082	0
2083	1
2084	1
2085	1
2086	2
2087	0
2088	0
2089	1
2090	0
2091	0
2092	1
2093	1
2094	1
2095	0
2096	0
2097	0
2098	0
2099	1
2100	0
2101	1
2102	0
2103	1
2104	0
2105	0
2106	1
2107	0
2108	0
2109	0
2110	0
2111	0
2112	0
2113	0
2114	0
2115	0
2116	0
2117	0
2118	0
2119	0
2120	0
2121	0
2122	0
2123	1
2124	0
2125	0
2126	0
2127	0
2128	0
2129	0
2130	0
2131	0
2132	1
2133	0
2134	1
2135	0
2136	0
2137	3
2138	0
2139	0
2140	0
2141	0
2142	0
2143	1
2144	0
2145	1
2146	0
2147	0
2148	2
2149	0
2150	0
2151	0
2152	0
2153	2
2154	0
2155	0
2156	1
2157	1
2158	0
2159	0
2160	0
2161	1
2162	0
2163	1
2164	1
2165	0
2166	0
2167	0
2168	0
2169	1
2170	0
2171	2
2172	0
2173	0
2174	0
2175	0
2176	0
2177	0
2178	0
2179	0
2180	0
2181	1
2182	1
2183	0
2184	0
2185	0
2186	0
2187	1
2188	0
2189	1
2190	0
2191	0
2192	0
2193	0
2194	0
2195	0
2196	0
2197	2
2198	0
2199	0
2200	2
2201	0
2202	1
2203	0
2204	0
2205	1
2206	0
2207	2
2208	0
2209	0
2210	0
2211	1
2212	0
2213	1
2214	0
2215	0
2216	0
2217	0
2218	0
2219	0
2220	0
2221	1
2222	0
2223	0
2224	1
2225	0
2226	1
2227	0
2228	0
2229	0
2230	0
2231	0
2232	0
2233	1
2234	0
2235	2
2236	1
2237	0
2238	0
2239	1
2240	0
2241	0
2242	0
2243	1
2244	0
2245	0
2246	0
2247	0
2248	0
2249	0
2250	0
2251	1
2252	0
2253	1
2254	0
2255	1
2256	0
2257	0
2258	0
2259	0
2260	0
2261	1
2262	1
2263	0
2264	1
2265	0
2266	1
2267	0
2268	0
2269	0
2270	1
2271	0
2272	0
2273	0
2274	0
2275	0
2276	0
2277	0
2278	0
2279	0
2280	0
2281	0
2282	0
2283	0
2284	0
2285	0
2286	0
2287	0
2288	1
2289	0
2290	0
2291	0
2292	1
2293	0
2294	0
2295	0
2296	0
2297	0
2298	0
2299	1
2300	0
2301	0
2302	0
2303	0
2304	1
2305	1
2306	0
2307	0
2308	1
2309	0
2310	0
2311	0
2312	0
2313	0
2314	0
2315	0
2316	0
2317	0
2318	1
2319	0
2320	0
2321	2
2322	0
2323	3
2324	1
2325	0
2326	0
2327	0
2328	0
2329	0
2330	0
2331	2
2332	0
2333	0
2334	0
2335	0
2336	0
2337	1
2338	0
2339	1
2340	0
2341	0
2342	0
2343	0
2344	0
2345	0
2346	0
2347	0
2348	0
2349	0
2350	0
2351	0
2352	1
2353	0
2354	0
2355	0
2356	0
2357	0
2358	0
2359	0
2360	1
2361	0
2362	0
2363	0
2364	0
2365	0
2366	1
2367	0
2368	0
2369	0
2370	0
2371	0
2372	0
2373	0
2374	1
2375	0
2376	0
2377	0
2378	1
2379	0
2380	0
2381	0
2382	0
2383	0
2384	0
2385	1
2386	0
2387	0
2388	0
2389	0
2390	0
2391	0
2392	1
2393	0
2394	0
2395	1
2396	1
2397	0
2398	0
2399	0
2400	0
2401	0
2402	0
2403	1
2404	0
2405	0
2406	0
2407	0
2408	0
2409	1
2410	0
2411	0
2412	1
2413	0
2414	0
2415	1
2416	0
2417	0
2418	0
2419	1
2420	0
2421	0
2422	1
2423	0
2424	0
2425	0
2426	0
2427	0
2428	0
2429	0
2430	0
2431	0
2432	0
2433	0
2434	1
2435	0
2436	0
2437	1
2438	2
2439	0
2440	0
2441	0
2442	1
2443	0
2444	1
2445	1
2446	0
2447	1
2448	0
2449	0
2450	0
2451	1
2452	0
2453	0
2454	1
2455	0
2456	0
2457	1
2458	1
2459	0
2460	1
2461	1
2462	0
2463	0
2464	0
2465	0
2466	1
2467	0
2468	1
2469	0
2470	0
2471	0
2472	0
2473	0
2474	0
2475	0
2476	1
2477	0
2478	0
2479	0
2480	1
2481	0
2482	0
2483	0
2484	0
2485	0
2486	0
2487	0
2488	0
2489	0
2490	0
2491	0
2492	0
2493	0
2494	0
2495	0
2496	1
2497	0
2498	0
2499	1
2500	0
2501	0
2502	0
2503	0
2504	0
2505	1
2506	0
2507	1
2508	0
2509	0
2510	1
2511	1
2512	0
2513	0
2514	0
2515	0
2516	0
2517	0
2518	0
2519	0
2520	0
2521	0
2522	0
2523	0
2524	0
2525	0
2526	0
2527	1
2528	0
2529	0
2530	1
2531	0
2532	0
2533	0
2534	0
2535	0
2536	1
2537	0
2538	0
2539	0
2540	0
2541	0
2542	1
2543	0
2544	1
2545	0
2546	0
2547	1
2548	0
2549	0
2550	1
2551	0
2552	0
2553	1
2554	0
2555	0
2556	0
2557	0
2558	1
2559	0
2560	1
2561	0
2562	0
2563	0
2564	1
2565	0
2566	0
2567	0
2568	0
2569	0
2570	0
2571	1
2572	0
2573	1
2574	1
2575	0
2576	0
2577	0
2578	0
2579	0
2580	0
2581	0
2582	0
2583	0
2584	0
2585	0
2586	0
2587	0
2588	0
2589	1
2590	1
2591	0
2592	0
2593	0
2594	0
2595	0
2596	0
2597	0
2598	0
2599	0
2600	0
2601	0
2602	1
2603	0
2604	0
2605	0
2606	0
2607	0
2608	0
2609	0
2610	0
2611	1
2612	1
2613	0
2614	0
2615	0
2616	0
2617	1
2618	0
2619	0
2620	0
2621	0
2622	0
2623	0
2624	1
2625	1
2626	0
2627	0
2628	0
2629	0
2630	0
2631	0
2632	0
2633	0
2634	0
2635	0
2636	0
2637	0
2638	0
2639	0
2640	0
2641	0
2642	0
2643	0
2644	1
2645	0
2646	0
2647	0
2648	1
2649	0
2650	0
2651	0
2652	0
2653	0
2654	1
2655	0
2656	0
2657	0
2658	0
2659	0
2660	1
2661	0
2662	0
2663	0
2664	1
2665	0
2666	0
2667	0
2668	0
2669	0
2670	1
2671	0
2672	0
2673	1
2674	0
2675	0
2676	0
2677	0
2678	1
2679	0
2680	0
2681	0
2682	0
2683	0
2684	0
2685	0
2686	1
2687	0
2688	0
2689	0
2690	0
2691	1
2692	0
2693	0
2694	0
2695	0
2696	0
2697	0
2698	1
2699	0
2700	0
2701	0
2702	0
2703	0
2704	0
2705	0
2706	0
2707	0
2708	0
2709	0
2710	0
2711	0
2712	0
2713	0
2714	0
2715	2
2716	0
2717	1
2718	0
2719	0
2720	0
2721	0
2722	0
2723	0
2724	1
2725	0
2726	0
2727	1
2728	1
2729	0
2730	0
2731	0
2732	0
2733	0
2734	0
2735	0
2736	0
2737	0
2738	3
2739	0
2740	0
2741	0
2742	0
2743	0
2744	0
2745	0
2746	0
2747	0
2748	0
2749	0
2750	0
2751	0
2752	0
2753	0
2754	0
2755	0
2756	0
2757	0
2758	0
2759	1
2760	0
2761	0
2762	0
2763	0
2764	0
2765	0
2766	0
2767	0
2768	0
2769	0
2770	0
2771	0
2772	0
2773	0
2774	0
2775	0
2776	1
2777	1
2778	0
2779	0
2780	1
2781	1
2782	0
2783	0
2784	0
2785	0
2786	0
2787	0
2788	0
2789	1
2790	0
2791	0
2792	1
2793	0
2794	1
2795	0
2796	0
2797	0
2798	0
2799	0
2800	1
2801	0
2802	0
2803	0
2804	0
2805	0
2806	1
2807	1
2808	1
2809	0
2810	0
2811	0
2812	0
2813	0
2814	0
2815	0
2816	0
2817	0
2818	0
2819	0
2820	0
2821	0
2822	1
2823	0
2824	1
2825	0
2826	0
2827	0
2828	1
2829	0
2830	0
2831	0
2832	0
2833	0
2834	0
2835	0
2836	0
2837	0
2838	0
2839	1
2840	0
2841	0
2842	0
2843	0
2844	0
2845	0
2846	0
2847	0
2848	0
2849	0
2850	0
2851	0
2852	0
2853	1
2854	0
2855	0
2856	0
2857	0
2858	0
2859	0
2860	0
2861	1
2862	0
2863	0
2864	0
2865	1
2866	0
2867	0
2868	0
2869	0
2870	0
2871	1
2872	2
2873	0
2874	0
2875	1
2876	0
2877	0
2878	1
2879	0
2880	0
2881	0
2882	1
2883	0
2884	0
2885	0
2886	0
2887	0
2888	1
2889	0
2890	0
2891	0
2892	2
2893	0
2894	1
2895	0
2896	0
2897	0
2898	0
2899	0
2900	0
2901	0
2902	2
2903	0
2904	1
2905	0
2906	0
2907	0
2908	0
2909	0
2910	0
2911	0
2912	0
2913	1
2914	0
2915	0
2916	0
2917	0
2918	0
2919	0
2920	0
2921	0
2922	0
2923	0
2924	1
2925	1
2926	0
2927	0
2928	0
2929	0
2930	0
2931	1
2932	0
2933	0
2934	0
2935	0
2936	0
2937	0
2938	0
2939	0
2940	0
2941	1
2942	0
2943	0
2944	0
2945	0
2946	0
2947	0
2948	0
2949	0
2950	0
2951	0
2952	1
2953	0
2954	0
2955	0
2956	0
2957	0
2958	0
2959	0
2960	0
2961	0
2962	0
2963	0
2964	0
2965	0
2966	0
2967	0
2968	0
2969	0
2970	0
2971	0
2972	0
2973	0
2974	0
2975	0
2976	0
2977	0
2978	1
2979	0
2980	2
2981	1
2982	0
2983	0
2984	0
2985	0
2986	0
2987	0
2988	0
2989	0
2990	1
2991	0
2992	0
2993	1
2994	0
2995	0
2996	0
2997	0
2998	0
2999	0
3000	0
3001	0
3002	0
3003	1
3004	0
3005	1
3006	0
3007	0
3008	0
3009	0
3010	0
3011	0
3012	1
3013	0
3014	0
3015	0
3016	0
3017	0
3018	0
3019	0
3020	1
3021	0
3022	0
3023	0
3024	0
3025	0
3026	0
3027	0
3028	0
3029	0
3030	0
3031	0
3032	0
3033	0
3034	0
3035	1
3036	0
3037	0
3038	0
3039	0
3040	1
3041	1
3042	0
3043	0
3044	0
3045	0
3046	0
3047	0
3048	0
3049	0
3050	0
3051	0
3052	0
3053	1
3054	0
3055	0
3056	0
3057	0
3058	0
3059	0
3060	0
3061	0
3062	0
3063	1
3064	0
3065	0
3066	0
3067	0
3068	0
3069	0
3070	1
3071	0
3072	0
3073	0
3074	0
3075	0
3076	1
3077	0
3078	0
3079	0
3080	0
3081	1
3082	0
3083	0
3084	0
3085	0
3086	0
3087	0
3088	0
3089	0
3090	0
3091	0
3092	0
3093	0
3094	0
3095	0
3096	0
3097	0
3098	0
3099	0
3100	0
3101	0
3102	0
3103	0
3104	0
3105	0
3106	0
3107	0
3108	1
3109	0
3110	0
3111	0
3112	0
3113	1
3114	0
3115	0
3116	0
3117	1
3118	0
3119	0
3120	0
3121	0
3122	0
3123	0
3124	0
3125	0
3126	1
3127	0
3128	0
3129	0
3130	0
3131	0
3132	0
3133	0
3134	0
3135	0
3136	0
3137	1
3138	0
3139	0
3140	0
3141	0
3142	0
3143	0
3144	0
3145	0
3146	0
3147	0
3148	0
3149	0
3150	0
3151	0
3152	0
3153	0
3154	1
3155	0
3156	0
3157	0
3158	0
3159	0
3160	0
3161	0
3162	0
3163	0
3164	0
3165	0
3166	0
3167	0
3168	0
3169	0
3170	0
3171	0
3172	0
3173	0
3174	0
3175	0
3176	0
3177	0
3178	1
3179	0
3180	0
3181	0
3182	0
3183	0
3184	0
3185	0
3186	1
3187	0
3188	0
3189	0
3190	1
3191	0
3192	0
3193	0
3194	0
3195	0
3196	0
3197	0
3198	0
3199	0
3200	0
3201	0
3202	0
3203	0
3204	0
3205	0
3206	0
3207	0
3208	0
3209	0
3210	0
3211	0
3212	0
3213	0
3214	0
3215	0
3216	0
3217	0
3218	0
3219	0
3220	1
3221	0
3222	1
3223	0
3224	0
3225	0
3226	0
3227	0
3228	0
3229	0
3230	0
3231	1
3232	0
3233	0
3234	0
3235	1
3236	0
3237	0
3238	0
3239	0
3240	0
3241	1
3242	0
3243	0
3244	0
3245	0
3246	0
3247	0
3248	0
3249	0
3250	0
3251	0
3252	0
3253	0
3254	0
3255	0
3256	1
3257	0
3258	0
3259	0
3260	0
3261	0
3262	0
3263	0
3264	1
3265	0
3266	0
3267	0
3268	0
3269	0
3270	0
3271	0
3272	0
3273	0
3274	0
3275	0
3276	0
3277	1
3278	0
3279	0
3280	0
3281	0
3282	0
3283	0
3284	0
3285	0
3286	0
3287	0
3288	0
3289	0
3290	0
3291	0
3292	0
3293	0
3294	1
3295	0
3296	0
3297	0
3298	0
3299	0
3300	1
3301	0
3302	0
3303	0
3304	0
3305	0
3306	0
3307	0
3308	0
3309	0
3310	1
3311	0
3312	0
3313	0
3314	0
3315	0
3316	0
3317	0
3318	0
3319	0
3320	0
3321	0
3322	0
3323	0
3324	2
3325	0
3326	0
3327	0
3328	0
3329	0
3330	0
3331	0
3332	0
3333	0
3334	0
3335	0
3336	0
3337	0
3338	0
3339	1
3340	0
3341	0
3342	0
3343	0
3344	0
3345	0
3346	0
3347	1
3348	0
3349	0
3350	0
3351	1
3352	1
3353	0
3354	0
3355	0
3356	0
3357	0
3358	0
3359	0
3360	0
3361	0
3362	0
3363	0
3364	0
3365	1
3366	0
3367	0
3368	0
3369	1
3370	0
3371	0
3372	0
3373	0
3374	0
3375	0
3376	0
3377	0
3378	0
3379	0
3380	0
3381	0
3382	0
3383	0
3384	0
3385	0
3386	0
3387	0
3388	0
3389	0
3390	0
3391	0
3392	0
3393	0
3394	0
3395	0
3396	0
3397	0
3398	0
3399	0
3400	0
3401	0
3402	0
3403	0
3404	1
3405	0
3406	0
3407	0
3408	0
3409	0
3410	0
3411	0
3412	0
3413	0
3414	0
3415	0
3416	0
3417	0
3418	0
3419	0
3420	0
3421	0
3422	0
3423	0
3424	0
3425	0
3426	0
3427	0
3428	0
3429	0
3430	0
3431	0
3432	0
3433	0
3434	0
3435	0
3436	0
3437	0
3438	0
3439	0
3440	0
3441	0
3442	0
3443	1
3444	0
3445	0
3446	0
3447	0
3448	0
3449	0
3450	0
3451	0
3452	0
3453	0
3454	0
3455	0
3456	0
3457	0
3458	0
3459	0
3460	0
3461	0
3462	0
3463	0
3464	0
3465	0
3466	0
3467	0
3468	0
3469	0
3470	0
3471	0
3472	0
3473	0
3474	0
3475	0
3476	0
3477	0
3478	0
3479	0
3480	0
3481	0
3482	0
3483	0
3484	0
3485	0
3486	0
3487	0
3488	0
3489	0
3490	0
3491	0
3492	0
3493	0
3494	0
3495	0
3496	0
3497	0
3498	0
3499	0
3500	0
3501	0
3502	0
3503	0
3504	0
3505	0
3506	0
3507	0
3508	0
3509	0
3510	0
3511	0
3512	0
3513	0
3514	0
3515	0
3516	0
3517	0
3518	0
3519	0
3520	0
3521	0
3522	0
3523	0
3524	0
3525	0
3526	0
3527	0
3528	0
3529	0
3530	0
3531	0
3532	0
3533	0
3534	0
3535	0
3536	0
3537	0
3538	0
3539	0
3540	0
3541	0
3542	0
3543	0
3544	0
3545	0
3546	0
3547	0
3548	0
3549	0
3550	0
3551	0
3552	0
3553	0
3554	0
3555	0
3556	0
3557	0
3558	0
3559	0
3560	0
3561	0
3562	0
3563	0
3564	0
3565	0
3566	0
3567	0
3568	0
3569	0
3570	1
3571	0
3572	0
3573	0
3574	0
3575	0
3576	0
3577	0
3578	0
3579	0
3580	0
3581	0
3582	0
3583	1
3584	0
3585	0
3586	0
3587	0
3588	1
3589	0
3590	0
3591	0
3592	0
3593	0
3594	0
3595	0
3596	0
3597	0
3598	0
3599	0
3600	0
3601	0
3602	0
3603	0
3604	0
3605	0
3606	0
3607	0
3608	0
3609	0
3610	0
3611	0
3612	0
3613	0
3614	0
3615	0
3616	0
3617	0
3618	0
3619	0
3620	0
3621	0
3622	0
3623	0
3624	0
3625	0
3626	0
3627	0
3628	0
3629	0
3630	0
3631	0
3632	0
3633	0
3634	0
3635	0
3636	0
3637	0
3638	0
3639	0
3640	0
3641	0
3642	0
3643	0
3644	0
3645	0
3646	0
3647	0
3648	0
3649	0
3650	0
3651	0
3652	0
3653	0
3654	0
3655	0
3656	0
3657	0
3658	0
3659	0
3660	0
3661	0
3662	0
3663	0
3664	0
3665	0
3666	0
3667	0
3668	0
3669	0
3670	0
3671	0
3672	0
3673	0
3674	0
3675	0
3676	0
3677	0
3678	0
3679	0
3680	0
3681	0
3682	0
3683	0
3684	0
3685	0
3686	0
3687	0
3688	0
3689	0
3690	0
3691	0
3692	0
3693	0
3694	0
3695	0
3696	0
3697	0
3698	0
3699	0
3700	0
3701	0
3702	0
3703	0
3704	0
3705	0
3706	0
3707	0
3708	0
3709	0
3710	0
3711	0
3712	0
3713	1
3714	0
3715	0
3716	0
3717	0
3718	0
3719	0
3720	0
3721	0
3722	0
3723	0
3724	0
3725	0
3726	0
3727	0
3728	0
3729	0
3730	0
3731	0
3732	0
3733	0
3734	0
3735	0
3736	0
3737	0
3738	0
3739	0
3740	0
3741	1
3742	0
3743	0
3744	0
3745	0
3746	0
3747	0
3748	0
3749	0
3750	0
3751	0
3752	0
3753	0
3754	0
3755	0
3756	0
3757	0
3758	0
3759	0
3760	0
3761	0
3762	0
3763	0
3764	0
3765	0
3766	0
3767	0
3768	0
3769	0
3770	0
3771	0
3772	0
3773	0
3774	0
3775	0
3776	0
3777	0
3778	0
3779	0
3780	0
3781	0
3782	0
3783	0
3784	0
3785	0
3786	0
3787	0
3788	0
3789	0
3790	0
3791	0
3792	0
3793	0
3794	0
3795	0
3796	0
3797	0
3798	0
3799	0
3800	0
3801	0
3802	0
3803	0
3804	0
3805	0
3806	0
3807	0
3808	0
3809	0
3810	0
3811	0
3812	0
3813	0
3814	0
3815	0
3816	0
3817	0
3818	0
3819	0
3820	0
3821	0
3822	0
3823	0
3824	0
3825	0
3826	0
3827	0
3828	0
3829	0
3830	0
3831	0
3832	0
3833	0
3834	0
3835	0
3836	0
3837	0
3838	0
3839	1
3840	0
3841	0
3842	0
3843	0
3844	0
3845	0
3846	0
3847	0
3848	0
3849	0
3850	0
3851	0
3852	0
3853	0
3854	0
3855	0
3856	1
3857	0
3858	0
3859	0
3860	0
3861	0
3862	0
3863	0
3864	0
3865	0
3866	0
3867	0
3868	0
3869	0
3870	0
3871	0
3872	0
3873	0
3874	0
3875	0
3876	0
3877	0
3878	0
3879	0
3880	0
3881	0
3882	0
3883	0
3884	0
3885	0
3886	0
3887	0
3888	0
3889	0
3890	0
3891	0
3892	0
3893	0
3894	0
3895	0
3896	0
3897	0
3898	0
3899	0
3900	0
3901	0
3902	0
3903	0
3904	0
3905	0
3906	0
3907	0
3908	0
3909	0
3910	0
3911	0
3912	1
3913	0
3914	0
3915	0
3916	0
3917	0
3918	0
3919	0
3920	0
3921	1
3922	0
3923	0
3924	0
3925	0
3926	0
3927	0
3928	0
3929	0
3930	0
3931	0
3932	0
3933	0
3934	0
3935	0
3936	0
3937	0
3938	0
3939	0
3940	0
3941	0
3942	0
3943	0
3944	0
3945	0
3946	0
3947	0
3948	0
3949	0
3950	0
3951	0
3952	0
3953	0
3954	0
3955	0
3956	0
3957	0
3958	0
3959	0
3960	0
3961	0
3962	0
3963	0
3964	0
3965	0
3966	0
3967	0
3968	0
3969	0
3970	0
3971	0
3972	0
3973	0
3974	0
3975	0
3976	0
3977	0
3978	0
3979	0
3980	0
3981	0
3982	0
3983	0
3984	0
3985	0
3986	0
3987	0
3988	0
3989	0
3990	0
3991	0
3992	0
3993	0
3994	0
3995	0
3996	0
3997	0
3998	0
3999	0
4000	0
