Kanalnummer	Impulse
Kanal/#	Impulse/#

0	0
1	0
2	0
3	0
4	0
5	0
6	0
7	0
8	0
9	0
10	0
11	0
12	0
13	0
14	0
15	0
16	0
17	0
18	0
19	0
20	0
21	0
22	0
23	0
24	0
25	0
26	0
27	0
28	0
29	0
30	0
31	0
32	0
33	0
34	0
35	0
36	0
37	0
38	0
39	0
40	0
41	0
42	0
43	0
44	0
45	0
46	0
47	0
48	0
49	0
50	0
51	0
52	0
53	0
54	0
55	0
56	0
57	0
58	0
59	0
60	0
61	0
62	0
63	0
64	0
65	1
66	1
67	0
68	1
69	0
70	1
71	0
72	1
73	0
74	1
75	0
76	1
77	0
78	3
79	2
80	2
81	0
82	2
83	1
84	1
85	0
86	0
87	3
88	1
89	3
90	0
91	0
92	1
93	1
94	2
95	1
96	0
97	1
98	1
99	0
100	3
101	3
102	3
103	1
104	1
105	1
106	0
107	1
108	2
109	1
110	1
111	1
112	1
113	0
114	1
115	1
116	0
117	1
118	2
119	0
120	0
121	0
122	0
123	2
124	0
125	2
126	2
127	2
128	1
129	1
130	0
131	0
132	1
133	0
134	1
135	3
136	0
137	1
138	1
139	0
140	1
141	0
142	2
143	1
144	0
145	1
146	3
147	2
148	0
149	0
150	1
151	0
152	1
153	1
154	0
155	1
156	3
157	0
158	3
159	2
160	2
161	1
162	1
163	1
164	3
165	4
166	1
167	1
168	0
169	2
170	0
171	0
172	3
173	0
174	2
175	2
176	1
177	0
178	2
179	2
180	1
181	2
182	3
183	3
184	2
185	2
186	2
187	2
188	2
189	1
190	1
191	3
192	0
193	1
194	0
195	2
196	1
197	6
198	0
199	1
200	4
201	4
202	3
203	3
204	1
205	3
206	4
207	2
208	1
209	2
210	0
211	2
212	2
213	1
214	2
215	0
216	1
217	2
218	2
219	0
220	6
221	3
222	3
223	5
224	0
225	4
226	3
227	7
228	2
229	5
230	3
231	3
232	1
233	4
234	1
235	5
236	6
237	4
238	4
239	6
240	3
241	5
242	4
243	3
244	6
245	2
246	7
247	4
248	4
249	3
250	1
251	3
252	2
253	4
254	0
255	6
256	3
257	4
258	2
259	3
260	6
261	2
262	4
263	4
264	0
265	5
266	1
267	10
268	3
269	7
270	5
271	6
272	1
273	2
274	2
275	1
276	3
277	2
278	6
279	3
280	5
281	7
282	7
283	4
284	6
285	2
286	3
287	2
288	3
289	3
290	6
291	3
292	2
293	6
294	2
295	3
296	2
297	0
298	1
299	1
300	7
301	4
302	4
303	3
304	2
305	4
306	1
307	7
308	6
309	1
310	3
311	2
312	2
313	3
314	1
315	4
316	2
317	1
318	3
319	3
320	2
321	1
322	0
323	1
324	5
325	2
326	3
327	3
328	5
329	1
330	0
331	4
332	2
333	4
334	1
335	1
336	3
337	2
338	4
339	1
340	0
341	4
342	1
343	3
344	2
345	0
346	1
347	1
348	2
349	0
350	0
351	6
352	1
353	1
354	1
355	2
356	1
357	1
358	0
359	0
360	1
361	0
362	0
363	1
364	0
365	0
366	0
367	2
368	2
369	0
370	0
371	1
372	0
373	1
374	4
375	1
376	0
377	1
378	3
379	2
380	1
381	0
382	1
383	2
384	0
385	0
386	0
387	1
388	0
389	1
390	0
391	1
392	1
393	0
394	0
395	2
396	0
397	2
398	2
399	1
400	1
401	0
402	0
403	0
404	0
405	2
406	1
407	0
408	0
409	0
410	0
411	0
412	0
413	0
414	1
415	0
416	0
417	0
418	0
419	1
420	0
421	3
422	0
423	0
424	2
425	0
426	1
427	0
428	1
429	0
430	1
431	0
432	0
433	0
434	0
435	0
436	0
437	0
438	1
439	0
440	0
441	0
442	0
443	0
444	0
445	1
446	1
447	0
448	1
449	1
450	0
451	3
452	1
453	0
454	0
455	0
456	0
457	0
458	1
459	0
460	0
461	1
462	0
463	0
464	0
465	1
466	1
467	0
468	1
469	3
470	0
471	1
472	0
473	2
474	2
475	0
476	0
477	0
478	2
479	1
480	1
481	0
482	0
483	0
484	1
485	2
486	0
487	0
488	0
489	0
490	0
491	0
492	1
493	0
494	1
495	0
496	1
497	0
498	0
499	0
500	2
501	0
502	2
503	0
504	1
505	2
506	0
507	0
508	1
509	3
510	0
511	0
512	1
513	2
514	0
515	0
516	0
517	0
518	0
519	1
520	1
521	0
522	0
523	0
524	0
525	1
526	0
527	1
528	0
529	1
530	1
531	1
532	0
533	1
534	1
535	1
536	1
537	2
538	0
539	1
540	0
541	1
542	1
543	1
544	2
545	0
546	1
547	1
548	1
549	2
550	1
551	2
552	0
553	0
554	0
555	1
556	0
557	1
558	2
559	2
560	1
561	1
562	0
563	1
564	0
565	0
566	1
567	0
568	0
569	1
570	2
571	1
572	1
573	0
574	1
575	2
576	1
577	0
578	0
579	1
580	2
581	1
582	3
583	2
584	1
585	2
586	1
587	2
588	2
589	1
590	1
591	1
592	0
593	2
594	2
595	1
596	0
597	0
598	2
599	0
600	0
601	0
602	3
603	2
604	0
605	0
606	2
607	0
608	1
609	1
610	2
611	1
612	1
613	4
614	1
615	1
616	2
617	1
618	1
619	2
620	0
621	1
622	0
623	0
624	0
625	1
626	0
627	2
628	0
629	1
630	1
631	1
632	0
633	0
634	1
635	1
636	1
637	3
638	1
639	4
640	0
641	0
642	0
643	0
644	1
645	1
646	0
647	2
648	1
649	3
650	0
651	0
652	2
653	0
654	1
655	1
656	1
657	0
658	0
659	1
660	0
661	2
662	4
663	1
664	1
665	0
666	0
667	1
668	1
669	1
670	1
671	2
672	2
673	1
674	2
675	2
676	1
677	0
678	1
679	2
680	0
681	0
682	0
683	0
684	2
685	2
686	2
687	1
688	0
689	1
690	1
691	1
692	0
693	1
694	0
695	1
696	0
697	1
698	2
699	4
700	0
701	0
702	1
703	3
704	1
705	2
706	2
707	1
708	2
709	1
710	1
711	2
712	2
713	1
714	4
715	1
716	0
717	0
718	1
719	2
720	0
721	2
722	0
723	1
724	2
725	0
726	2
727	2
728	2
729	2
730	2
731	0
732	1
733	3
734	1
735	2
736	3
737	1
738	1
739	2
740	6
741	5
742	4
743	1
744	1
745	4
746	2
747	2
748	7
749	2
750	3
751	1
752	3
753	5
754	0
755	3
756	4
757	3
758	3
759	4
760	5
761	3
762	5
763	3
764	10
765	6
766	4
767	5
768	5
769	6
770	8
771	5
772	8
773	2
774	6
775	4
776	6
777	8
778	4
779	5
780	5
781	7
782	7
783	7
784	3
785	8
786	7
787	5
788	8
789	9
790	5
791	10
792	7
793	10
794	3
795	8
796	8
797	8
798	3
799	7
800	7
801	5
802	4
803	7
804	11
805	7
806	9
807	18
808	7
809	9
810	9
811	16
812	10
813	7
814	6
815	10
816	4
817	9
818	6
819	11
820	7
821	8
822	12
823	10
824	9
825	10
826	8
827	11
828	7
829	11
830	11
831	15
832	4
833	15
834	11
835	8
836	9
837	10
838	16
839	13
840	13
841	16
842	6
843	12
844	15
845	7
846	6
847	17
848	7
849	15
850	12
851	9
852	12
853	8
854	8
855	7
856	8
857	7
858	8
859	9
860	5
861	16
862	10
863	12
864	9
865	10
866	12
867	5
868	8
869	11
870	11
871	9
872	5
873	14
874	8
875	2
876	10
877	11
878	3
879	11
880	7
881	9
882	4
883	4
884	7
885	8
886	5
887	7
888	7
889	8
890	1
891	12
892	4
893	6
894	4
895	3
896	7
897	5
898	10
899	4
900	2
901	3
902	12
903	9
904	7
905	4
906	6
907	3
908	3
909	1
910	4
911	6
912	3
913	3
914	7
915	8
916	2
917	6
918	2
919	5
920	3
921	1
922	9
923	1
924	2
925	4
926	4
927	6
928	3
929	3
930	4
931	5
932	4
933	2
934	4
935	4
936	4
937	3
938	3
939	4
940	4
941	4
942	2
943	4
944	5
945	5
946	2
947	3
948	6
949	3
950	8
951	3
952	2
953	2
954	1
955	3
956	0
957	0
958	5
959	3
960	4
961	4
962	3
963	1
964	1
965	2
966	4
967	1
968	2
969	4
970	3
971	3
972	2
973	3
974	3
975	2
976	1
977	5
978	1
979	4
980	3
981	5
982	7
983	5
984	1
985	1
986	2
987	3
988	1
989	3
990	7
991	3
992	1
993	4
994	3
995	2
996	3
997	5
998	1
999	3
1000	3
1001	6
1002	1
1003	1
1004	2
1005	1
1006	7
1007	1
1008	3
1009	5
1010	2
1011	5
1012	2
1013	1
1014	3
1015	3
1016	2
1017	8
1018	3
1019	5
1020	5
1021	0
1022	7
1023	5
1024	3
1025	2
1026	5
1027	3
1028	4
1029	1
1030	5
1031	4
1032	3
1033	7
1034	2
1035	4
1036	3
1037	2
1038	4
1039	3
1040	2
1041	1
1042	3
1043	2
1044	4
1045	2
1046	9
1047	4
1048	4
1049	4
1050	5
1051	3
1052	2
1053	2
1054	3
1055	1
1056	5
1057	4
1058	1
1059	3
1060	2
1061	3
1062	4
1063	5
1064	3
1065	1
1066	1
1067	2
1068	4
1069	5
1070	2
1071	3
1072	4
1073	1
1074	1
1075	1
1076	2
1077	3
1078	3
1079	2
1080	5
1081	5
1082	0
1083	3
1084	3
1085	5
1086	1
1087	1
1088	1
1089	6
1090	2
1091	0
1092	4
1093	2
1094	2
1095	4
1096	2
1097	1
1098	1
1099	3
1100	1
1101	2
1102	2
1103	1
1104	3
1105	2
1106	1
1107	2
1108	1
1109	1
1110	1
1111	2
1112	2
1113	5
1114	1
1115	2
1116	0
1117	2
1118	0
1119	2
1120	0
1121	1
1122	2
1123	2
1124	3
1125	0
1126	3
1127	2
1128	2
1129	3
1130	2
1131	4
1132	0
1133	1
1134	2
1135	3
1136	0
1137	5
1138	4
1139	0
1140	4
1141	1
1142	1
1143	0
1144	0
1145	2
1146	1
1147	1
1148	2
1149	4
1150	3
1151	2
1152	0
1153	1
1154	3
1155	4
1156	2
1157	1
1158	1
1159	2
1160	0
1161	2
1162	1
1163	2
1164	1
1165	0
1166	0
1167	4
1168	1
1169	2
1170	0
1171	0
1172	2
1173	2
1174	4
1175	0
1176	2
1177	3
1178	1
1179	0
1180	1
1181	0
1182	1
1183	0
1184	0
1185	1
1186	1
1187	2
1188	1
1189	0
1190	1
1191	0
1192	1
1193	2
1194	0
1195	3
1196	0
1197	2
1198	2
1199	2
1200	0
1201	0
1202	0
1203	3
1204	4
1205	1
1206	4
1207	1
1208	1
1209	0
1210	0
1211	1
1212	1
1213	0
1214	1
1215	1
1216	0
1217	3
1218	3
1219	1
1220	3
1221	4
1222	2
1223	2
1224	2
1225	1
1226	0
1227	1
1228	1
1229	2
1230	1
1231	0
1232	1
1233	1
1234	3
1235	1
1236	2
1237	2
1238	3
1239	2
1240	1
1241	3
1242	0
1243	2
1244	3
1245	3
1246	1
1247	3
1248	2
1249	2
1250	3
1251	3
1252	2
1253	1
1254	1
1255	3
1256	2
1257	2
1258	0
1259	6
1260	2
1261	0
1262	5
1263	0
1264	2
1265	0
1266	1
1267	2
1268	4
1269	1
1270	3
1271	0
1272	1
1273	1
1274	1
1275	2
1276	1
1277	3
1278	2
1279	2
1280	1
1281	3
1282	1
1283	1
1284	1
1285	2
1286	0
1287	1
1288	1
1289	1
1290	2
1291	2
1292	5
1293	0
1294	3
1295	1
1296	1
1297	1
1298	3
1299	2
1300	0
1301	1
1302	1
1303	1
1304	0
1305	2
1306	0
1307	2
1308	3
1309	1
1310	0
1311	2
1312	1
1313	1
1314	0
1315	6
1316	1
1317	2
1318	0
1319	2
1320	0
1321	1
1322	1
1323	0
1324	0
1325	1
1326	0
1327	0
1328	2
1329	1
1330	1
1331	1
1332	0
1333	2
1334	1
1335	1
1336	0
1337	1
1338	0
1339	2
1340	3
1341	1
1342	2
1343	4
1344	0
1345	0
1346	1
1347	1
1348	4
1349	3
1350	1
1351	2
1352	0
1353	2
1354	1
1355	1
1356	2
1357	2
1358	2
1359	0
1360	1
1361	0
1362	3
1363	0
1364	5
1365	1
1366	0
1367	0
1368	0
1369	3
1370	2
1371	2
1372	1
1373	2
1374	2
1375	5
1376	1
1377	1
1378	2
1379	3
1380	3
1381	1
1382	2
1383	2
1384	2
1385	1
1386	1
1387	4
1388	2
1389	1
1390	0
1391	1
1392	1
1393	1
1394	1
1395	1
1396	1
1397	0
1398	1
1399	0
1400	0
1401	4
1402	1
1403	2
1404	1
1405	2
1406	1
1407	3
1408	2
1409	1
1410	2
1411	1
1412	2
1413	3
1414	2
1415	1
1416	0
1417	2
1418	2
1419	1
1420	2
1421	0
1422	1
1423	2
1424	0
1425	1
1426	0
1427	0
1428	3
1429	2
1430	1
1431	1
1432	0
1433	1
1434	0
1435	2
1436	2
1437	2
1438	0
1439	3
1440	0
1441	0
1442	2
1443	1
1444	2
1445	0
1446	0
1447	3
1448	0
1449	0
1450	2
1451	2
1452	1
1453	3
1454	1
1455	1
1456	1
1457	0
1458	0
1459	0
1460	1
1461	3
1462	0
1463	0
1464	0
1465	0
1466	1
1467	1
1468	2
1469	0
1470	0
1471	1
1472	2
1473	0
1474	0
1475	1
1476	1
1477	1
1478	0
1479	4
1480	0
1481	0
1482	1
1483	0
1484	1
1485	1
1486	1
1487	0
1488	0
1489	0
1490	0
1491	2
1492	1
1493	0
1494	0
1495	0
1496	0
1497	0
1498	1
1499	3
1500	0
1501	1
1502	3
1503	1
1504	0
1505	1
1506	1
1507	3
1508	2
1509	0
1510	0
1511	0
1512	1
1513	3
1514	0
1515	1
1516	2
1517	0
1518	3
1519	1
1520	1
1521	1
1522	1
1523	1
1524	0
1525	1
1526	1
1527	2
1528	0
1529	0
1530	0
1531	0
1532	0
1533	0
1534	0
1535	1
1536	2
1537	1
1538	2
1539	0
1540	2
1541	0
1542	0
1543	0
1544	1
1545	1
1546	0
1547	1
1548	2
1549	0
1550	0
1551	3
1552	1
1553	0
1554	1
1555	2
1556	1
1557	1
1558	0
1559	0
1560	2
1561	0
1562	1
1563	2
1564	1
1565	1
1566	1
1567	1
1568	0
1569	2
1570	1
1571	0
1572	0
1573	1
1574	2
1575	2
1576	2
1577	1
1578	0
1579	3
1580	0
1581	0
1582	0
1583	2
1584	1
1585	3
1586	1
1587	0
1588	1
1589	1
1590	0
1591	1
1592	0
1593	1
1594	0
1595	2
1596	1
1597	0
1598	0
1599	1
1600	0
1601	0
1602	0
1603	0
1604	1
1605	0
1606	2
1607	1
1608	2
1609	2
1610	2
1611	1
1612	1
1613	0
1614	2
1615	0
1616	2
1617	0
1618	1
1619	5
1620	1
1621	1
1622	0
1623	1
1624	2
1625	1
1626	2
1627	0
1628	1
1629	1
1630	2
1631	3
1632	1
1633	0
1634	0
1635	2
1636	2
1637	0
1638	2
1639	0
1640	1
1641	3
1642	4
1643	1
1644	2
1645	1
1646	1
1647	0
1648	1
1649	0
1650	0
1651	2
1652	0
1653	1
1654	3
1655	0
1656	0
1657	2
1658	0
1659	1
1660	1
1661	0
1662	1
1663	1
1664	0
1665	1
1666	2
1667	1
1668	2
1669	0
1670	0
1671	0
1672	2
1673	0
1674	2
1675	0
1676	1
1677	0
1678	0
1679	1
1680	1
1681	1
1682	1
1683	1
1684	0
1685	2
1686	1
1687	0
1688	0
1689	4
1690	0
1691	3
1692	4
1693	1
1694	1
1695	3
1696	0
1697	2
1698	1
1699	0
1700	2
1701	0
1702	0
1703	1
1704	0
1705	2
1706	1
1707	2
1708	1
1709	1
1710	2
1711	0
1712	1
1713	2
1714	0
1715	2
1716	0
1717	2
1718	0
1719	0
1720	1
1721	1
1722	0
1723	2
1724	3
1725	0
1726	2
1727	0
1728	0
1729	1
1730	3
1731	0
1732	0
1733	0
1734	1
1735	1
1736	2
1737	3
1738	1
1739	1
1740	1
1741	0
1742	3
1743	2
1744	0
1745	1
1746	0
1747	0
1748	1
1749	1
1750	3
1751	1
1752	1
1753	1
1754	0
1755	1
1756	3
1757	3
1758	1
1759	0
1760	2
1761	3
1762	0
1763	0
1764	2
1765	0
1766	1
1767	4
1768	1
1769	1
1770	0
1771	1
1772	3
1773	1
1774	3
1775	1
1776	2
1777	0
1778	1
1779	0
1780	1
1781	2
1782	1
1783	0
1784	3
1785	0
1786	3
1787	2
1788	2
1789	0
1790	1
1791	0
1792	1
1793	0
1794	2
1795	1
1796	1
1797	1
1798	0
1799	1
1800	1
1801	1
1802	0
1803	1
1804	1
1805	0
1806	0
1807	0
1808	0
1809	3
1810	1
1811	0
1812	1
1813	1
1814	0
1815	0
1816	1
1817	0
1818	0
1819	0
1820	1
1821	0
1822	0
1823	1
1824	1
1825	1
1826	0
1827	1
1828	0
1829	2
1830	0
1831	0
1832	1
1833	0
1834	0
1835	0
1836	0
1837	1
1838	1
1839	0
1840	0
1841	0
1842	0
1843	1
1844	0
1845	0
1846	2
1847	1
1848	0
1849	3
1850	1
1851	3
1852	2
1853	0
1854	0
1855	1
1856	0
1857	1
1858	3
1859	1
1860	0
1861	0
1862	3
1863	0
1864	2
1865	2
1866	1
1867	1
1868	1
1869	0
1870	4
1871	0
1872	3
1873	0
1874	1
1875	0
1876	2
1877	1
1878	3
1879	0
1880	2
1881	0
1882	0
1883	0
1884	0
1885	0
1886	2
1887	1
1888	2
1889	0
1890	0
1891	0
1892	2
1893	1
1894	2
1895	0
1896	1
1897	2
1898	0
1899	1
1900	1
1901	1
1902	0
1903	1
1904	0
1905	0
1906	1
1907	1
1908	1
1909	0
1910	1
1911	0
1912	1
1913	2
1914	2
1915	0
1916	0
1917	0
1918	1
1919	0
1920	2
1921	0
1922	0
1923	3
1924	0
1925	1
1926	1
1927	0
1928	0
1929	0
1930	2
1931	0
1932	3
1933	2
1934	2
1935	0
1936	0
1937	1
1938	1
1939	1
1940	0
1941	1
1942	2
1943	1
1944	0
1945	0
1946	0
1947	0
1948	0
1949	1
1950	0
1951	1
1952	1
1953	1
1954	1
1955	1
1956	1
1957	1
1958	1
1959	1
1960	0
1961	1
1962	0
1963	0
1964	0
1965	2
1966	1
1967	0
1968	0
1969	0
1970	1
1971	0
1972	1
1973	0
1974	0
1975	0
1976	0
1977	2
1978	0
1979	2
1980	0
1981	1
1982	1
1983	0
1984	0
1985	1
1986	0
1987	1
1988	0
1989	0
1990	0
1991	0
1992	0
1993	1
1994	0
1995	1
1996	1
1997	0
1998	1
1999	1
2000	2
2001	1
2002	2
2003	1
2004	2
2005	3
2006	1
2007	0
2008	1
2009	1
2010	0
2011	0
2012	3
2013	0
2014	1
2015	2
2016	1
2017	3
2018	1
2019	1
2020	0
2021	2
2022	0
2023	0
2024	0
2025	0
2026	0
2027	0
2028	1
2029	1
2030	0
2031	0
2032	0
2033	0
2034	0
2035	1
2036	0
2037	0
2038	2
2039	0
2040	1
2041	4
2042	0
2043	1
2044	0
2045	2
2046	0
2047	1
2048	1
2049	2
2050	0
2051	0
2052	0
2053	1
2054	0
2055	0
2056	0
2057	2
2058	0
2059	0
2060	0
2061	1
2062	0
2063	2
2064	1
2065	0
2066	1
2067	3
2068	1
2069	1
2070	1
2071	1
2072	0
2073	3
2074	0
2075	1
2076	0
2077	0
2078	0
2079	1
2080	0
2081	0
2082	1
2083	0
2084	1
2085	1
2086	1
2087	5
2088	0
2089	1
2090	1
2091	0
2092	0
2093	1
2094	0
2095	0
2096	0
2097	1
2098	1
2099	1
2100	1
2101	0
2102	1
2103	1
2104	1
2105	0
2106	0
2107	0
2108	0
2109	1
2110	2
2111	0
2112	0
2113	0
2114	0
2115	1
2116	2
2117	0
2118	2
2119	1
2120	1
2121	0
2122	1
2123	0
2124	1
2125	1
2126	0
2127	0
2128	0
2129	0
2130	0
2131	0
2132	1
2133	0
2134	1
2135	1
2136	0
2137	0
2138	1
2139	1
2140	1
2141	1
2142	1
2143	1
2144	1
2145	0
2146	1
2147	0
2148	1
2149	0
2150	2
2151	2
2152	0
2153	0
2154	1
2155	1
2156	0
2157	0
2158	0
2159	1
2160	2
2161	1
2162	1
2163	0
2164	1
2165	0
2166	0
2167	1
2168	1
2169	1
2170	0
2171	1
2172	1
2173	1
2174	2
2175	1
2176	1
2177	1
2178	1
2179	0
2180	1
2181	1
2182	0
2183	0
2184	1
2185	1
2186	0
2187	1
2188	0
2189	0
2190	1
2191	0
2192	0
2193	0
2194	1
2195	1
2196	1
2197	1
2198	0
2199	0
2200	1
2201	1
2202	0
2203	4
2204	1
2205	1
2206	2
2207	1
2208	0
2209	0
2210	1
2211	1
2212	1
2213	0
2214	2
2215	0
2216	0
2217	0
2218	1
2219	2
2220	0
2221	0
2222	1
2223	0
2224	0
2225	2
2226	0
2227	1
2228	0
2229	0
2230	0
2231	0
2232	1
2233	0
2234	0
2235	0
2236	1
2237	1
2238	1
2239	1
2240	1
2241	2
2242	0
2243	0
2244	1
2245	0
2246	0
2247	0
2248	0
2249	1
2250	0
2251	1
2252	0
2253	0
2254	0
2255	0
2256	2
2257	1
2258	0
2259	1
2260	1
2261	2
2262	0
2263	0
2264	0
2265	3
2266	1
2267	2
2268	0
2269	1
2270	1
2271	1
2272	0
2273	0
2274	2
2275	0
2276	1
2277	0
2278	0
2279	1
2280	1
2281	0
2282	1
2283	3
2284	3
2285	1
2286	3
2287	0
2288	0
2289	0
2290	0
2291	1
2292	0
2293	0
2294	1
2295	1
2296	0
2297	0
2298	1
2299	0
2300	1
2301	0
2302	1
2303	0
2304	0
2305	1
2306	0
2307	1
2308	0
2309	0
2310	3
2311	0
2312	1
2313	0
2314	0
2315	0
2316	0
2317	0
2318	1
2319	0
2320	1
2321	0
2322	2
2323	3
2324	1
2325	0
2326	0
2327	0
2328	2
2329	0
2330	1
2331	1
2332	0
2333	0
2334	0
2335	1
2336	1
2337	2
2338	1
2339	0
2340	1
2341	0
2342	3
2343	1
2344	0
2345	2
2346	2
2347	1
2348	1
2349	1
2350	1
2351	2
2352	0
2353	1
2354	0
2355	1
2356	3
2357	0
2358	1
2359	2
2360	0
2361	2
2362	0
2363	0
2364	1
2365	2
2366	0
2367	2
2368	1
2369	1
2370	2
2371	0
2372	1
2373	1
2374	0
2375	0
2376	0
2377	2
2378	1
2379	0
2380	1
2381	1
2382	1
2383	1
2384	0
2385	1
2386	1
2387	0
2388	2
2389	0
2390	0
2391	0
2392	0
2393	1
2394	1
2395	1
2396	0
2397	0
2398	0
2399	0
2400	0
2401	2
2402	0
2403	1
2404	0
2405	0
2406	1
2407	0
2408	1
2409	0
2410	0
2411	0
2412	1
2413	1
2414	0
2415	1
2416	0
2417	2
2418	1
2419	1
2420	0
2421	0
2422	1
2423	2
2424	0
2425	0
2426	1
2427	1
2428	2
2429	0
2430	0
2431	1
2432	1
2433	0
2434	0
2435	2
2436	2
2437	0
2438	1
2439	0
2440	0
2441	0
2442	1
2443	0
2444	2
2445	2
2446	0
2447	0
2448	1
2449	0
2450	0
2451	0
2452	0
2453	0
2454	1
2455	0
2456	1
2457	1
2458	1
2459	0
2460	1
2461	0
2462	0
2463	1
2464	1
2465	1
2466	0
2467	0
2468	1
2469	3
2470	0
2471	1
2472	1
2473	0
2474	1
2475	2
2476	2
2477	0
2478	1
2479	1
2480	1
2481	1
2482	3
2483	1
2484	0
2485	1
2486	2
2487	3
2488	3
2489	1
2490	0
2491	2
2492	2
2493	2
2494	1
2495	0
2496	1
2497	0
2498	5
2499	2
2500	2
2501	1
2502	1
2503	2
2504	3
2505	1
2506	0
2507	2
2508	2
2509	0
2510	2
2511	4
2512	5
2513	0
2514	5
2515	6
2516	4
2517	1
2518	6
2519	1
2520	2
2521	1
2522	1
2523	6
2524	7
2525	0
2526	4
2527	2
2528	4
2529	1
2530	2
2531	2
2532	6
2533	4
2534	4
2535	4
2536	0
2537	3
2538	5
2539	0
2540	2
2541	3
2542	3
2543	3
2544	1
2545	3
2546	3
2547	1
2548	4
2549	5
2550	5
2551	2
2552	1
2553	3
2554	2
2555	6
2556	3
2557	1
2558	4
2559	1
2560	6
2561	2
2562	5
2563	6
2564	5
2565	3
2566	0
2567	5
2568	3
2569	3
2570	1
2571	5
2572	7
2573	1
2574	2
2575	2
2576	3
2577	2
2578	4
2579	3
2580	2
2581	2
2582	4
2583	2
2584	0
2585	5
2586	5
2587	5
2588	3
2589	1
2590	1
2591	4
2592	1
2593	3
2594	3
2595	1
2596	2
2597	3
2598	2
2599	4
2600	1
2601	3
2602	4
2603	1
2604	2
2605	4
2606	0
2607	1
2608	2
2609	2
2610	3
2611	5
2612	3
2613	1
2614	5
2615	0
2616	0
2617	2
2618	2
2619	1
2620	0
2621	0
2622	2
2623	2
2624	2
2625	1
2626	2
2627	0
2628	0
2629	0
2630	2
2631	1
2632	3
2633	2
2634	2
2635	0
2636	1
2637	0
2638	1
2639	0
2640	2
2641	0
2642	2
2643	1
2644	2
2645	0
2646	0
2647	0
2648	0
2649	0
2650	0
2651	0
2652	0
2653	0
2654	0
2655	1
2656	0
2657	3
2658	1
2659	0
2660	0
2661	2
2662	3
2663	0
2664	2
2665	1
2666	0
2667	0
2668	0
2669	1
2670	1
2671	0
2672	0
2673	1
2674	1
2675	0
2676	0
2677	2
2678	1
2679	1
2680	1
2681	0
2682	0
2683	0
2684	1
2685	0
2686	0
2687	0
2688	0
2689	1
2690	1
2691	1
2692	0
2693	0
2694	0
2695	0
2696	1
2697	1
2698	0
2699	1
2700	0
2701	2
2702	0
2703	2
2704	2
2705	1
2706	1
2707	1
2708	1
2709	1
2710	0
2711	0
2712	0
2713	0
2714	0
2715	0
2716	1
2717	0
2718	0
2719	0
2720	0
2721	0
2722	0
2723	1
2724	1
2725	0
2726	0
2727	0
2728	1
2729	2
2730	0
2731	1
2732	0
2733	1
2734	0
2735	0
2736	0
2737	0
2738	1
2739	1
2740	0
2741	0
2742	1
2743	0
2744	1
2745	0
2746	1
2747	1
2748	0
2749	0
2750	2
2751	0
2752	0
2753	1
2754	0
2755	0
2756	1
2757	0
2758	0
2759	0
2760	0
2761	0
2762	1
2763	0
2764	1
2765	0
2766	0
2767	0
2768	0
2769	1
2770	2
2771	1
2772	0
2773	0
2774	0
2775	1
2776	1
2777	0
2778	1
2779	1
2780	0
2781	0
2782	0
2783	0
2784	0
2785	1
2786	0
2787	0
2788	0
2789	0
2790	1
2791	1
2792	0
2793	1
2794	1
2795	0
2796	0
2797	1
2798	0
2799	1
2800	1
2801	0
2802	2
2803	2
2804	0
2805	1
2806	1
2807	1
2808	1
2809	0
2810	1
2811	0
2812	2
2813	1
2814	1
2815	0
2816	4
2817	2
2818	1
2819	1
2820	2
2821	0
2822	1
2823	0
2824	2
2825	2
2826	2
2827	0
2828	0
2829	1
2830	1
2831	0
2832	2
2833	1
2834	3
2835	0
2836	1
2837	2
2838	1
2839	1
2840	2
2841	3
2842	1
2843	1
2844	1
2845	2
2846	0
2847	2
2848	2
2849	2
2850	2
2851	3
2852	3
2853	0
2854	4
2855	3
2856	2
2857	4
2858	1
2859	2
2860	4
2861	3
2862	4
2863	0
2864	4
2865	5
2866	3
2867	4
2868	2
2869	3
2870	4
2871	0
2872	3
2873	5
2874	2
2875	4
2876	8
2877	4
2878	5
2879	5
2880	6
2881	2
2882	5
2883	3
2884	10
2885	1
2886	10
2887	6
2888	1
2889	3
2890	4
2891	6
2892	6
2893	6
2894	5
2895	6
2896	2
2897	8
2898	3
2899	11
2900	2
2901	2
2902	5
2903	5
2904	10
2905	10
2906	5
2907	7
2908	3
2909	10
2910	6
2911	6
2912	8
2913	9
2914	9
2915	5
2916	5
2917	4
2918	8
2919	12
2920	3
2921	10
2922	9
2923	9
2924	10
2925	9
2926	8
2927	4
2928	6
2929	7
2930	8
2931	8
2932	7
2933	7
2934	12
2935	8
2936	7
2937	10
2938	4
2939	9
2940	14
2941	6
2942	10
2943	9
2944	13
2945	6
2946	7
2947	12
2948	7
2949	7
2950	14
2951	4
2952	11
2953	12
2954	6
2955	13
2956	20
2957	12
2958	8
2959	9
2960	14
2961	7
2962	15
2963	6
2964	6
2965	5
2966	13
2967	9
2968	9
2969	9
2970	7
2971	4
2972	12
2973	4
2974	7
2975	7
2976	6
2977	12
2978	8
2979	4
2980	4
2981	5
2982	10
2983	7
2984	4
2985	13
2986	4
2987	2
2988	7
2989	3
2990	5
2991	5
2992	10
2993	4
2994	8
2995	10
2996	4
2997	3
2998	4
2999	6
3000	4
3001	5
3002	6
3003	1
3004	5
3005	4
3006	1
3007	3
3008	2
3009	2
3010	2
3011	2
3012	9
3013	2
3014	2
3015	2
3016	2
3017	0
3018	1
3019	1
3020	1
3021	1
3022	3
3023	2
3024	1
3025	1
3026	4
3027	3
3028	1
3029	0
3030	0
3031	0
3032	2
3033	1
3034	0
3035	1
3036	1
3037	2
3038	0
3039	0
3040	0
3041	1
3042	0
3043	1
3044	1
3045	1
3046	1
3047	0
3048	1
3049	0
3050	0
3051	0
3052	1
3053	1
3054	1
3055	1
3056	1
3057	2
3058	0
3059	2
3060	1
3061	0
3062	0
3063	2
3064	0
3065	1
3066	0
3067	1
3068	0
3069	0
3070	0
3071	0
3072	0
3073	0
3074	0
3075	0
3076	1
3077	0
3078	0
3079	0
3080	0
3081	0
3082	0
3083	0
3084	0
3085	0
3086	0
3087	0
3088	0
3089	0
3090	0
3091	0
3092	0
3093	0
3094	0
3095	0
3096	0
3097	0
3098	1
3099	1
3100	0
3101	0
3102	0
3103	0
3104	1
3105	0
3106	2
3107	0
3108	0
3109	1
3110	0
3111	0
3112	0
3113	0
3114	1
3115	0
3116	0
3117	0
3118	0
3119	0
3120	0
3121	0
3122	0
3123	0
3124	0
3125	0
3126	1
3127	0
3128	0
3129	0
3130	0
3131	1
3132	0
3133	0
3134	0
3135	0
3136	1
3137	0
3138	0
3139	1
3140	0
3141	0
3142	0
3143	0
3144	0
3145	1
3146	0
3147	0
3148	0
3149	1
3150	0
3151	1
3152	0
3153	1
3154	0
3155	0
3156	1
3157	0
3158	0
3159	0
3160	0
3161	0
3162	0
3163	0
3164	0
3165	0
3166	0
3167	0
3168	0
3169	0
3170	0
3171	1
3172	1
3173	0
3174	1
3175	0
3176	0
3177	0
3178	0
3179	0
3180	1
3181	0
3182	0
3183	0
3184	0
3185	0
3186	0
3187	0
3188	0
3189	1
3190	1
3191	0
3192	0
3193	0
3194	0
3195	1
3196	0
3197	0
3198	1
3199	0
3200	0
3201	0
3202	0
3203	0
3204	0
3205	0
3206	0
3207	0
3208	0
3209	0
3210	0
3211	1
3212	1
3213	0
3214	0
3215	0
3216	1
3217	0
3218	0
3219	1
3220	0
3221	0
3222	0
3223	0
3224	0
3225	0
3226	0
3227	0
3228	0
3229	0
3230	1
3231	0
3232	0
3233	0
3234	0
3235	0
3236	0
3237	0
3238	0
3239	2
3240	0
3241	0
3242	0
3243	1
3244	0
3245	0
3246	0
3247	0
3248	0
3249	1
3250	1
3251	1
3252	0
3253	0
3254	2
3255	0
3256	0
3257	0
3258	1
3259	0
3260	0
3261	0
3262	1
3263	0
3264	0
3265	0
3266	0
3267	1
3268	0
3269	0
3270	0
3271	0
3272	1
3273	1
3274	0
3275	1
3276	0
3277	0
3278	0
3279	1
3280	2
3281	0
3282	0
3283	2
3284	1
3285	0
3286	1
3287	0
3288	0
3289	0
3290	1
3291	2
3292	1
3293	1
3294	0
3295	2
3296	0
3297	0
3298	2
3299	1
3300	0
3301	1
3302	0
3303	0
3304	1
3305	1
3306	3
3307	2
3308	0
3309	0
3310	1
3311	2
3312	1
3313	2
3314	1
3315	0
3316	1
3317	1
3318	0
3319	1
3320	2
3321	2
3322	0
3323	0
3324	2
3325	1
3326	3
3327	1
3328	0
3329	0
3330	0
3331	2
3332	0
3333	2
3334	1
3335	1
3336	1
3337	2
3338	1
3339	0
3340	0
3341	1
3342	2
3343	2
3344	1
3345	1
3346	3
3347	3
3348	4
3349	0
3350	1
3351	1
3352	1
3353	5
3354	1
3355	0
3356	1
3357	2
3358	0
3359	2
3360	2
3361	4
3362	0
3363	0
3364	0
3365	0
3366	5
3367	2
3368	0
3369	2
3370	1
3371	0
3372	2
3373	2
3374	2
3375	0
3376	1
3377	1
3378	2
3379	2
3380	0
3381	0
3382	1
3383	0
3384	2
3385	3
3386	0
3387	2
3388	0
3389	1
3390	0
3391	0
3392	0
3393	2
3394	1
3395	1
3396	2
3397	0
3398	2
3399	0
3400	1
3401	2
3402	1
3403	0
3404	2
3405	3
3406	0
3407	0
3408	0
3409	1
3410	1
3411	2
3412	2
3413	1
3414	1
3415	0
3416	1
3417	0
3418	0
3419	1
3420	2
3421	1
3422	0
3423	0
3424	0
3425	0
3426	1
3427	2
3428	2
3429	2
3430	1
3431	0
3432	0
3433	0
3434	0
3435	0
3436	0
3437	0
3438	1
3439	0
3440	0
3441	0
3442	0
3443	0
3444	0
3445	0
3446	1
3447	0
3448	0
3449	0
3450	0
3451	1
3452	0
3453	0
3454	0
3455	1
3456	1
3457	0
3458	0
3459	0
3460	0
3461	0
3462	0
3463	0
3464	0
3465	0
3466	0
3467	0
3468	2
3469	0
3470	0
3471	0
3472	0
3473	0
3474	0
3475	0
3476	0
3477	0
3478	0
3479	0
3480	0
3481	0
3482	0
3483	1
3484	0
3485	0
3486	0
3487	0
3488	0
3489	0
3490	0
3491	0
3492	0
3493	0
3494	0
3495	0
3496	0
3497	0
3498	0
3499	0
3500	0
3501	0
3502	0
3503	0
3504	0
3505	0
3506	0
3507	0
3508	0
3509	0
3510	0
3511	0
3512	0
3513	0
3514	0
3515	0
3516	0
3517	0
3518	0
3519	0
3520	0
3521	0
3522	0
3523	0
3524	0
3525	0
3526	0
3527	0
3528	0
3529	0
3530	0
3531	0
3532	0
3533	0
3534	0
3535	0
3536	0
3537	0
3538	0
3539	0
3540	0
3541	0
3542	0
3543	0
3544	0
3545	0
3546	0
3547	0
3548	0
3549	0
3550	0
3551	0
3552	0
3553	0
3554	0
3555	0
3556	0
3557	0
3558	0
3559	0
3560	0
3561	0
3562	0
3563	0
3564	0
3565	0
3566	0
3567	0
3568	0
3569	0
3570	0
3571	0
3572	0
3573	0
3574	0
3575	0
3576	0
3577	0
3578	0
3579	0
3580	0
3581	0
3582	0
3583	0
3584	0
3585	0
3586	0
3587	0
3588	0
3589	0
3590	0
3591	0
3592	0
3593	0
3594	0
3595	0
3596	0
3597	0
3598	0
3599	0
3600	0
3601	0
3602	0
3603	0
3604	0
3605	0
3606	0
3607	0
3608	0
3609	0
3610	0
3611	0
3612	0
3613	0
3614	0
3615	0
3616	1
3617	0
3618	0
3619	0
3620	0
3621	0
3622	0
3623	0
3624	0
3625	0
3626	0
3627	0
3628	0
3629	0
3630	0
3631	0
3632	0
3633	0
3634	0
3635	0
3636	1
3637	0
3638	0
3639	0
3640	0
3641	0
3642	0
3643	0
3644	0
3645	0
3646	0
3647	0
3648	0
3649	0
3650	0
3651	0
3652	0
3653	0
3654	0
3655	0
3656	0
3657	0
3658	0
3659	0
3660	0
3661	0
3662	0
3663	0
3664	0
3665	0
3666	0
3667	0
3668	0
3669	0
3670	0
3671	0
3672	0
3673	1
3674	0
3675	0
3676	0
3677	0
3678	0
3679	0
3680	0
3681	0
3682	0
3683	0
3684	0
3685	0
3686	0
3687	0
3688	0
3689	0
3690	0
3691	0
3692	0
3693	0
3694	0
3695	0
3696	0
3697	0
3698	0
3699	0
3700	0
3701	0
3702	0
3703	0
3704	0
3705	0
3706	0
3707	0
3708	0
3709	0
3710	0
3711	0
3712	0
3713	0
3714	0
3715	0
3716	0
3717	0
3718	0
3719	0
3720	0
3721	0
3722	0
3723	0
3724	1
3725	0
3726	0
3727	0
3728	0
3729	0
3730	0
3731	0
3732	0
3733	0
3734	0
3735	0
3736	0
3737	0
3738	0
3739	0
3740	0
3741	0
3742	0
3743	0
3744	0
3745	0
3746	0
3747	0
3748	0
3749	0
3750	0
3751	0
3752	0
3753	0
3754	0
3755	0
3756	0
3757	0
3758	0
3759	0
3760	0
3761	0
3762	0
3763	0
3764	0
3765	0
3766	0
3767	0
3768	0
3769	0
3770	0
3771	0
3772	0
3773	0
3774	0
3775	0
3776	0
3777	0
3778	0
3779	0
3780	0
3781	0
3782	0
3783	0
3784	0
3785	0
3786	0
3787	0
3788	0
3789	0
3790	0
3791	0
3792	0
3793	0
3794	0
3795	0
3796	0
3797	0
3798	0
3799	0
3800	0
3801	0
3802	0
3803	0
3804	0
3805	0
3806	0
3807	0
3808	0
3809	0
3810	0
3811	0
3812	0
3813	0
3814	0
3815	0
3816	0
3817	0
3818	0
3819	0
3820	0
3821	0
3822	0
3823	0
3824	0
3825	0
3826	0
3827	0
3828	0
3829	0
3830	0
3831	0
3832	0
3833	0
3834	0
3835	0
3836	0
3837	0
3838	0
3839	0
3840	0
3841	0
3842	0
3843	0
3844	0
3845	0
3846	0
3847	0
3848	0
3849	0
3850	0
3851	0
3852	0
3853	0
3854	0
3855	0
3856	0
3857	0
3858	0
3859	0
3860	0
3861	0
3862	0
3863	0
3864	0
3865	0
3866	0
3867	0
3868	0
3869	0
3870	0
3871	0
3872	0
3873	0
3874	0
3875	0
3876	0
3877	0
3878	0
3879	0
3880	0
3881	0
3882	0
3883	0
3884	0
3885	0
3886	0
3887	0
3888	0
3889	0
3890	0
3891	0
3892	0
3893	0
3894	0
3895	0
3896	0
3897	0
3898	0
3899	0
3900	0
3901	0
3902	0
3903	0
3904	0
3905	0
3906	0
3907	0
3908	0
3909	0
3910	0
3911	0
3912	0
3913	0
3914	0
3915	0
3916	0
3917	0
3918	0
3919	0
3920	0
3921	0
3922	0
3923	0
3924	0
3925	0
3926	0
3927	0
3928	0
3929	0
3930	0
3931	0
3932	0
3933	0
3934	0
3935	0
3936	0
3937	0
3938	0
3939	0
3940	0
3941	0
3942	0
3943	0
3944	0
3945	0
3946	0
3947	0
3948	0
3949	0
3950	0
3951	0
3952	0
3953	0
3954	0
3955	0
3956	0
3957	0
3958	0
3959	0
3960	0
3961	0
3962	0
3963	0
3964	0
3965	0
3966	0
3967	0
3968	0
3969	0
3970	0
3971	0
3972	0
3973	0
3974	0
3975	0
3976	0
3977	0
3978	0
3979	0
3980	0
3981	0
3982	0
3983	0
3984	0
3985	0
3986	0
3987	0
3988	0
3989	0
3990	0
3991	0
3992	0
3993	0
3994	0
3995	0
3996	0
3997	0
3998	0
3999	0
4000	0
