Kanalnummer	Impulse
Kanal/#	Impulse/#

0	0
1	0
2	0
3	0
4	0
5	0
6	0
7	0
8	0
9	0
10	0
11	0
12	0
13	0
14	0
15	0
16	0
17	0
18	0
19	0
20	0
21	0
22	0
23	0
24	0
25	0
26	0
27	0
28	0
29	0
30	0
31	0
32	0
33	0
34	0
35	0
36	0
37	0
38	0
39	0
40	0
41	0
42	0
43	0
44	0
45	0
46	0
47	0
48	0
49	0
50	0
51	0
52	0
53	0
54	0
55	0
56	0
57	1
58	0
59	0
60	0
61	0
62	0
63	0
64	0
65	0
66	1
67	0
68	2
69	1
70	1
71	0
72	2
73	1
74	0
75	2
76	1
77	3
78	0
79	1
80	0
81	1
82	3
83	2
84	1
85	1
86	3
87	1
88	1
89	2
90	1
91	0
92	1
93	0
94	1
95	1
96	0
97	0
98	2
99	0
100	2
101	0
102	1
103	2
104	3
105	3
106	1
107	1
108	2
109	1
110	1
111	0
112	0
113	2
114	4
115	0
116	3
117	1
118	3
119	0
120	2
121	0
122	1
123	1
124	2
125	0
126	2
127	2
128	0
129	1
130	2
131	0
132	1
133	2
134	1
135	2
136	1
137	0
138	1
139	1
140	1
141	1
142	2
143	1
144	0
145	1
146	1
147	0
148	2
149	1
150	0
151	2
152	0
153	0
154	0
155	2
156	1
157	2
158	1
159	1
160	0
161	3
162	1
163	1
164	2
165	2
166	4
167	2
168	0
169	0
170	2
171	3
172	1
173	4
174	3
175	4
176	1
177	1
178	0
179	0
180	0
181	2
182	1
183	0
184	1
185	1
186	0
187	0
188	0
189	3
190	1
191	3
192	1
193	1
194	0
195	2
196	0
197	2
198	1
199	0
200	1
201	3
202	0
203	0
204	2
205	0
206	1
207	0
208	1
209	0
210	0
211	1
212	3
213	5
214	1
215	1
216	0
217	2
218	1
219	0
220	0
221	3
222	1
223	3
224	3
225	3
226	0
227	1
228	2
229	1
230	1
231	1
232	2
233	3
234	0
235	1
236	2
237	1
238	2
239	1
240	2
241	2
242	1
243	3
244	2
245	0
246	1
247	2
248	2
249	2
250	1
251	0
252	4
253	1
254	2
255	3
256	1
257	1
258	0
259	2
260	0
261	3
262	0
263	1
264	3
265	0
266	2
267	1
268	2
269	3
270	2
271	1
272	2
273	0
274	3
275	2
276	2
277	2
278	1
279	0
280	0
281	1
282	2
283	3
284	5
285	0
286	2
287	0
288	1
289	1
290	0
291	1
292	2
293	1
294	0
295	3
296	1
297	2
298	0
299	4
300	4
301	1
302	2
303	0
304	0
305	2
306	0
307	2
308	2
309	2
310	2
311	3
312	1
313	1
314	2
315	1
316	1
317	0
318	2
319	1
320	0
321	2
322	2
323	2
324	1
325	0
326	2
327	1
328	1
329	3
330	2
331	1
332	2
333	2
334	1
335	3
336	1
337	1
338	0
339	1
340	1
341	0
342	1
343	2
344	4
345	0
346	1
347	2
348	0
349	0
350	1
351	2
352	1
353	2
354	2
355	1
356	0
357	0
358	2
359	2
360	0
361	1
362	0
363	1
364	1
365	3
366	1
367	1
368	1
369	3
370	2
371	2
372	3
373	2
374	1
375	1
376	1
377	3
378	3
379	0
380	0
381	4
382	2
383	0
384	0
385	1
386	3
387	1
388	3
389	0
390	5
391	6
392	1
393	1
394	0
395	0
396	2
397	1
398	1
399	2
400	1
401	3
402	1
403	1
404	2
405	1
406	0
407	2
408	4
409	6
410	2
411	1
412	2
413	0
414	4
415	1
416	0
417	0
418	1
419	1
420	3
421	4
422	2
423	2
424	1
425	0
426	1
427	1
428	1
429	0
430	4
431	1
432	1
433	2
434	2
435	0
436	0
437	5
438	0
439	3
440	1
441	2
442	0
443	1
444	2
445	1
446	3
447	3
448	1
449	2
450	1
451	2
452	3
453	2
454	1
455	1
456	0
457	0
458	0
459	1
460	2
461	0
462	5
463	2
464	0
465	1
466	3
467	4
468	1
469	4
470	0
471	0
472	2
473	1
474	0
475	0
476	3
477	1
478	1
479	2
480	1
481	3
482	3
483	1
484	4
485	2
486	3
487	1
488	2
489	4
490	0
491	2
492	3
493	1
494	1
495	1
496	2
497	5
498	2
499	2
500	2
501	3
502	4
503	2
504	0
505	2
506	1
507	1
508	2
509	1
510	1
511	1
512	2
513	3
514	0
515	0
516	3
517	3
518	2
519	1
520	5
521	1
522	1
523	3
524	3
525	4
526	1
527	1
528	4
529	0
530	0
531	2
532	0
533	1
534	1
535	2
536	1
537	2
538	0
539	0
540	2
541	1
542	1
543	1
544	2
545	3
546	0
547	1
548	1
549	6
550	3
551	3
552	2
553	6
554	6
555	5
556	4
557	3
558	6
559	2
560	2
561	6
562	2
563	4
564	4
565	1
566	3
567	5
568	3
569	6
570	2
571	2
572	5
573	7
574	1
575	3
576	1
577	0
578	2
579	4
580	2
581	6
582	6
583	4
584	4
585	3
586	3
587	5
588	2
589	9
590	7
591	7
592	3
593	5
594	11
595	5
596	7
597	3
598	7
599	4
600	6
601	6
602	12
603	10
604	4
605	3
606	7
607	9
608	7
609	15
610	9
611	14
612	12
613	4
614	19
615	11
616	9
617	11
618	10
619	11
620	11
621	12
622	14
623	14
624	11
625	6
626	16
627	8
628	11
629	11
630	11
631	16
632	16
633	10
634	9
635	18
636	9
637	20
638	12
639	21
640	5
641	19
642	18
643	18
644	25
645	10
646	18
647	16
648	17
649	14
650	13
651	18
652	12
653	8
654	21
655	12
656	11
657	21
658	14
659	29
660	17
661	15
662	19
663	19
664	13
665	20
666	15
667	23
668	18
669	17
670	23
671	34
672	16
673	15
674	23
675	17
676	30
677	16
678	29
679	31
680	20
681	22
682	22
683	22
684	31
685	22
686	23
687	23
688	25
689	18
690	20
691	20
692	30
693	14
694	28
695	27
696	19
697	23
698	23
699	26
700	18
701	16
702	19
703	23
704	18
705	19
706	14
707	30
708	28
709	12
710	20
711	21
712	19
713	22
714	20
715	24
716	15
717	26
718	13
719	18
720	14
721	18
722	17
723	19
724	12
725	16
726	18
727	16
728	13
729	16
730	10
731	10
732	7
733	13
734	18
735	18
736	8
737	18
738	17
739	17
740	14
741	9
742	21
743	14
744	9
745	18
746	15
747	15
748	18
749	20
750	10
751	15
752	11
753	12
754	17
755	11
756	18
757	14
758	11
759	15
760	12
761	20
762	15
763	18
764	12
765	15
766	15
767	24
768	12
769	18
770	15
771	24
772	13
773	16
774	22
775	16
776	15
777	22
778	16
779	18
780	20
781	23
782	17
783	24
784	30
785	21
786	20
787	23
788	26
789	28
790	19
791	28
792	26
793	39
794	18
795	42
796	31
797	40
798	35
799	45
800	23
801	30
802	36
803	39
804	42
805	34
806	37
807	35
808	33
809	35
810	32
811	34
812	41
813	36
814	47
815	34
816	44
817	55
818	47
819	43
820	49
821	28
822	66
823	54
824	43
825	38
826	49
827	47
828	52
829	59
830	53
831	62
832	39
833	58
834	60
835	56
836	84
837	59
838	62
839	52
840	59
841	70
842	49
843	55
844	72
845	72
846	61
847	54
848	58
849	64
850	75
851	74
852	55
853	49
854	92
855	65
856	73
857	67
858	78
859	83
860	56
861	53
862	79
863	63
864	62
865	78
866	85
867	74
868	64
869	65
870	87
871	59
872	61
873	84
874	54
875	56
876	67
877	54
878	55
879	68
880	67
881	65
882	67
883	59
884	70
885	47
886	63
887	57
888	52
889	58
890	51
891	76
892	42
893	56
894	45
895	73
896	30
897	39
898	50
899	45
900	49
901	38
902	47
903	35
904	36
905	42
906	24
907	39
908	36
909	36
910	30
911	29
912	31
913	30
914	27
915	32
916	27
917	24
918	30
919	25
920	27
921	26
922	23
923	25
924	20
925	26
926	23
927	30
928	17
929	11
930	24
931	20
932	19
933	20
934	26
935	15
936	18
937	21
938	17
939	20
940	24
941	22
942	24
943	26
944	21
945	30
946	24
947	28
948	18
949	16
950	27
951	20
952	24
953	27
954	21
955	24
956	29
957	30
958	21
959	31
960	21
961	36
962	31
963	27
964	32
965	28
966	39
967	28
968	38
969	34
970	32
971	38
972	38
973	54
974	26
975	29
976	41
977	31
978	38
979	38
980	41
981	39
982	58
983	46
984	48
985	37
986	45
987	52
988	51
989	43
990	56
991	51
992	50
993	51
994	57
995	63
996	70
997	53
998	63
999	43
1000	72
1001	69
1002	52
1003	56
1004	65
1005	50
1006	70
1007	60
1008	61
1009	56
1010	66
1011	62
1012	58
1013	46
1014	74
1015	51
1016	61
1017	61
1018	52
1019	89
1020	73
1021	69
1022	55
1023	84
1024	32
1025	78
1026	65
1027	76
1028	75
1029	55
1030	82
1031	73
1032	60
1033	102
1034	77
1035	69
1036	63
1037	71
1038	63
1039	76
1040	62
1041	68
1042	54
1043	74
1044	53
1045	64
1046	66
1047	61
1048	61
1049	60
1050	53
1051	67
1052	56
1053	61
1054	54
1055	59
1056	50
1057	55
1058	57
1059	48
1060	54
1061	38
1062	57
1063	63
1064	26
1065	50
1066	42
1067	41
1068	47
1069	35
1070	38
1071	44
1072	41
1073	40
1074	55
1075	51
1076	27
1077	32
1078	46
1079	39
1080	23
1081	35
1082	32
1083	32
1084	34
1085	39
1086	27
1087	27
1088	17
1089	22
1090	29
1091	26
1092	21
1093	18
1094	18
1095	21
1096	30
1097	16
1098	17
1099	16
1100	13
1101	17
1102	20
1103	14
1104	13
1105	12
1106	12
1107	11
1108	12
1109	12
1110	14
1111	12
1112	14
1113	5
1114	5
1115	5
1116	10
1117	14
1118	4
1119	9
1120	6
1121	4
1122	9
1123	3
1124	4
1125	7
1126	5
1127	5
1128	7
1129	10
1130	7
1131	4
1132	4
1133	6
1134	8
1135	5
1136	5
1137	6
1138	7
1139	4
1140	4
1141	2
1142	3
1143	4
1144	5
1145	3
1146	2
1147	12
1148	5
1149	3
1150	5
1151	9
1152	2
1153	6
1154	3
1155	4
1156	6
1157	1
1158	4
1159	2
1160	0
1161	6
1162	4
1163	3
1164	3
1165	2
1166	4
1167	4
1168	2
1169	2
1170	2
1171	2
1172	4
1173	5
1174	7
1175	8
1176	5
1177	10
1178	6
1179	6
1180	5
1181	3
1182	4
1183	8
1184	4
1185	5
1186	8
1187	11
1188	9
1189	7
1190	4
1191	5
1192	8
1193	10
1194	4
1195	9
1196	3
1197	6
1198	8
1199	9
1200	7
1201	2
1202	5
1203	12
1204	14
1205	6
1206	10
1207	7
1208	6
1209	9
1210	4
1211	6
1212	7
1213	8
1214	9
1215	9
1216	8
1217	6
1218	11
1219	13
1220	11
1221	7
1222	7
1223	10
1224	10
1225	17
1226	9
1227	10
1228	15
1229	10
1230	7
1231	7
1232	8
1233	9
1234	4
1235	4
1236	8
1237	5
1238	12
1239	8
1240	5
1241	8
1242	2
1243	6
1244	8
1245	2
1246	5
1247	11
1248	9
1249	8
1250	9
1251	8
1252	5
1253	9
1254	12
1255	8
1256	10
1257	13
1258	9
1259	6
1260	9
1261	4
1262	7
1263	7
1264	5
1265	3
1266	5
1267	4
1268	6
1269	4
1270	8
1271	10
1272	4
1273	10
1274	1
1275	5
1276	6
1277	4
1278	11
1279	4
1280	3
1281	3
1282	3
1283	2
1284	7
1285	2
1286	3
1287	7
1288	3
1289	4
1290	3
1291	3
1292	4
1293	2
1294	2
1295	3
1296	4
1297	4
1298	0
1299	0
1300	3
1301	1
1302	4
1303	1
1304	0
1305	3
1306	1
1307	0
1308	1
1309	3
1310	0
1311	1
1312	1
1313	1
1314	1
1315	2
1316	3
1317	0
1318	2
1319	1
1320	0
1321	4
1322	2
1323	1
1324	1
1325	1
1326	1
1327	1
1328	0
1329	2
1330	3
1331	2
1332	1
1333	5
1334	1
1335	2
1336	0
1337	3
1338	2
1339	2
1340	3
1341	0
1342	1
1343	2
1344	1
1345	2
1346	3
1347	2
1348	2
1349	0
1350	2
1351	0
1352	3
1353	4
1354	1
1355	1
1356	0
1357	2
1358	2
1359	1
1360	1
1361	0
1362	3
1363	2
1364	1
1365	0
1366	2
1367	1
1368	0
1369	1
1370	1
1371	4
1372	1
1373	1
1374	3
1375	2
1376	0
1377	0
1378	1
1379	1
1380	2
1381	1
1382	3
1383	1
1384	1
1385	1
1386	0
1387	0
1388	1
1389	0
1390	4
1391	0
1392	4
1393	2
1394	1
1395	2
1396	2
1397	3
1398	1
1399	3
1400	2
1401	1
1402	0
1403	2
1404	2
1405	1
1406	1
1407	0
1408	4
1409	1
1410	2
1411	1
1412	2
1413	2
1414	1
1415	0
1416	0
1417	2
1418	1
1419	1
1420	0
1421	0
1422	2
1423	0
1424	2
1425	1
1426	3
1427	1
1428	1
1429	1
1430	1
1431	2
1432	2
1433	0
1434	0
1435	0
1436	3
1437	0
1438	0
1439	1
1440	0
1441	2
1442	0
1443	1
1444	1
1445	0
1446	1
1447	0
1448	0
1449	2
1450	0
1451	0
1452	4
1453	2
1454	2
1455	2
1456	1
1457	0
1458	1
1459	1
1460	1
1461	0
1462	1
1463	1
1464	1
1465	1
1466	0
1467	1
1468	1
1469	2
1470	1
1471	1
1472	1
1473	1
1474	2
1475	0
1476	0
1477	0
1478	2
1479	0
1480	1
1481	0
1482	0
1483	0
1484	1
1485	0
1486	2
1487	1
1488	3
1489	1
1490	0
1491	0
1492	0
1493	1
1494	2
1495	0
1496	0
1497	0
1498	1
1499	1
1500	1
1501	0
1502	1
1503	2
1504	2
1505	0
1506	1
1507	3
1508	1
1509	0
1510	0
1511	1
1512	2
1513	2
1514	0
1515	0
1516	2
1517	0
1518	0
1519	2
1520	0
1521	1
1522	1
1523	1
1524	2
1525	3
1526	1
1527	1
1528	1
1529	2
1530	2
1531	1
1532	1
1533	0
1534	0
1535	3
1536	0
1537	1
1538	1
1539	1
1540	1
1541	0
1542	3
1543	2
1544	0
1545	1
1546	0
1547	0
1548	0
1549	1
1550	1
1551	3
1552	0
1553	0
1554	3
1555	0
1556	3
1557	1
1558	0
1559	2
1560	1
1561	0
1562	0
1563	1
1564	1
1565	0
1566	0
1567	0
1568	0
1569	1
1570	1
1571	2
1572	0
1573	0
1574	0
1575	1
1576	0
1577	0
1578	0
1579	1
1580	0
1581	0
1582	1
1583	2
1584	0
1585	0
1586	4
1587	2
1588	0
1589	0
1590	0
1591	0
1592	1
1593	1
1594	0
1595	0
1596	1
1597	2
1598	0
1599	1
1600	2
1601	2
1602	1
1603	0
1604	2
1605	1
1606	0
1607	0
1608	0
1609	0
1610	0
1611	0
1612	0
1613	0
1614	0
1615	2
1616	0
1617	2
1618	0
1619	2
1620	0
1621	0
1622	3
1623	1
1624	1
1625	2
1626	1
1627	0
1628	3
1629	0
1630	1
1631	0
1632	2
1633	1
1634	0
1635	0
1636	0
1637	1
1638	0
1639	2
1640	2
1641	2
1642	1
1643	3
1644	1
1645	1
1646	1
1647	0
1648	0
1649	0
1650	1
1651	0
1652	1
1653	0
1654	2
1655	0
1656	0
1657	0
1658	0
1659	1
1660	1
1661	0
1662	0
1663	0
1664	1
1665	0
1666	0
1667	0
1668	1
1669	2
1670	0
1671	2
1672	0
1673	0
1674	1
1675	0
1676	1
1677	0
1678	1
1679	0
1680	1
1681	2
1682	1
1683	0
1684	1
1685	1
1686	1
1687	1
1688	1
1689	0
1690	0
1691	2
1692	0
1693	1
1694	0
1695	0
1696	0
1697	0
1698	1
1699	0
1700	0
1701	0
1702	2
1703	0
1704	0
1705	2
1706	1
1707	0
1708	1
1709	0
1710	0
1711	0
1712	1
1713	0
1714	2
1715	2
1716	2
1717	0
1718	0
1719	0
1720	1
1721	2
1722	2
1723	0
1724	1
1725	3
1726	0
1727	1
1728	1
1729	2
1730	1
1731	0
1732	1
1733	0
1734	0
1735	0
1736	0
1737	1
1738	1
1739	1
1740	0
1741	0
1742	1
1743	1
1744	1
1745	0
1746	1
1747	0
1748	0
1749	2
1750	2
1751	1
1752	0
1753	0
1754	1
1755	0
1756	0
1757	0
1758	0
1759	0
1760	0
1761	0
1762	0
1763	0
1764	0
1765	2
1766	0
1767	0
1768	1
1769	2
1770	0
1771	0
1772	2
1773	0
1774	2
1775	0
1776	1
1777	0
1778	1
1779	1
1780	1
1781	1
1782	0
1783	1
1784	0
1785	0
1786	0
1787	1
1788	1
1789	0
1790	0
1791	1
1792	0
1793	0
1794	1
1795	0
1796	0
1797	4
1798	1
1799	1
1800	0
1801	1
1802	0
1803	0
1804	1
1805	0
1806	1
1807	2
1808	1
1809	1
1810	1
1811	2
1812	2
1813	0
1814	0
1815	1
1816	0
1817	0
1818	0
1819	3
1820	0
1821	0
1822	1
1823	1
1824	1
1825	4
1826	0
1827	2
1828	2
1829	1
1830	1
1831	2
1832	1
1833	0
1834	0
1835	0
1836	1
1837	1
1838	1
1839	1
1840	1
1841	1
1842	4
1843	0
1844	3
1845	0
1846	1
1847	0
1848	2
1849	0
1850	0
1851	2
1852	0
1853	0
1854	2
1855	0
1856	1
1857	0
1858	2
1859	1
1860	2
1861	0
1862	1
1863	0
1864	0
1865	1
1866	1
1867	2
1868	1
1869	0
1870	1
1871	1
1872	1
1873	3
1874	3
1875	2
1876	0
1877	0
1878	0
1879	0
1880	1
1881	1
1882	1
1883	1
1884	0
1885	3
1886	1
1887	0
1888	2
1889	0
1890	4
1891	0
1892	2
1893	0
1894	0
1895	2
1896	0
1897	3
1898	0
1899	1
1900	2
1901	3
1902	1
1903	2
1904	0
1905	1
1906	2
1907	1
1908	0
1909	0
1910	1
1911	0
1912	0
1913	1
1914	1
1915	2
1916	0
1917	1
1918	0
1919	0
1920	0
1921	2
1922	0
1923	1
1924	0
1925	1
1926	3
1927	0
1928	0
1929	0
1930	4
1931	0
1932	4
1933	4
1934	0
1935	1
1936	0
1937	1
1938	4
1939	2
1940	3
1941	0
1942	1
1943	0
1944	0
1945	4
1946	0
1947	0
1948	0
1949	0
1950	1
1951	0
1952	0
1953	1
1954	0
1955	0
1956	0
1957	1
1958	1
1959	0
1960	1
1961	1
1962	0
1963	0
1964	0
1965	2
1966	1
1967	0
1968	0
1969	0
1970	0
1971	1
1972	0
1973	1
1974	1
1975	1
1976	0
1977	2
1978	0
1979	1
1980	2
1981	1
1982	1
1983	0
1984	0
1985	0
1986	0
1987	0
1988	1
1989	0
1990	1
1991	0
1992	0
1993	1
1994	0
1995	1
1996	1
1997	0
1998	0
1999	0
2000	1
2001	2
2002	0
2003	0
2004	1
2005	0
2006	0
2007	3
2008	0
2009	0
2010	2
2011	1
2012	1
2013	0
2014	0
2015	1
2016	0
2017	0
2018	2
2019	0
2020	1
2021	0
2022	1
2023	0
2024	2
2025	1
2026	1
2027	0
2028	0
2029	2
2030	0
2031	0
2032	1
2033	0
2034	1
2035	1
2036	0
2037	1
2038	0
2039	0
2040	0
2041	0
2042	0
2043	3
2044	0
2045	0
2046	0
2047	0
2048	1
2049	0
2050	0
2051	1
2052	0
2053	1
2054	0
2055	1
2056	1
2057	1
2058	0
2059	0
2060	0
2061	0
2062	3
2063	1
2064	0
2065	2
2066	1
2067	0
2068	0
2069	0
2070	0
2071	0
2072	1
2073	0
2074	1
2075	0
2076	0
2077	0
2078	1
2079	0
2080	0
2081	0
2082	0
2083	2
2084	3
2085	0
2086	1
2087	1
2088	1
2089	0
2090	0
2091	0
2092	1
2093	0
2094	1
2095	1
2096	0
2097	1
2098	0
2099	3
2100	0
2101	2
2102	1
2103	0
2104	2
2105	1
2106	0
2107	1
2108	1
2109	1
2110	1
2111	1
2112	0
2113	0
2114	0
2115	0
2116	1
2117	2
2118	0
2119	1
2120	0
2121	1
2122	0
2123	0
2124	1
2125	0
2126	0
2127	2
2128	1
2129	2
2130	0
2131	1
2132	0
2133	1
2134	1
2135	1
2136	1
2137	0
2138	1
2139	0
2140	0
2141	0
2142	0
2143	1
2144	1
2145	1
2146	0
2147	2
2148	0
2149	0
2150	0
2151	1
2152	2
2153	1
2154	0
2155	1
2156	1
2157	1
2158	0
2159	0
2160	0
2161	0
2162	1
2163	0
2164	0
2165	0
2166	2
2167	1
2168	0
2169	1
2170	0
2171	0
2172	0
2173	0
2174	0
2175	0
2176	0
2177	0
2178	0
2179	2
2180	1
2181	2
2182	0
2183	1
2184	1
2185	1
2186	1
2187	1
2188	0
2189	0
2190	0
2191	1
2192	0
2193	0
2194	1
2195	0
2196	1
2197	1
2198	0
2199	0
2200	1
2201	1
2202	0
2203	1
2204	0
2205	0
2206	0
2207	2
2208	0
2209	0
2210	1
2211	0
2212	0
2213	0
2214	1
2215	1
2216	0
2217	1
2218	0
2219	0
2220	0
2221	1
2222	0
2223	0
2224	0
2225	0
2226	0
2227	1
2228	0
2229	2
2230	1
2231	2
2232	0
2233	1
2234	1
2235	2
2236	0
2237	3
2238	0
2239	0
2240	0
2241	1
2242	1
2243	1
2244	0
2245	0
2246	0
2247	0
2248	0
2249	1
2250	0
2251	0
2252	1
2253	1
2254	0
2255	2
2256	1
2257	0
2258	0
2259	1
2260	1
2261	0
2262	0
2263	0
2264	0
2265	0
2266	1
2267	0
2268	1
2269	0
2270	1
2271	0
2272	0
2273	0
2274	1
2275	0
2276	0
2277	1
2278	0
2279	1
2280	1
2281	0
2282	0
2283	0
2284	1
2285	0
2286	0
2287	0
2288	0
2289	0
2290	2
2291	0
2292	0
2293	0
2294	2
2295	0
2296	0
2297	0
2298	1
2299	1
2300	1
2301	2
2302	1
2303	0
2304	0
2305	0
2306	1
2307	0
2308	1
2309	0
2310	1
2311	0
2312	1
2313	0
2314	0
2315	0
2316	0
2317	0
2318	0
2319	1
2320	0
2321	0
2322	1
2323	0
2324	1
2325	0
2326	3
2327	0
2328	1
2329	2
2330	1
2331	0
2332	0
2333	0
2334	0
2335	0
2336	0
2337	1
2338	0
2339	1
2340	0
2341	0
2342	0
2343	0
2344	0
2345	1
2346	0
2347	1
2348	1
2349	2
2350	1
2351	0
2352	0
2353	1
2354	0
2355	0
2356	0
2357	0
2358	1
2359	0
2360	1
2361	1
2362	0
2363	0
2364	1
2365	1
2366	0
2367	0
2368	1
2369	0
2370	2
2371	2
2372	0
2373	0
2374	0
2375	0
2376	2
2377	0
2378	0
2379	0
2380	0
2381	0
2382	0
2383	1
2384	0
2385	0
2386	0
2387	0
2388	0
2389	1
2390	1
2391	0
2392	0
2393	0
2394	1
2395	0
2396	0
2397	2
2398	0
2399	1
2400	1
2401	0
2402	1
2403	0
2404	0
2405	0
2406	0
2407	1
2408	2
2409	0
2410	0
2411	1
2412	1
2413	0
2414	0
2415	0
2416	0
2417	0
2418	0
2419	2
2420	0
2421	0
2422	1
2423	0
2424	0
2425	0
2426	0
2427	1
2428	0
2429	1
2430	0
2431	0
2432	1
2433	1
2434	0
2435	0
2436	0
2437	0
2438	0
2439	0
2440	0
2441	0
2442	0
2443	0
2444	1
2445	1
2446	1
2447	0
2448	1
2449	0
2450	0
2451	0
2452	0
2453	0
2454	0
2455	0
2456	0
2457	0
2458	0
2459	0
2460	0
2461	0
2462	1
2463	1
2464	0
2465	0
2466	0
2467	0
2468	0
2469	0
2470	0
2471	1
2472	0
2473	0
2474	0
2475	0
2476	0
2477	0
2478	0
2479	1
2480	0
2481	0
2482	0
2483	1
2484	1
2485	0
2486	2
2487	1
2488	1
2489	0
2490	0
2491	0
2492	0
2493	0
2494	0
2495	0
2496	1
2497	1
2498	0
2499	0
2500	0
2501	0
2502	0
2503	0
2504	0
2505	0
2506	0
2507	1
2508	1
2509	0
2510	1
2511	0
2512	0
2513	2
2514	0
2515	0
2516	0
2517	1
2518	1
2519	0
2520	1
2521	1
2522	0
2523	0
2524	0
2525	0
2526	1
2527	0
2528	0
2529	1
2530	0
2531	0
2532	0
2533	0
2534	1
2535	1
2536	0
2537	2
2538	0
2539	0
2540	1
2541	1
2542	0
2543	0
2544	0
2545	0
2546	0
2547	0
2548	0
2549	1
2550	2
2551	0
2552	0
2553	1
2554	0
2555	0
2556	0
2557	0
2558	0
2559	0
2560	1
2561	0
2562	1
2563	2
2564	1
2565	0
2566	0
2567	0
2568	0
2569	1
2570	0
2571	1
2572	1
2573	0
2574	0
2575	3
2576	0
2577	0
2578	0
2579	1
2580	0
2581	2
2582	0
2583	0
2584	0
2585	1
2586	0
2587	0
2588	0
2589	0
2590	0
2591	0
2592	1
2593	1
2594	0
2595	0
2596	0
2597	0
2598	0
2599	0
2600	0
2601	0
2602	0
2603	1
2604	2
2605	0
2606	0
2607	0
2608	0
2609	0
2610	0
2611	1
2612	0
2613	0
2614	0
2615	0
2616	0
2617	0
2618	0
2619	0
2620	0
2621	0
2622	1
2623	0
2624	1
2625	1
2626	0
2627	1
2628	0
2629	0
2630	1
2631	0
2632	0
2633	0
2634	0
2635	0
2636	0
2637	0
2638	0
2639	0
2640	0
2641	0
2642	0
2643	0
2644	1
2645	0
2646	1
2647	0
2648	0
2649	0
2650	1
2651	1
2652	0
2653	0
2654	0
2655	0
2656	0
2657	0
2658	0
2659	0
2660	0
2661	0
2662	0
2663	1
2664	0
2665	1
2666	0
2667	0
2668	0
2669	1
2670	0
2671	0
2672	0
2673	0
2674	0
2675	0
2676	0
2677	0
2678	1
2679	0
2680	1
2681	1
2682	0
2683	0
2684	0
2685	0
2686	0
2687	0
2688	0
2689	0
2690	0
2691	0
2692	2
2693	0
2694	0
2695	0
2696	0
2697	0
2698	0
2699	0
2700	0
2701	2
2702	0
2703	0
2704	0
2705	1
2706	0
2707	1
2708	0
2709	0
2710	0
2711	1
2712	0
2713	1
2714	0
2715	0
2716	0
2717	0
2718	1
2719	0
2720	1
2721	0
2722	0
2723	0
2724	1
2725	0
2726	1
2727	0
2728	1
2729	0
2730	0
2731	0
2732	1
2733	0
2734	0
2735	0
2736	0
2737	0
2738	0
2739	0
2740	0
2741	0
2742	0
2743	0
2744	0
2745	1
2746	1
2747	0
2748	0
2749	0
2750	0
2751	0
2752	0
2753	0
2754	0
2755	0
2756	1
2757	0
2758	0
2759	0
2760	0
2761	0
2762	0
2763	1
2764	0
2765	0
2766	0
2767	2
2768	0
2769	0
2770	0
2771	0
2772	0
2773	0
2774	0
2775	0
2776	0
2777	0
2778	0
2779	0
2780	0
2781	0
2782	0
2783	0
2784	0
2785	0
2786	0
2787	0
2788	0
2789	0
2790	0
2791	0
2792	0
2793	0
2794	0
2795	0
2796	0
2797	0
2798	0
2799	0
2800	2
2801	0
2802	0
2803	0
2804	0
2805	1
2806	0
2807	0
2808	0
2809	0
2810	0
2811	0
2812	0
2813	1
2814	0
2815	0
2816	0
2817	0
2818	0
2819	0
2820	0
2821	0
2822	0
2823	0
2824	0
2825	0
2826	1
2827	0
2828	0
2829	0
2830	0
2831	0
2832	0
2833	1
2834	0
2835	0
2836	0
2837	0
2838	0
2839	0
2840	0
2841	0
2842	0
2843	0
2844	0
2845	1
2846	1
2847	0
2848	0
2849	0
2850	0
2851	1
2852	0
2853	0
2854	0
2855	0
2856	0
2857	0
2858	0
2859	0
2860	0
2861	0
2862	0
2863	3
2864	0
2865	0
2866	0
2867	1
2868	1
2869	1
2870	0
2871	0
2872	0
2873	0
2874	0
2875	1
2876	1
2877	0
2878	0
2879	0
2880	1
2881	0
2882	0
2883	2
2884	0
2885	0
2886	0
2887	0
2888	0
2889	0
2890	1
2891	1
2892	0
2893	0
2894	0
2895	0
2896	0
2897	0
2898	0
2899	0
2900	1
2901	0
2902	1
2903	0
2904	0
2905	0
2906	0
2907	0
2908	1
2909	0
2910	0
2911	0
2912	0
2913	0
2914	0
2915	0
2916	0
2917	0
2918	1
2919	0
2920	0
2921	0
2922	1
2923	0
2924	0
2925	0
2926	0
2927	0
2928	1
2929	0
2930	0
2931	2
2932	0
2933	1
2934	0
2935	1
2936	2
2937	0
2938	0
2939	3
2940	0
2941	0
2942	0
2943	0
2944	0
2945	0
2946	0
2947	0
2948	0
2949	1
2950	0
2951	0
2952	0
2953	0
2954	0
2955	0
2956	0
2957	0
2958	1
2959	0
2960	0
2961	0
2962	0
2963	1
2964	2
2965	0
2966	0
2967	0
2968	0
2969	0
2970	2
2971	0
2972	0
2973	0
2974	1
2975	0
2976	0
2977	1
2978	0
2979	1
2980	1
2981	0
2982	0
2983	0
2984	0
2985	1
2986	0
2987	0
2988	0
2989	0
2990	0
2991	0
2992	0
2993	1
2994	1
2995	0
2996	0
2997	0
2998	0
2999	0
3000	0
3001	0
3002	0
3003	0
3004	0
3005	0
3006	0
3007	0
3008	0
3009	0
3010	0
3011	1
3012	1
3013	0
3014	1
3015	0
3016	0
3017	0
3018	0
3019	0
3020	0
3021	0
3022	1
3023	0
3024	0
3025	0
3026	1
3027	1
3028	0
3029	0
3030	0
3031	0
3032	0
3033	0
3034	0
3035	0
3036	0
3037	0
3038	0
3039	0
3040	0
3041	0
3042	0
3043	0
3044	0
3045	0
3046	0
3047	0
3048	0
3049	0
3050	1
3051	0
3052	0
3053	0
3054	0
3055	0
3056	0
3057	0
3058	1
3059	1
3060	0
3061	0
3062	0
3063	1
3064	1
3065	0
3066	0
3067	0
3068	0
3069	0
3070	1
3071	0
3072	0
3073	0
3074	0
3075	0
3076	0
3077	0
3078	0
3079	0
3080	0
3081	0
3082	0
3083	1
3084	1
3085	0
3086	1
3087	0
3088	0
3089	0
3090	0
3091	0
3092	0
3093	0
3094	0
3095	0
3096	0
3097	0
3098	0
3099	0
3100	0
3101	0
3102	0
3103	0
3104	0
3105	0
3106	0
3107	0
3108	0
3109	1
3110	0
3111	0
3112	0
3113	1
3114	1
3115	0
3116	1
3117	0
3118	1
3119	1
3120	0
3121	1
3122	0
3123	1
3124	0
3125	0
3126	1
3127	0
3128	0
3129	0
3130	1
3131	0
3132	0
3133	0
3134	0
3135	0
3136	0
3137	0
3138	0
3139	1
3140	0
3141	0
3142	0
3143	1
3144	1
3145	1
3146	2
3147	0
3148	0
3149	0
3150	0
3151	1
3152	0
3153	0
3154	1
3155	0
3156	0
3157	1
3158	0
3159	0
3160	1
3161	0
3162	0
3163	0
3164	0
3165	1
3166	0
3167	0
3168	0
3169	0
3170	0
3171	0
3172	1
3173	0
3174	0
3175	0
3176	0
3177	0
3178	0
3179	0
3180	1
3181	0
3182	0
3183	0
3184	0
3185	0
3186	0
3187	0
3188	0
3189	0
3190	1
3191	0
3192	0
3193	0
3194	0
3195	0
3196	1
3197	0
3198	1
3199	0
3200	0
3201	0
3202	0
3203	0
3204	0
3205	0
3206	0
3207	0
3208	0
3209	0
3210	0
3211	0
3212	0
3213	0
3214	0
3215	0
3216	1
3217	0
3218	0
3219	0
3220	0
3221	0
3222	0
3223	0
3224	0
3225	0
3226	0
3227	0
3228	0
3229	0
3230	0
3231	2
3232	0
3233	0
3234	0
3235	1
3236	0
3237	0
3238	0
3239	0
3240	0
3241	0
3242	0
3243	0
3244	0
3245	1
3246	0
3247	0
3248	0
3249	1
3250	0
3251	0
3252	0
3253	0
3254	1
3255	1
3256	0
3257	0
3258	0
3259	0
3260	0
3261	0
3262	0
3263	0
3264	0
3265	0
3266	0
3267	0
3268	0
3269	0
3270	0
3271	0
3272	0
3273	0
3274	0
3275	0
3276	0
3277	1
3278	1
3279	0
3280	0
3281	0
3282	0
3283	0
3284	0
3285	0
3286	0
3287	0
3288	0
3289	0
3290	0
3291	0
3292	0
3293	1
3294	0
3295	1
3296	0
3297	0
3298	0
3299	0
3300	0
3301	0
3302	0
3303	0
3304	0
3305	0
3306	0
3307	0
3308	0
3309	0
3310	0
3311	0
3312	1
3313	0
3314	0
3315	0
3316	0
3317	0
3318	0
3319	1
3320	0
3321	0
3322	0
3323	0
3324	0
3325	0
3326	1
3327	1
3328	0
3329	0
3330	0
3331	0
3332	0
3333	0
3334	0
3335	0
3336	0
3337	0
3338	0
3339	0
3340	0
3341	0
3342	0
3343	0
3344	0
3345	0
3346	0
3347	0
3348	0
3349	1
3350	0
3351	0
3352	1
3353	2
3354	0
3355	0
3356	0
3357	0
3358	0
3359	0
3360	0
3361	0
3362	0
3363	0
3364	0
3365	0
3366	2
3367	0
3368	0
3369	0
3370	0
3371	1
3372	0
3373	0
3374	1
3375	0
3376	0
3377	0
3378	0
3379	0
3380	0
3381	0
3382	2
3383	0
3384	0
3385	0
3386	0
3387	1
3388	0
3389	0
3390	0
3391	0
3392	0
3393	0
3394	0
3395	0
3396	2
3397	0
3398	0
3399	1
3400	0
3401	0
3402	0
3403	0
3404	0
3405	0
3406	0
3407	0
3408	1
3409	0
3410	0
3411	0
3412	0
3413	0
3414	0
3415	0
3416	0
3417	0
3418	0
3419	1
3420	1
3421	0
3422	0
3423	0
3424	0
3425	0
3426	0
3427	1
3428	0
3429	0
3430	0
3431	0
3432	0
3433	0
3434	0
3435	0
3436	0
3437	0
3438	0
3439	0
3440	0
3441	0
3442	0
3443	0
3444	0
3445	0
3446	1
3447	0
3448	0
3449	0
3450	0
3451	0
3452	0
3453	0
3454	0
3455	0
3456	0
3457	0
3458	0
3459	0
3460	0
3461	0
3462	1
3463	0
3464	0
3465	0
3466	0
3467	0
3468	2
3469	0
3470	0
3471	0
3472	0
3473	0
3474	0
3475	0
3476	0
3477	0
3478	0
3479	0
3480	0
3481	0
3482	0
3483	1
3484	0
3485	0
3486	0
3487	0
3488	0
3489	0
3490	0
3491	0
3492	0
3493	0
3494	0
3495	0
3496	0
3497	0
3498	0
3499	0
3500	0
3501	1
3502	0
3503	0
3504	0
3505	0
3506	0
3507	0
3508	0
3509	0
3510	0
3511	0
3512	0
3513	0
3514	0
3515	0
3516	1
3517	0
3518	0
3519	0
3520	0
3521	0
3522	0
3523	0
3524	0
3525	0
3526	0
3527	0
3528	0
3529	0
3530	0
3531	0
3532	0
3533	0
3534	1
3535	0
3536	0
3537	0
3538	0
3539	0
3540	1
3541	0
3542	1
3543	0
3544	0
3545	0
3546	0
3547	0
3548	0
3549	0
3550	0
3551	0
3552	0
3553	0
3554	0
3555	0
3556	0
3557	0
3558	0
3559	0
3560	0
3561	0
3562	0
3563	0
3564	0
3565	0
3566	0
3567	0
3568	0
3569	0
3570	0
3571	0
3572	0
3573	0
3574	0
3575	0
3576	0
3577	0
3578	0
3579	0
3580	1
3581	0
3582	0
3583	0
3584	0
3585	0
3586	0
3587	0
3588	0
3589	0
3590	0
3591	0
3592	0
3593	0
3594	0
3595	0
3596	0
3597	0
3598	0
3599	0
3600	0
3601	1
3602	1
3603	0
3604	0
3605	0
3606	0
3607	0
3608	1
3609	1
3610	0
3611	0
3612	0
3613	0
3614	0
3615	0
3616	0
3617	0
3618	0
3619	0
3620	0
3621	0
3622	1
3623	0
3624	0
3625	0
3626	0
3627	0
3628	0
3629	0
3630	0
3631	0
3632	0
3633	0
3634	0
3635	0
3636	0
3637	0
3638	0
3639	0
3640	0
3641	0
3642	0
3643	0
3644	0
3645	0
3646	0
3647	0
3648	0
3649	0
3650	0
3651	0
3652	1
3653	0
3654	0
3655	0
3656	0
3657	0
3658	0
3659	0
3660	0
3661	0
3662	0
3663	0
3664	0
3665	0
3666	0
3667	0
3668	0
3669	0
3670	0
3671	0
3672	0
3673	0
3674	0
3675	0
3676	0
3677	1
3678	0
3679	0
3680	1
3681	0
3682	0
3683	0
3684	0
3685	0
3686	0
3687	0
3688	0
3689	0
3690	0
3691	0
3692	0
3693	0
3694	0
3695	0
3696	0
3697	0
3698	0
3699	0
3700	0
3701	0
3702	0
3703	0
3704	0
3705	0
3706	0
3707	0
3708	0
3709	0
3710	0
3711	0
3712	0
3713	0
3714	0
3715	0
3716	0
3717	0
3718	0
3719	0
3720	0
3721	0
3722	0
3723	0
3724	0
3725	0
3726	0
3727	0
3728	0
3729	0
3730	0
3731	0
3732	0
3733	0
3734	0
3735	0
3736	0
3737	0
3738	0
3739	0
3740	0
3741	0
3742	0
3743	0
3744	0
3745	0
3746	0
3747	0
3748	0
3749	0
3750	0
3751	1
3752	0
3753	0
3754	0
3755	0
3756	0
3757	0
3758	0
3759	0
3760	0
3761	0
3762	0
3763	0
3764	0
3765	0
3766	0
3767	0
3768	0
3769	0
3770	0
3771	0
3772	0
3773	0
3774	0
3775	0
3776	0
3777	0
3778	0
3779	0
3780	0
3781	0
3782	0
3783	0
3784	0
3785	0
3786	0
3787	0
3788	0
3789	0
3790	1
3791	0
3792	0
3793	0
3794	0
3795	0
3796	0
3797	0
3798	0
3799	0
3800	0
3801	0
3802	0
3803	0
3804	0
3805	0
3806	0
3807	0
3808	0
3809	0
3810	0
3811	0
3812	0
3813	0
3814	0
3815	0
3816	0
3817	0
3818	0
3819	0
3820	0
3821	0
3822	0
3823	0
3824	0
3825	0
3826	0
3827	0
3828	0
3829	0
3830	0
3831	0
3832	0
3833	0
3834	0
3835	0
3836	0
3837	0
3838	0
3839	0
3840	0
3841	0
3842	0
3843	0
3844	0
3845	0
3846	0
3847	0
3848	0
3849	0
3850	0
3851	0
3852	0
3853	0
3854	0
3855	0
3856	0
3857	0
3858	0
3859	0
3860	0
3861	0
3862	0
3863	0
3864	0
3865	0
3866	0
3867	0
3868	0
3869	0
3870	0
3871	0
3872	0
3873	0
3874	0
3875	0
3876	0
3877	0
3878	0
3879	0
3880	0
3881	0
3882	0
3883	0
3884	0
3885	0
3886	0
3887	0
3888	0
3889	0
3890	0
3891	0
3892	0
3893	0
3894	0
3895	0
3896	0
3897	0
3898	0
3899	0
3900	0
3901	0
3902	0
3903	0
3904	0
3905	0
3906	0
3907	0
3908	0
3909	0
3910	0
3911	0
3912	0
3913	0
3914	0
3915	0
3916	0
3917	0
3918	0
3919	0
3920	0
3921	0
3922	0
3923	0
3924	0
3925	0
3926	0
3927	0
3928	0
3929	0
3930	0
3931	0
3932	0
3933	0
3934	0
3935	0
3936	0
3937	0
3938	0
3939	0
3940	0
3941	0
3942	0
3943	0
3944	0
3945	0
3946	0
3947	0
3948	0
3949	0
3950	0
3951	0
3952	0
3953	0
3954	0
3955	0
3956	0
3957	0
3958	0
3959	0
3960	0
3961	0
3962	0
3963	0
3964	0
3965	0
3966	0
3967	0
3968	0
3969	0
3970	0
3971	0
3972	0
3973	0
3974	0
3975	0
3976	0
3977	0
3978	0
3979	0
3980	0
3981	0
3982	0
3983	0
3984	0
3985	0
3986	0
3987	0
3988	0
3989	0
3990	0
3991	0
3992	0
3993	0
3994	0
3995	0
3996	0
3997	0
3998	0
3999	0
4000	0
