Kanalnummer	Impulse
Kanal/#	Impulse/#

0	0
1	0
2	0
3	0
4	0
5	0
6	0
7	0
8	0
9	0
10	0
11	0
12	0
13	0
14	0
15	0
16	0
17	0
18	0
19	0
20	0
21	0
22	0
23	0
24	0
25	0
26	0
27	0
28	0
29	0
30	0
31	0
32	0
33	0
34	0
35	0
36	0
37	0
38	0
39	0
40	0
41	0
42	0
43	0
44	0
45	0
46	0
47	0
48	0
49	0
50	0
51	0
52	0
53	0
54	0
55	0
56	0
57	0
58	0
59	0
60	0
61	0
62	0
63	0
64	0
65	0
66	0
67	0
68	0
69	0
70	0
71	0
72	0
73	0
74	0
75	1
76	0
77	0
78	0
79	1
80	0
81	1
82	0
83	1
84	0
85	1
86	0
87	0
88	1
89	0
90	1
91	0
92	0
93	1
94	0
95	0
96	1
97	0
98	1
99	0
100	1
101	0
102	1
103	0
104	1
105	0
106	2
107	1
108	3
109	0
110	0
111	2
112	2
113	2
114	0
115	0
116	2
117	2
118	1
119	0
120	1
121	0
122	0
123	2
124	0
125	0
126	3
127	0
128	0
129	0
130	0
131	0
132	0
133	1
134	1
135	0
136	0
137	1
138	1
139	1
140	0
141	2
142	0
143	0
144	1
145	1
146	2
147	0
148	0
149	1
150	0
151	1
152	1
153	0
154	0
155	1
156	0
157	0
158	2
159	1
160	0
161	0
162	0
163	0
164	1
165	1
166	3
167	0
168	1
169	0
170	1
171	1
172	0
173	0
174	0
175	1
176	0
177	2
178	0
179	1
180	0
181	0
182	1
183	0
184	0
185	1
186	1
187	0
188	0
189	0
190	0
191	0
192	0
193	2
194	2
195	0
196	1
197	1
198	0
199	1
200	1
201	0
202	0
203	1
204	1
205	2
206	1
207	1
208	1
209	0
210	0
211	0
212	1
213	0
214	1
215	1
216	1
217	1
218	0
219	1
220	1
221	1
222	0
223	1
224	0
225	0
226	0
227	1
228	1
229	1
230	0
231	0
232	2
233	1
234	0
235	0
236	0
237	0
238	0
239	1
240	0
241	1
242	1
243	0
244	0
245	1
246	0
247	1
248	0
249	0
250	0
251	0
252	0
253	1
254	0
255	1
256	0
257	2
258	0
259	0
260	1
261	2
262	1
263	1
264	1
265	2
266	1
267	0
268	1
269	0
270	1
271	0
272	0
273	1
274	2
275	2
276	1
277	0
278	0
279	0
280	0
281	0
282	0
283	2
284	0
285	1
286	1
287	0
288	0
289	0
290	2
291	0
292	2
293	1
294	0
295	0
296	0
297	1
298	2
299	2
300	0
301	2
302	1
303	4
304	1
305	1
306	1
307	2
308	1
309	0
310	1
311	4
312	1
313	0
314	0
315	2
316	3
317	0
318	0
319	0
320	1
321	0
322	0
323	1
324	0
325	1
326	1
327	2
328	1
329	0
330	1
331	0
332	0
333	1
334	1
335	0
336	1
337	0
338	1
339	0
340	1
341	0
342	0
343	3
344	1
345	0
346	0
347	2
348	1
349	1
350	0
351	0
352	1
353	1
354	2
355	0
356	1
357	0
358	3
359	1
360	0
361	1
362	1
363	1
364	0
365	3
366	1
367	1
368	0
369	0
370	3
371	1
372	1
373	0
374	1
375	1
376	0
377	1
378	0
379	0
380	2
381	1
382	3
383	0
384	0
385	0
386	1
387	1
388	0
389	0
390	0
391	1
392	2
393	1
394	0
395	1
396	2
397	1
398	0
399	2
400	1
401	3
402	0
403	3
404	0
405	0
406	1
407	1
408	3
409	1
410	0
411	0
412	1
413	0
414	0
415	1
416	1
417	3
418	0
419	1
420	1
421	0
422	0
423	0
424	0
425	0
426	0
427	2
428	1
429	1
430	0
431	2
432	1
433	3
434	2
435	0
436	2
437	2
438	1
439	1
440	0
441	3
442	0
443	1
444	0
445	0
446	0
447	0
448	3
449	0
450	0
451	0
452	1
453	0
454	1
455	0
456	1
457	1
458	0
459	0
460	1
461	0
462	2
463	1
464	0
465	0
466	1
467	2
468	1
469	0
470	0
471	0
472	0
473	0
474	4
475	0
476	0
477	0
478	0
479	1
480	1
481	0
482	2
483	1
484	1
485	0
486	1
487	2
488	0
489	1
490	0
491	1
492	3
493	0
494	0
495	1
496	2
497	4
498	0
499	2
500	1
501	0
502	1
503	3
504	0
505	1
506	0
507	0
508	1
509	1
510	1
511	0
512	0
513	1
514	0
515	0
516	1
517	0
518	1
519	1
520	1
521	2
522	1
523	1
524	1
525	0
526	2
527	1
528	0
529	0
530	1
531	1
532	0
533	0
534	0
535	2
536	1
537	0
538	0
539	0
540	1
541	1
542	0
543	1
544	0
545	0
546	1
547	0
548	0
549	1
550	1
551	3
552	0
553	1
554	0
555	2
556	0
557	0
558	0
559	3
560	0
561	2
562	1
563	1
564	0
565	1
566	0
567	0
568	0
569	1
570	0
571	2
572	0
573	1
574	1
575	1
576	0
577	1
578	0
579	0
580	0
581	1
582	1
583	3
584	1
585	0
586	0
587	0
588	0
589	0
590	0
591	0
592	1
593	0
594	0
595	0
596	1
597	0
598	0
599	0
600	0
601	0
602	1
603	0
604	2
605	0
606	0
607	1
608	1
609	1
610	0
611	0
612	0
613	0
614	0
615	2
616	1
617	0
618	3
619	1
620	2
621	1
622	1
623	0
624	0
625	2
626	0
627	1
628	2
629	1
630	1
631	1
632	0
633	1
634	0
635	0
636	1
637	0
638	1
639	0
640	1
641	1
642	1
643	0
644	0
645	1
646	0
647	0
648	2
649	1
650	1
651	2
652	2
653	1
654	0
655	0
656	1
657	0
658	2
659	1
660	2
661	0
662	0
663	1
664	0
665	3
666	0
667	1
668	0
669	3
670	0
671	1
672	1
673	1
674	1
675	0
676	0
677	1
678	0
679	1
680	0
681	1
682	1
683	0
684	0
685	2
686	2
687	1
688	0
689	3
690	0
691	1
692	3
693	0
694	3
695	1
696	0
697	1
698	1
699	1
700	2
701	1
702	0
703	2
704	0
705	1
706	2
707	0
708	1
709	1
710	3
711	1
712	0
713	2
714	0
715	1
716	1
717	0
718	2
719	0
720	0
721	1
722	2
723	2
724	0
725	2
726	1
727	1
728	0
729	2
730	1
731	1
732	2
733	0
734	0
735	0
736	1
737	2
738	0
739	1
740	2
741	1
742	6
743	0
744	2
745	3
746	1
747	0
748	1
749	0
750	2
751	1
752	1
753	3
754	2
755	2
756	0
757	0
758	0
759	2
760	2
761	2
762	2
763	1
764	6
765	0
766	2
767	2
768	1
769	2
770	0
771	1
772	2
773	1
774	1
775	1
776	0
777	1
778	1
779	1
780	2
781	1
782	0
783	3
784	3
785	0
786	0
787	1
788	5
789	1
790	2
791	0
792	2
793	2
794	0
795	2
796	0
797	1
798	0
799	0
800	1
801	2
802	3
803	0
804	0
805	4
806	2
807	0
808	0
809	2
810	1
811	1
812	2
813	3
814	0
815	1
816	2
817	1
818	1
819	0
820	4
821	2
822	1
823	1
824	0
825	1
826	2
827	0
828	3
829	2
830	1
831	1
832	0
833	0
834	2
835	0
836	1
837	3
838	2
839	0
840	0
841	0
842	1
843	2
844	0
845	3
846	0
847	1
848	2
849	2
850	1
851	2
852	2
853	0
854	2
855	1
856	1
857	0
858	2
859	2
860	1
861	0
862	1
863	0
864	0
865	1
866	1
867	1
868	2
869	1
870	2
871	3
872	0
873	2
874	2
875	0
876	0
877	1
878	1
879	1
880	2
881	1
882	1
883	0
884	1
885	0
886	1
887	2
888	2
889	3
890	3
891	1
892	2
893	0
894	2
895	1
896	0
897	1
898	2
899	0
900	0
901	1
902	2
903	1
904	2
905	2
906	0
907	0
908	1
909	2
910	0
911	0
912	1
913	2
914	2
915	0
916	2
917	0
918	1
919	1
920	2
921	0
922	1
923	1
924	0
925	0
926	1
927	2
928	1
929	0
930	1
931	0
932	2
933	0
934	1
935	0
936	1
937	1
938	1
939	0
940	0
941	3
942	1
943	1
944	1
945	1
946	0
947	0
948	0
949	1
950	3
951	0
952	0
953	2
954	1
955	2
956	0
957	1
958	0
959	1
960	0
961	0
962	2
963	1
964	0
965	2
966	1
967	0
968	1
969	1
970	1
971	0
972	0
973	2
974	1
975	0
976	1
977	1
978	0
979	0
980	2
981	2
982	2
983	3
984	2
985	0
986	0
987	0
988	3
989	0
990	0
991	3
992	1
993	1
994	0
995	1
996	0
997	0
998	2
999	0
1000	1
1001	1
1002	0
1003	0
1004	0
1005	0
1006	1
1007	0
1008	3
1009	2
1010	0
1011	1
1012	0
1013	1
1014	1
1015	1
1016	0
1017	2
1018	0
1019	0
1020	3
1021	4
1022	1
1023	1
1024	0
1025	0
1026	1
1027	1
1028	1
1029	1
1030	0
1031	0
1032	0
1033	0
1034	0
1035	1
1036	0
1037	0
1038	2
1039	1
1040	0
1041	1
1042	1
1043	1
1044	3
1045	0
1046	1
1047	2
1048	0
1049	3
1050	3
1051	0
1052	1
1053	1
1054	0
1055	1
1056	1
1057	1
1058	3
1059	0
1060	1
1061	1
1062	0
1063	1
1064	0
1065	2
1066	1
1067	2
1068	1
1069	0
1070	1
1071	0
1072	2
1073	0
1074	0
1075	1
1076	1
1077	0
1078	1
1079	1
1080	0
1081	3
1082	1
1083	0
1084	2
1085	1
1086	0
1087	1
1088	0
1089	2
1090	0
1091	0
1092	0
1093	0
1094	1
1095	2
1096	3
1097	0
1098	0
1099	0
1100	0
1101	1
1102	0
1103	1
1104	3
1105	2
1106	0
1107	0
1108	1
1109	1
1110	1
1111	0
1112	0
1113	0
1114	1
1115	0
1116	2
1117	0
1118	1
1119	0
1120	2
1121	1
1122	0
1123	3
1124	0
1125	2
1126	2
1127	3
1128	0
1129	0
1130	2
1131	3
1132	1
1133	2
1134	0
1135	2
1136	0
1137	0
1138	0
1139	1
1140	3
1141	0
1142	2
1143	0
1144	1
1145	2
1146	0
1147	1
1148	2
1149	2
1150	1
1151	1
1152	3
1153	2
1154	0
1155	0
1156	2
1157	0
1158	2
1159	1
1160	1
1161	2
1162	2
1163	1
1164	2
1165	1
1166	1
1167	2
1168	2
1169	3
1170	1
1171	3
1172	2
1173	1
1174	2
1175	2
1176	4
1177	0
1178	2
1179	1
1180	1
1181	0
1182	1
1183	0
1184	0
1185	1
1186	2
1187	2
1188	0
1189	1
1190	0
1191	2
1192	1
1193	1
1194	2
1195	1
1196	1
1197	1
1198	2
1199	4
1200	2
1201	0
1202	1
1203	3
1204	2
1205	2
1206	4
1207	1
1208	2
1209	2
1210	2
1211	2
1212	3
1213	0
1214	1
1215	0
1216	0
1217	2
1218	0
1219	2
1220	1
1221	3
1222	1
1223	1
1224	3
1225	2
1226	0
1227	2
1228	0
1229	0
1230	5
1231	1
1232	0
1233	2
1234	0
1235	3
1236	2
1237	1
1238	2
1239	0
1240	1
1241	0
1242	2
1243	1
1244	1
1245	3
1246	1
1247	1
1248	0
1249	1
1250	1
1251	0
1252	1
1253	2
1254	0
1255	4
1256	0
1257	0
1258	3
1259	1
1260	2
1261	3
1262	2
1263	3
1264	1
1265	2
1266	2
1267	0
1268	0
1269	0
1270	4
1271	1
1272	1
1273	0
1274	0
1275	2
1276	2
1277	0
1278	5
1279	1
1280	1
1281	1
1282	0
1283	1
1284	3
1285	2
1286	0
1287	1
1288	1
1289	0
1290	3
1291	0
1292	0
1293	2
1294	1
1295	1
1296	1
1297	0
1298	1
1299	1
1300	2
1301	3
1302	1
1303	0
1304	0
1305	1
1306	1
1307	2
1308	1
1309	1
1310	4
1311	3
1312	1
1313	1
1314	0
1315	2
1316	1
1317	2
1318	1
1319	1
1320	4
1321	2
1322	7
1323	4
1324	2
1325	0
1326	1
1327	0
1328	2
1329	0
1330	0
1331	0
1332	2
1333	0
1334	2
1335	0
1336	1
1337	1
1338	1
1339	3
1340	2
1341	3
1342	1
1343	1
1344	0
1345	3
1346	1
1347	0
1348	2
1349	1
1350	0
1351	2
1352	1
1353	4
1354	0
1355	0
1356	1
1357	1
1358	4
1359	3
1360	0
1361	6
1362	1
1363	1
1364	2
1365	1
1366	3
1367	2
1368	2
1369	0
1370	2
1371	9
1372	1
1373	2
1374	0
1375	6
1376	2
1377	3
1378	1
1379	3
1380	1
1381	0
1382	2
1383	3
1384	2
1385	1
1386	1
1387	0
1388	0
1389	1
1390	7
1391	4
1392	1
1393	3
1394	2
1395	4
1396	1
1397	4
1398	4
1399	4
1400	3
1401	5
1402	4
1403	2
1404	5
1405	1
1406	4
1407	8
1408	2
1409	4
1410	4
1411	2
1412	3
1413	1
1414	3
1415	2
1416	3
1417	2
1418	2
1419	0
1420	7
1421	1
1422	1
1423	1
1424	3
1425	1
1426	1
1427	3
1428	7
1429	2
1430	3
1431	2
1432	2
1433	4
1434	4
1435	6
1436	3
1437	7
1438	2
1439	3
1440	0
1441	4
1442	2
1443	3
1444	3
1445	3
1446	3
1447	4
1448	5
1449	5
1450	3
1451	3
1452	8
1453	10
1454	3
1455	7
1456	4
1457	4
1458	4
1459	10
1460	8
1461	3
1462	7
1463	3
1464	8
1465	4
1466	10
1467	5
1468	8
1469	5
1470	7
1471	2
1472	3
1473	4
1474	4
1475	7
1476	7
1477	4
1478	4
1479	9
1480	7
1481	12
1482	8
1483	5
1484	6
1485	6
1486	2
1487	4
1488	10
1489	8
1490	11
1491	12
1492	6
1493	12
1494	6
1495	4
1496	8
1497	4
1498	10
1499	11
1500	7
1501	6
1502	0
1503	12
1504	6
1505	6
1506	5
1507	15
1508	9
1509	8
1510	9
1511	11
1512	9
1513	10
1514	10
1515	12
1516	14
1517	10
1518	6
1519	16
1520	7
1521	9
1522	18
1523	12
1524	9
1525	8
1526	19
1527	14
1528	5
1529	19
1530	11
1531	23
1532	13
1533	13
1534	19
1535	14
1536	12
1537	17
1538	17
1539	17
1540	20
1541	22
1542	35
1543	14
1544	17
1545	23
1546	10
1547	19
1548	14
1549	13
1550	13
1551	12
1552	14
1553	14
1554	14
1555	31
1556	25
1557	21
1558	36
1559	23
1560	18
1561	21
1562	16
1563	31
1564	20
1565	27
1566	24
1567	28
1568	21
1569	24
1570	18
1571	28
1572	33
1573	30
1574	37
1575	35
1576	35
1577	31
1578	34
1579	37
1580	35
1581	22
1582	31
1583	28
1584	19
1585	24
1586	27
1587	32
1588	34
1589	27
1590	44
1591	31
1592	37
1593	38
1594	29
1595	45
1596	46
1597	28
1598	36
1599	43
1600	49
1601	48
1602	34
1603	40
1604	39
1605	43
1606	50
1607	24
1608	31
1609	46
1610	41
1611	35
1612	45
1613	54
1614	47
1615	51
1616	35
1617	42
1618	38
1619	50
1620	52
1621	49
1622	56
1623	38
1624	50
1625	57
1626	46
1627	57
1628	45
1629	64
1630	56
1631	49
1632	46
1633	62
1634	56
1635	75
1636	62
1637	50
1638	75
1639	85
1640	35
1641	83
1642	47
1643	75
1644	74
1645	46
1646	67
1647	77
1648	62
1649	73
1650	60
1651	76
1652	68
1653	47
1654	74
1655	65
1656	62
1657	83
1658	55
1659	75
1660	57
1661	69
1662	77
1663	88
1664	54
1665	67
1666	80
1667	69
1668	76
1669	50
1670	80
1671	69
1672	77
1673	105
1674	70
1675	83
1676	82
1677	65
1678	98
1679	92
1680	72
1681	87
1682	78
1683	96
1684	91
1685	70
1686	97
1687	77
1688	90
1689	95
1690	81
1691	90
1692	80
1693	95
1694	82
1695	107
1696	84
1697	87
1698	78
1699	78
1700	102
1701	68
1702	107
1703	96
1704	70
1705	125
1706	77
1707	79
1708	80
1709	105
1710	100
1711	82
1712	74
1713	84
1714	79
1715	110
1716	100
1717	102
1718	101
1719	79
1720	62
1721	117
1722	101
1723	100
1724	91
1725	118
1726	97
1727	93
1728	113
1729	127
1730	101
1731	78
1732	101
1733	105
1734	149
1735	78
1736	125
1737	131
1738	83
1739	92
1740	140
1741	87
1742	102
1743	105
1744	81
1745	90
1746	106
1747	109
1748	104
1749	75
1750	127
1751	71
1752	107
1753	120
1754	87
1755	137
1756	118
1757	89
1758	105
1759	117
1760	105
1761	87
1762	109
1763	98
1764	104
1765	80
1766	113
1767	85
1768	96
1769	109
1770	95
1771	94
1772	118
1773	91
1774	107
1775	94
1776	75
1777	87
1778	113
1779	99
1780	95
1781	69
1782	107
1783	78
1784	80
1785	111
1786	93
1787	111
1788	99
1789	88
1790	103
1791	95
1792	80
1793	98
1794	101
1795	88
1796	102
1797	81
1798	115
1799	72
1800	101
1801	111
1802	87
1803	82
1804	109
1805	90
1806	95
1807	85
1808	70
1809	75
1810	92
1811	107
1812	92
1813	58
1814	105
1815	50
1816	71
1817	105
1818	64
1819	87
1820	65
1821	72
1822	91
1823	65
1824	83
1825	77
1826	73
1827	61
1828	68
1829	50
1830	87
1831	59
1832	65
1833	86
1834	45
1835	75
1836	66
1837	63
1838	64
1839	48
1840	51
1841	63
1842	69
1843	61
1844	58
1845	47
1846	73
1847	60
1848	51
1849	55
1850	45
1851	71
1852	53
1853	44
1854	53
1855	64
1856	39
1857	50
1858	48
1859	47
1860	50
1861	38
1862	53
1863	35
1864	45
1865	42
1866	33
1867	34
1868	49
1869	42
1870	46
1871	42
1872	24
1873	32
1874	32
1875	30
1876	30
1877	18
1878	41
1879	27
1880	35
1881	46
1882	34
1883	46
1884	29
1885	41
1886	34
1887	25
1888	34
1889	31
1890	21
1891	36
1892	39
1893	26
1894	39
1895	30
1896	20
1897	44
1898	20
1899	28
1900	22
1901	33
1902	23
1903	27
1904	17
1905	35
1906	23
1907	32
1908	29
1909	15
1910	27
1911	24
1912	22
1913	21
1914	19
1915	28
1916	22
1917	28
1918	13
1919	24
1920	20
1921	25
1922	18
1923	21
1924	25
1925	11
1926	31
1927	16
1928	30
1929	24
1930	17
1931	24
1932	25
1933	19
1934	23
1935	17
1936	19
1937	18
1938	15
1939	17
1940	16
1941	18
1942	25
1943	15
1944	21
1945	31
1946	17
1947	26
1948	21
1949	11
1950	20
1951	12
1952	14
1953	14
1954	15
1955	19
1956	32
1957	18
1958	14
1959	13
1960	14
1961	23
1962	16
1963	12
1964	23
1965	20
1966	22
1967	23
1968	17
1969	11
1970	19
1971	19
1972	26
1973	17
1974	23
1975	15
1976	14
1977	15
1978	16
1979	21
1980	15
1981	23
1982	27
1983	11
1984	20
1985	16
1986	20
1987	21
1988	17
1989	9
1990	22
1991	12
1992	16
1993	27
1994	10
1995	13
1996	22
1997	13
1998	12
1999	17
2000	12
2001	17
2002	13
2003	28
2004	20
2005	9
2006	18
2007	17
2008	21
2009	28
2010	19
2011	23
2012	16
2013	13
2014	20
2015	10
2016	10
2017	20
2018	14
2019	14
2020	19
2021	14
2022	21
2023	3
2024	10
2025	16
2026	12
2027	15
2028	12
2029	13
2030	10
2031	10
2032	14
2033	15
2034	12
2035	8
2036	12
2037	8
2038	23
2039	5
2040	18
2041	14
2042	17
2043	13
2044	21
2045	13
2046	10
2047	8
2048	13
2049	14
2050	11
2051	8
2052	18
2053	10
2054	10
2055	8
2056	8
2057	8
2058	10
2059	11
2060	18
2061	13
2062	8
2063	4
2064	6
2065	10
2066	13
2067	10
2068	9
2069	19
2070	14
2071	8
2072	7
2073	8
2074	11
2075	7
2076	8
2077	10
2078	7
2079	14
2080	2
2081	10
2082	7
2083	8
2084	11
2085	10
2086	7
2087	5
2088	6
2089	8
2090	8
2091	4
2092	6
2093	5
2094	7
2095	8
2096	4
2097	3
2098	3
2099	7
2100	6
2101	6
2102	6
2103	5
2104	4
2105	3
2106	0
2107	3
2108	4
2109	2
2110	8
2111	5
2112	1
2113	3
2114	1
2115	3
2116	2
2117	2
2118	5
2119	11
2120	4
2121	5
2122	3
2123	2
2124	6
2125	2
2126	3
2127	2
2128	1
2129	4
2130	2
2131	1
2132	0
2133	2
2134	4
2135	2
2136	4
2137	5
2138	4
2139	6
2140	1
2141	1
2142	2
2143	1
2144	2
2145	1
2146	1
2147	3
2148	3
2149	2
2150	2
2151	2
2152	2
2153	2
2154	0
2155	2
2156	1
2157	2
2158	1
2159	0
2160	1
2161	2
2162	3
2163	3
2164	3
2165	1
2166	1
2167	1
2168	1
2169	5
2170	2
2171	1
2172	1
2173	3
2174	0
2175	0
2176	2
2177	0
2178	0
2179	0
2180	1
2181	0
2182	3
2183	1
2184	0
2185	1
2186	1
2187	1
2188	1
2189	0
2190	0
2191	0
2192	0
2193	1
2194	0
2195	1
2196	0
2197	1
2198	0
2199	0
2200	3
2201	2
2202	2
2203	3
2204	0
2205	0
2206	0
2207	0
2208	1
2209	1
2210	1
2211	0
2212	0
2213	0
2214	1
2215	0
2216	0
2217	0
2218	0
2219	0
2220	0
2221	2
2222	1
2223	0
2224	1
2225	0
2226	2
2227	2
2228	3
2229	1
2230	1
2231	1
2232	0
2233	0
2234	0
2235	2
2236	1
2237	0
2238	1
2239	0
2240	2
2241	0
2242	0
2243	0
2244	1
2245	0
2246	0
2247	1
2248	0
2249	2
2250	1
2251	1
2252	2
2253	1
2254	0
2255	0
2256	0
2257	3
2258	0
2259	1
2260	0
2261	0
2262	0
2263	3
2264	0
2265	0
2266	0
2267	1
2268	0
2269	0
2270	1
2271	0
2272	0
2273	0
2274	0
2275	1
2276	1
2277	0
2278	1
2279	0
2280	2
2281	1
2282	1
2283	0
2284	0
2285	1
2286	0
2287	1
2288	1
2289	1
2290	0
2291	0
2292	0
2293	0
2294	1
2295	0
2296	2
2297	0
2298	0
2299	0
2300	1
2301	1
2302	1
2303	0
2304	1
2305	0
2306	0
2307	1
2308	0
2309	0
2310	0
2311	0
2312	1
2313	0
2314	0
2315	1
2316	0
2317	3
2318	0
2319	2
2320	0
2321	1
2322	1
2323	1
2324	2
2325	0
2326	0
2327	0
2328	1
2329	2
2330	1
2331	0
2332	2
2333	1
2334	1
2335	0
2336	0
2337	0
2338	1
2339	0
2340	0
2341	0
2342	0
2343	1
2344	0
2345	0
2346	1
2347	0
2348	0
2349	0
2350	2
2351	2
2352	1
2353	0
2354	0
2355	1
2356	0
2357	1
2358	1
2359	1
2360	0
2361	0
2362	0
2363	2
2364	0
2365	1
2366	3
2367	0
2368	0
2369	0
2370	0
2371	0
2372	0
2373	1
2374	0
2375	1
2376	0
2377	1
2378	0
2379	0
2380	2
2381	2
2382	0
2383	0
2384	0
2385	0
2386	0
2387	1
2388	0
2389	0
2390	0
2391	0
2392	1
2393	2
2394	0
2395	0
2396	0
2397	1
2398	0
2399	2
2400	0
2401	1
2402	0
2403	0
2404	1
2405	0
2406	1
2407	0
2408	1
2409	1
2410	1
2411	0
2412	0
2413	0
2414	0
2415	0
2416	2
2417	1
2418	1
2419	2
2420	0
2421	1
2422	1
2423	0
2424	1
2425	0
2426	0
2427	1
2428	2
2429	0
2430	0
2431	1
2432	0
2433	0
2434	2
2435	0
2436	0
2437	0
2438	0
2439	2
2440	0
2441	0
2442	0
2443	0
2444	0
2445	2
2446	1
2447	0
2448	1
2449	0
2450	0
2451	1
2452	1
2453	0
2454	0
2455	0
2456	2
2457	1
2458	1
2459	1
2460	1
2461	2
2462	0
2463	0
2464	0
2465	0
2466	0
2467	0
2468	0
2469	0
2470	0
2471	0
2472	1
2473	0
2474	0
2475	1
2476	2
2477	0
2478	1
2479	0
2480	0
2481	0
2482	0
2483	0
2484	1
2485	0
2486	1
2487	1
2488	1
2489	0
2490	0
2491	0
2492	1
2493	0
2494	1
2495	0
2496	0
2497	0
2498	0
2499	0
2500	1
2501	1
2502	3
2503	0
2504	0
2505	1
2506	1
2507	1
2508	0
2509	2
2510	0
2511	1
2512	0
2513	0
2514	1
2515	1
2516	0
2517	0
2518	0
2519	0
2520	3
2521	1
2522	0
2523	2
2524	2
2525	1
2526	1
2527	0
2528	2
2529	0
2530	2
2531	0
2532	0
2533	0
2534	2
2535	0
2536	0
2537	1
2538	1
2539	0
2540	2
2541	2
2542	0
2543	0
2544	0
2545	1
2546	0
2547	0
2548	0
2549	0
2550	1
2551	0
2552	1
2553	0
2554	0
2555	1
2556	1
2557	0
2558	1
2559	0
2560	0
2561	1
2562	0
2563	0
2564	1
2565	0
2566	1
2567	0
2568	0
2569	2
2570	0
2571	1
2572	1
2573	0
2574	0
2575	1
2576	0
2577	0
2578	0
2579	0
2580	0
2581	0
2582	1
2583	0
2584	0
2585	3
2586	0
2587	1
2588	1
2589	0
2590	1
2591	0
2592	0
2593	0
2594	0
2595	0
2596	0
2597	1
2598	0
2599	0
2600	0
2601	0
2602	0
2603	2
2604	2
2605	0
2606	0
2607	0
2608	0
2609	0
2610	0
2611	0
2612	0
2613	0
2614	0
2615	0
2616	2
2617	1
2618	1
2619	0
2620	3
2621	0
2622	0
2623	2
2624	1
2625	0
2626	0
2627	0
2628	0
2629	0
2630	2
2631	1
2632	1
2633	2
2634	0
2635	1
2636	1
2637	1
2638	0
2639	0
2640	0
2641	0
2642	0
2643	0
2644	0
2645	0
2646	0
2647	0
2648	1
2649	3
2650	0
2651	0
2652	0
2653	0
2654	0
2655	0
2656	0
2657	1
2658	0
2659	0
2660	1
2661	0
2662	1
2663	0
2664	0
2665	0
2666	1
2667	0
2668	0
2669	0
2670	0
2671	0
2672	1
2673	1
2674	0
2675	0
2676	1
2677	0
2678	0
2679	1
2680	0
2681	1
2682	0
2683	0
2684	1
2685	2
2686	0
2687	0
2688	2
2689	1
2690	1
2691	2
2692	1
2693	0
2694	1
2695	0
2696	0
2697	0
2698	0
2699	0
2700	0
2701	1
2702	0
2703	0
2704	0
2705	0
2706	1
2707	2
2708	1
2709	0
2710	0
2711	0
2712	0
2713	0
2714	0
2715	1
2716	1
2717	2
2718	0
2719	0
2720	1
2721	3
2722	0
2723	1
2724	0
2725	0
2726	2
2727	0
2728	0
2729	0
2730	2
2731	1
2732	3
2733	2
2734	2
2735	0
2736	0
2737	0
2738	1
2739	4
2740	1
2741	0
2742	0
2743	0
2744	0
2745	1
2746	0
2747	1
2748	0
2749	0
2750	1
2751	1
2752	2
2753	1
2754	0
2755	2
2756	0
2757	0
2758	0
2759	0
2760	0
2761	1
2762	0
2763	0
2764	0
2765	0
2766	0
2767	0
2768	0
2769	1
2770	0
2771	0
2772	1
2773	1
2774	0
2775	1
2776	0
2777	0
2778	0
2779	0
2780	0
2781	1
2782	0
2783	3
2784	0
2785	0
2786	0
2787	0
2788	0
2789	2
2790	1
2791	0
2792	1
2793	0
2794	1
2795	0
2796	1
2797	0
2798	0
2799	0
2800	0
2801	0
2802	1
2803	0
2804	1
2805	0
2806	0
2807	0
2808	1
2809	0
2810	0
2811	0
2812	1
2813	0
2814	0
2815	1
2816	1
2817	0
2818	3
2819	1
2820	0
2821	1
2822	0
2823	0
2824	4
2825	2
2826	0
2827	1
2828	1
2829	1
2830	0
2831	0
2832	0
2833	1
2834	1
2835	0
2836	1
2837	0
2838	1
2839	0
2840	0
2841	2
2842	1
2843	0
2844	2
2845	4
2846	2
2847	1
2848	0
2849	1
2850	1
2851	1
2852	0
2853	1
2854	0
2855	0
2856	1
2857	0
2858	0
2859	0
2860	1
2861	1
2862	0
2863	1
2864	2
2865	0
2866	0
2867	1
2868	0
2869	0
2870	0
2871	0
2872	0
2873	0
2874	1
2875	2
2876	1
2877	0
2878	0
2879	0
2880	0
2881	0
2882	2
2883	0
2884	0
2885	1
2886	0
2887	0
2888	1
2889	1
2890	0
2891	0
2892	0
2893	0
2894	0
2895	2
2896	1
2897	0
2898	2
2899	0
2900	0
2901	0
2902	0
2903	0
2904	0
2905	1
2906	0
2907	0
2908	0
2909	0
2910	1
2911	0
2912	1
2913	0
2914	1
2915	1
2916	0
2917	0
2918	0
2919	0
2920	1
2921	0
2922	0
2923	0
2924	0
2925	1
2926	0
2927	1
2928	0
2929	0
2930	0
2931	0
2932	0
2933	1
2934	1
2935	0
2936	1
2937	0
2938	0
2939	1
2940	1
2941	0
2942	0
2943	2
2944	0
2945	1
2946	0
2947	0
2948	0
2949	0
2950	1
2951	0
2952	1
2953	0
2954	0
2955	0
2956	1
2957	0
2958	0
2959	0
2960	0
2961	1
2962	1
2963	1
2964	0
2965	0
2966	1
2967	0
2968	0
2969	0
2970	0
2971	1
2972	1
2973	0
2974	1
2975	0
2976	0
2977	0
2978	0
2979	0
2980	0
2981	0
2982	0
2983	0
2984	0
2985	0
2986	1
2987	0
2988	0
2989	1
2990	0
2991	0
2992	0
2993	0
2994	0
2995	1
2996	1
2997	0
2998	0
2999	1
3000	0
3001	0
3002	0
3003	2
3004	1
3005	0
3006	0
3007	0
3008	0
3009	0
3010	1
3011	1
3012	0
3013	0
3014	2
3015	0
3016	0
3017	0
3018	1
3019	2
3020	0
3021	0
3022	1
3023	0
3024	0
3025	0
3026	0
3027	3
3028	0
3029	0
3030	2
3031	0
3032	2
3033	1
3034	0
3035	0
3036	0
3037	0
3038	0
3039	0
3040	0
3041	0
3042	0
3043	0
3044	0
3045	1
3046	0
3047	1
3048	0
3049	0
3050	1
3051	0
3052	1
3053	0
3054	0
3055	0
3056	1
3057	0
3058	0
3059	0
3060	1
3061	0
3062	0
3063	1
3064	1
3065	0
3066	0
3067	2
3068	0
3069	1
3070	1
3071	0
3072	0
3073	1
3074	0
3075	0
3076	1
3077	0
3078	0
3079	0
3080	2
3081	1
3082	0
3083	0
3084	1
3085	0
3086	0
3087	0
3088	1
3089	0
3090	1
3091	1
3092	0
3093	0
3094	0
3095	1
3096	0
3097	0
3098	0
3099	0
3100	0
3101	1
3102	0
3103	0
3104	0
3105	0
3106	1
3107	0
3108	0
3109	0
3110	2
3111	0
3112	0
3113	0
3114	0
3115	1
3116	0
3117	1
3118	0
3119	0
3120	0
3121	0
3122	0
3123	0
3124	0
3125	0
3126	2
3127	0
3128	0
3129	1
3130	0
3131	0
3132	1
3133	0
3134	0
3135	0
3136	0
3137	0
3138	1
3139	0
3140	0
3141	0
3142	0
3143	1
3144	1
3145	1
3146	0
3147	0
3148	0
3149	0
3150	0
3151	0
3152	1
3153	0
3154	0
3155	1
3156	0
3157	0
3158	0
3159	1
3160	0
3161	0
3162	0
3163	1
3164	0
3165	0
3166	1
3167	0
3168	1
3169	0
3170	0
3171	0
3172	2
3173	0
3174	1
3175	0
3176	0
3177	0
3178	0
3179	0
3180	0
3181	1
3182	0
3183	1
3184	1
3185	0
3186	0
3187	0
3188	0
3189	1
3190	0
3191	0
3192	0
3193	0
3194	1
3195	1
3196	0
3197	1
3198	1
3199	1
3200	0
3201	0
3202	0
3203	0
3204	0
3205	0
3206	0
3207	0
3208	2
3209	0
3210	0
3211	0
3212	0
3213	1
3214	0
3215	0
3216	0
3217	0
3218	0
3219	0
3220	0
3221	0
3222	1
3223	2
3224	0
3225	0
3226	0
3227	0
3228	0
3229	0
3230	1
3231	1
3232	0
3233	1
3234	0
3235	0
3236	0
3237	1
3238	0
3239	1
3240	1
3241	0
3242	0
3243	0
3244	0
3245	1
3246	0
3247	1
3248	1
3249	0
3250	0
3251	0
3252	0
3253	0
3254	0
3255	0
3256	0
3257	1
3258	1
3259	0
3260	1
3261	0
3262	3
3263	0
3264	0
3265	0
3266	1
3267	0
3268	0
3269	0
3270	2
3271	0
3272	0
3273	1
3274	0
3275	0
3276	1
3277	0
3278	0
3279	0
3280	0
3281	1
3282	0
3283	0
3284	1
3285	0
3286	1
3287	0
3288	1
3289	2
3290	1
3291	1
3292	3
3293	0
3294	0
3295	2
3296	0
3297	0
3298	0
3299	0
3300	0
3301	0
3302	0
3303	1
3304	0
3305	0
3306	0
3307	0
3308	1
3309	0
3310	0
3311	0
3312	0
3313	0
3314	1
3315	0
3316	0
3317	0
3318	2
3319	0
3320	0
3321	1
3322	0
3323	0
3324	0
3325	0
3326	0
3327	1
3328	0
3329	0
3330	0
3331	0
3332	0
3333	0
3334	0
3335	0
3336	1
3337	0
3338	1
3339	0
3340	1
3341	0
3342	0
3343	0
3344	2
3345	2
3346	0
3347	0
3348	2
3349	1
3350	0
3351	1
3352	0
3353	0
3354	1
3355	1
3356	0
3357	0
3358	1
3359	0
3360	0
3361	0
3362	0
3363	0
3364	0
3365	1
3366	0
3367	0
3368	1
3369	0
3370	0
3371	0
3372	1
3373	0
3374	0
3375	0
3376	0
3377	0
3378	1
3379	1
3380	0
3381	0
3382	0
3383	0
3384	0
3385	0
3386	0
3387	0
3388	0
3389	2
3390	0
3391	1
3392	1
3393	0
3394	1
3395	0
3396	2
3397	0
3398	0
3399	2
3400	1
3401	1
3402	0
3403	0
3404	0
3405	0
3406	0
3407	0
3408	0
3409	0
3410	0
3411	0
3412	0
3413	3
3414	0
3415	0
3416	0
3417	1
3418	1
3419	0
3420	1
3421	0
3422	0
3423	0
3424	1
3425	2
3426	0
3427	1
3428	1
3429	0
3430	2
3431	0
3432	0
3433	2
3434	0
3435	1
3436	1
3437	0
3438	0
3439	1
3440	0
3441	1
3442	0
3443	0
3444	1
3445	0
3446	2
3447	0
3448	0
3449	1
3450	0
3451	0
3452	0
3453	0
3454	0
3455	1
3456	2
3457	2
3458	0
3459	0
3460	3
3461	0
3462	2
3463	0
3464	1
3465	1
3466	1
3467	0
3468	0
3469	0
3470	0
3471	0
3472	0
3473	0
3474	1
3475	0
3476	0
3477	0
3478	1
3479	1
3480	1
3481	0
3482	1
3483	0
3484	0
3485	1
3486	0
3487	0
3488	1
3489	0
3490	2
3491	0
3492	1
3493	1
3494	0
3495	1
3496	0
3497	1
3498	1
3499	1
3500	2
3501	2
3502	0
3503	1
3504	0
3505	1
3506	0
3507	0
3508	0
3509	2
3510	0
3511	0
3512	0
3513	1
3514	0
3515	1
3516	0
3517	1
3518	0
3519	1
3520	3
3521	1
3522	0
3523	1
3524	1
3525	0
3526	1
3527	0
3528	0
3529	0
3530	0
3531	0
3532	2
3533	0
3534	5
3535	0
3536	0
3537	0
3538	0
3539	0
3540	0
3541	0
3542	0
3543	0
3544	0
3545	0
3546	1
3547	0
3548	0
3549	0
3550	2
3551	0
3552	0
3553	1
3554	1
3555	1
3556	0
3557	0
3558	1
3559	0
3560	0
3561	0
3562	0
3563	0
3564	0
3565	1
3566	0
3567	0
3568	0
3569	0
3570	2
3571	1
3572	1
3573	0
3574	0
3575	0
3576	0
3577	0
3578	2
3579	0
3580	1
3581	0
3582	0
3583	0
3584	0
3585	0
3586	0
3587	0
3588	0
3589	0
3590	1
3591	0
3592	0
3593	1
3594	1
3595	0
3596	0
3597	0
3598	0
3599	1
3600	1
3601	1
3602	1
3603	1
3604	0
3605	0
3606	1
3607	0
3608	1
3609	2
3610	1
3611	1
3612	1
3613	1
3614	0
3615	1
3616	2
3617	2
3618	0
3619	0
3620	1
3621	1
3622	0
3623	0
3624	0
3625	0
3626	0
3627	0
3628	0
3629	1
3630	2
3631	0
3632	0
3633	0
3634	0
3635	1
3636	0
3637	0
3638	0
3639	0
3640	1
3641	0
3642	0
3643	1
3644	1
3645	0
3646	0
3647	0
3648	1
3649	0
3650	1
3651	0
3652	0
3653	0
3654	0
3655	0
3656	0
3657	1
3658	1
3659	0
3660	2
3661	0
3662	1
3663	0
3664	0
3665	2
3666	0
3667	0
3668	1
3669	0
3670	1
3671	0
3672	1
3673	2
3674	0
3675	0
3676	1
3677	1
3678	0
3679	1
3680	0
3681	1
3682	0
3683	0
3684	2
3685	0
3686	1
3687	0
3688	0
3689	0
3690	0
3691	0
3692	0
3693	1
3694	0
3695	0
3696	2
3697	1
3698	2
3699	0
3700	0
3701	0
3702	3
3703	1
3704	0
3705	0
3706	0
3707	0
3708	0
3709	1
3710	0
3711	0
3712	1
3713	2
3714	0
3715	0
3716	3
3717	2
3718	0
3719	1
3720	2
3721	2
3722	0
3723	0
3724	1
3725	0
3726	1
3727	0
3728	0
3729	2
3730	1
3731	0
3732	1
3733	0
3734	1
3735	0
3736	0
3737	1
3738	0
3739	1
3740	0
3741	2
3742	1
3743	0
3744	0
3745	1
3746	1
3747	1
3748	0
3749	0
3750	0
3751	1
3752	0
3753	1
3754	0
3755	1
3756	1
3757	0
3758	0
3759	0
3760	1
3761	0
3762	1
3763	1
3764	0
3765	0
3766	0
3767	0
3768	1
3769	0
3770	1
3771	0
3772	0
3773	1
3774	0
3775	0
3776	3
3777	1
3778	0
3779	0
3780	0
3781	0
3782	1
3783	0
3784	0
3785	1
3786	0
3787	0
3788	0
3789	0
3790	1
3791	0
3792	0
3793	1
3794	1
3795	3
3796	1
3797	0
3798	1
3799	0
3800	0
3801	0
3802	1
3803	0
3804	1
3805	0
3806	2
3807	0
3808	1
3809	0
3810	2
3811	0
3812	0
3813	0
3814	1
3815	2
3816	0
3817	1
3818	0
3819	0
3820	2
3821	0
3822	0
3823	1
3824	0
3825	0
3826	3
3827	0
3828	1
3829	0
3830	1
3831	1
3832	0
3833	1
3834	1
3835	0
3836	0
3837	0
3838	0
3839	2
3840	1
3841	0
3842	1
3843	1
3844	0
3845	1
3846	0
3847	1
3848	0
3849	2
3850	0
3851	0
3852	0
3853	1
3854	1
3855	0
3856	1
3857	0
3858	0
3859	0
3860	0
3861	0
3862	1
3863	0
3864	0
3865	1
3866	0
3867	0
3868	0
3869	0
3870	1
3871	0
3872	2
3873	1
3874	0
3875	1
3876	1
3877	0
3878	1
3879	2
3880	0
3881	1
3882	0
3883	0
3884	0
3885	0
3886	0
3887	0
3888	1
3889	0
3890	0
3891	0
3892	1
3893	2
3894	0
3895	1
3896	0
3897	2
3898	0
3899	2
3900	1
3901	3
3902	1
3903	1
3904	1
3905	0
3906	2
3907	1
3908	1
3909	0
3910	1
3911	0
3912	0
3913	0
3914	0
3915	1
3916	0
3917	1
3918	0
3919	0
3920	0
3921	0
3922	0
3923	0
3924	2
3925	0
3926	0
3927	0
3928	0
3929	0
3930	0
3931	1
3932	1
3933	1
3934	1
3935	0
3936	0
3937	0
3938	0
3939	0
3940	0
3941	0
3942	0
3943	1
3944	0
3945	0
3946	0
3947	0
3948	3
3949	0
3950	0
3951	0
3952	0
3953	0
3954	0
3955	0
3956	0
3957	1
3958	0
3959	0
3960	0
3961	0
3962	0
3963	2
3964	1
3965	2
3966	1
3967	1
3968	0
3969	0
3970	0
3971	0
3972	0
3973	0
3974	1
3975	0
3976	0
3977	1
3978	0
3979	1
3980	0
3981	0
3982	3
3983	1
3984	0
3985	0
3986	2
3987	0
3988	0
3989	0
3990	1
3991	0
3992	0
3993	1
3994	0
3995	1
3996	1
3997	0
3998	0
3999	0
4000	0
