Kanalnummer	Impulse
Kanal/#	Impulse/#

0	0
1	0
2	0
3	0
4	0
5	0
6	0
7	0
8	0
9	0
10	0
11	0
12	0
13	0
14	0
15	0
16	0
17	0
18	0
19	0
20	0
21	0
22	0
23	0
24	0
25	0
26	0
27	0
28	0
29	0
30	0
31	0
32	0
33	0
34	0
35	0
36	0
37	0
38	0
39	0
40	0
41	0
42	0
43	0
44	0
45	1
46	0
47	0
48	0
49	0
50	0
51	0
52	0
53	0
54	0
55	0
56	0
57	0
58	0
59	0
60	0
61	0
62	0
63	0
64	0
65	0
66	0
67	0
68	0
69	0
70	0
71	0
72	0
73	0
74	0
75	0
76	0
77	0
78	0
79	0
80	0
81	1
82	0
83	0
84	0
85	0
86	0
87	0
88	0
89	0
90	0
91	0
92	0
93	1
94	0
95	1
96	0
97	0
98	0
99	0
100	0
101	0
102	0
103	0
104	0
105	0
106	0
107	0
108	0
109	0
110	0
111	0
112	0
113	0
114	0
115	1
116	0
117	0
118	1
119	0
120	0
121	0
122	0
123	0
124	0
125	0
126	0
127	0
128	1
129	0
130	0
131	0
132	0
133	0
134	0
135	1
136	1
137	0
138	0
139	0
140	1
141	1
142	1
143	1
144	0
145	1
146	1
147	2
148	0
149	1
150	0
151	0
152	0
153	0
154	0
155	0
156	1
157	1
158	1
159	2
160	0
161	1
162	1
163	0
164	0
165	0
166	0
167	1
168	1
169	1
170	0
171	0
172	1
173	2
174	0
175	0
176	0
177	0
178	2
179	1
180	0
181	1
182	1
183	0
184	0
185	1
186	0
187	1
188	0
189	1
190	0
191	1
192	1
193	0
194	1
195	3
196	1
197	0
198	0
199	0
200	0
201	0
202	0
203	0
204	1
205	0
206	0
207	0
208	0
209	0
210	0
211	0
212	0
213	1
214	0
215	1
216	0
217	0
218	1
219	2
220	1
221	1
222	0
223	0
224	0
225	0
226	0
227	2
228	2
229	0
230	0
231	0
232	0
233	1
234	0
235	0
236	0
237	1
238	1
239	0
240	0
241	0
242	2
243	0
244	0
245	2
246	2
247	1
248	1
249	0
250	0
251	0
252	1
253	0
254	1
255	1
256	1
257	0
258	1
259	4
260	1
261	0
262	0
263	0
264	0
265	1
266	0
267	2
268	1
269	0
270	1
271	2
272	2
273	1
274	4
275	1
276	0
277	1
278	2
279	1
280	0
281	1
282	2
283	0
284	1
285	0
286	1
287	0
288	1
289	0
290	1
291	1
292	1
293	1
294	0
295	3
296	0
297	1
298	0
299	2
300	1
301	4
302	1
303	0
304	0
305	3
306	3
307	1
308	0
309	1
310	0
311	0
312	0
313	2
314	1
315	1
316	0
317	2
318	0
319	2
320	1
321	1
322	0
323	1
324	1
325	0
326	3
327	2
328	2
329	0
330	1
331	0
332	1
333	0
334	1
335	0
336	3
337	0
338	0
339	0
340	2
341	0
342	3
343	1
344	0
345	1
346	1
347	1
348	1
349	1
350	2
351	0
352	0
353	0
354	0
355	1
356	2
357	0
358	1
359	1
360	4
361	0
362	1
363	0
364	1
365	1
366	0
367	1
368	1
369	3
370	0
371	0
372	0
373	0
374	1
375	0
376	3
377	2
378	0
379	1
380	1
381	1
382	2
383	0
384	2
385	1
386	1
387	0
388	0
389	0
390	1
391	0
392	2
393	1
394	0
395	1
396	0
397	0
398	0
399	0
400	1
401	0
402	0
403	0
404	1
405	1
406	1
407	2
408	2
409	2
410	0
411	0
412	1
413	0
414	1
415	0
416	0
417	0
418	0
419	1
420	1
421	1
422	0
423	0
424	0
425	1
426	1
427	0
428	1
429	1
430	0
431	1
432	0
433	0
434	0
435	1
436	1
437	0
438	0
439	1
440	0
441	1
442	1
443	0
444	0
445	2
446	1
447	1
448	0
449	0
450	3
451	1
452	1
453	1
454	1
455	2
456	1
457	1
458	0
459	1
460	1
461	0
462	0
463	0
464	0
465	1
466	0
467	0
468	3
469	2
470	0
471	1
472	0
473	3
474	1
475	1
476	1
477	0
478	2
479	1
480	0
481	3
482	1
483	2
484	1
485	0
486	1
487	4
488	1
489	2
490	0
491	1
492	0
493	0
494	1
495	1
496	0
497	2
498	0
499	2
500	1
501	2
502	3
503	1
504	1
505	1
506	1
507	1
508	2
509	0
510	3
511	3
512	0
513	0
514	1
515	1
516	0
517	0
518	2
519	1
520	1
521	2
522	1
523	1
524	0
525	2
526	2
527	5
528	0
529	0
530	1
531	0
532	0
533	0
534	0
535	2
536	0
537	2
538	1
539	0
540	0
541	1
542	1
543	1
544	0
545	1
546	1
547	3
548	0
549	0
550	2
551	1
552	0
553	0
554	3
555	0
556	0
557	1
558	0
559	1
560	0
561	1
562	0
563	0
564	1
565	0
566	0
567	0
568	1
569	0
570	0
571	2
572	0
573	1
574	0
575	1
576	0
577	3
578	1
579	0
580	0
581	2
582	2
583	1
584	0
585	1
586	0
587	1
588	2
589	0
590	2
591	1
592	0
593	2
594	1
595	0
596	0
597	5
598	1
599	2
600	1
601	1
602	1
603	2
604	0
605	1
606	0
607	0
608	1
609	2
610	0
611	0
612	2
613	0
614	2
615	1
616	0
617	0
618	1
619	0
620	0
621	1
622	1
623	0
624	1
625	0
626	0
627	1
628	1
629	1
630	0
631	1
632	1
633	0
634	0
635	0
636	1
637	1
638	2
639	2
640	2
641	0
642	2
643	1
644	0
645	1
646	1
647	1
648	1
649	0
650	0
651	0
652	0
653	0
654	0
655	1
656	1
657	1
658	2
659	2
660	0
661	1
662	0
663	0
664	0
665	3
666	1
667	3
668	0
669	0
670	2
671	1
672	1
673	0
674	1
675	0
676	3
677	0
678	1
679	1
680	0
681	0
682	0
683	1
684	0
685	2
686	1
687	1
688	0
689	0
690	3
691	2
692	0
693	0
694	1
695	0
696	0
697	2
698	1
699	1
700	3
701	1
702	3
703	0
704	3
705	1
706	1
707	0
708	4
709	0
710	0
711	1
712	1
713	1
714	1
715	0
716	0
717	1
718	1
719	0
720	1
721	3
722	0
723	0
724	0
725	0
726	0
727	1
728	2
729	0
730	0
731	1
732	1
733	5
734	0
735	0
736	0
737	5
738	1
739	3
740	4
741	1
742	1
743	1
744	1
745	0
746	6
747	1
748	1
749	0
750	1
751	0
752	2
753	3
754	2
755	2
756	1
757	0
758	1
759	2
760	0
761	2
762	0
763	1
764	1
765	2
766	4
767	2
768	0
769	1
770	0
771	0
772	0
773	0
774	3
775	2
776	0
777	0
778	0
779	2
780	1
781	0
782	2
783	0
784	2
785	0
786	3
787	0
788	1
789	2
790	1
791	1
792	0
793	2
794	0
795	0
796	0
797	0
798	0
799	4
800	1
801	0
802	0
803	1
804	0
805	1
806	0
807	0
808	3
809	0
810	0
811	0
812	0
813	0
814	0
815	1
816	2
817	2
818	0
819	1
820	0
821	0
822	3
823	0
824	0
825	2
826	1
827	0
828	1
829	1
830	1
831	0
832	0
833	1
834	2
835	1
836	0
837	2
838	4
839	1
840	0
841	0
842	1
843	1
844	0
845	0
846	1
847	0
848	0
849	1
850	0
851	2
852	1
853	0
854	0
855	1
856	1
857	0
858	1
859	3
860	2
861	0
862	0
863	1
864	0
865	3
866	1
867	0
868	1
869	0
870	1
871	1
872	1
873	1
874	0
875	2
876	0
877	0
878	0
879	1
880	0
881	0
882	0
883	2
884	0
885	1
886	2
887	0
888	0
889	1
890	3
891	0
892	0
893	3
894	1
895	2
896	0
897	1
898	5
899	0
900	0
901	1
902	3
903	1
904	1
905	5
906	4
907	0
908	1
909	2
910	1
911	0
912	1
913	5
914	2
915	2
916	1
917	0
918	0
919	1
920	1
921	2
922	1
923	2
924	2
925	0
926	1
927	1
928	1
929	1
930	4
931	1
932	2
933	0
934	4
935	1
936	3
937	0
938	4
939	1
940	1
941	5
942	1
943	1
944	3
945	3
946	0
947	2
948	0
949	1
950	1
951	0
952	1
953	1
954	1
955	4
956	0
957	1
958	0
959	1
960	2
961	1
962	2
963	0
964	1
965	2
966	1
967	0
968	0
969	1
970	0
971	2
972	1
973	0
974	0
975	2
976	2
977	1
978	1
979	1
980	4
981	0
982	1
983	1
984	2
985	0
986	4
987	1
988	1
989	3
990	3
991	2
992	0
993	0
994	2
995	2
996	2
997	0
998	2
999	0
1000	0
1001	2
1002	0
1003	5
1004	1
1005	0
1006	0
1007	4
1008	1
1009	3
1010	3
1011	3
1012	0
1013	1
1014	0
1015	2
1016	2
1017	0
1018	4
1019	1
1020	0
1021	3
1022	0
1023	7
1024	2
1025	1
1026	1
1027	1
1028	2
1029	2
1030	5
1031	3
1032	4
1033	11
1034	2
1035	4
1036	2
1037	2
1038	5
1039	3
1040	2
1041	3
1042	4
1043	9
1044	3
1045	3
1046	1
1047	2
1048	3
1049	4
1050	5
1051	3
1052	3
1053	3
1054	3
1055	6
1056	3
1057	3
1058	2
1059	4
1060	4
1061	1
1062	1
1063	0
1064	1
1065	3
1066	3
1067	4
1068	3
1069	2
1070	2
1071	3
1072	6
1073	4
1074	5
1075	3
1076	1
1077	1
1078	1
1079	2
1080	1
1081	2
1082	4
1083	4
1084	3
1085	4
1086	5
1087	3
1088	1
1089	8
1090	5
1091	4
1092	3
1093	7
1094	4
1095	0
1096	2
1097	6
1098	6
1099	5
1100	5
1101	6
1102	4
1103	4
1104	0
1105	7
1106	5
1107	3
1108	4
1109	3
1110	3
1111	3
1112	4
1113	4
1114	6
1115	3
1116	4
1117	3
1118	5
1119	8
1120	2
1121	4
1122	3
1123	4
1124	9
1125	5
1126	6
1127	3
1128	4
1129	8
1130	6
1131	4
1132	5
1133	5
1134	13
1135	3
1136	2
1137	3
1138	5
1139	5
1140	3
1141	5
1142	8
1143	3
1144	5
1145	9
1146	7
1147	5
1148	6
1149	7
1150	8
1151	6
1152	4
1153	8
1154	10
1155	4
1156	8
1157	2
1158	13
1159	11
1160	10
1161	8
1162	7
1163	10
1164	5
1165	7
1166	7
1167	10
1168	3
1169	3
1170	9
1171	16
1172	8
1173	9
1174	8
1175	4
1176	3
1177	10
1178	7
1179	5
1180	6
1181	7
1182	9
1183	5
1184	7
1185	8
1186	8
1187	18
1188	6
1189	7
1190	12
1191	7
1192	3
1193	7
1194	12
1195	11
1196	5
1197	10
1198	9
1199	8
1200	9
1201	9
1202	5
1203	15
1204	14
1205	8
1206	10
1207	9
1208	7
1209	8
1210	2
1211	6
1212	9
1213	13
1214	8
1215	13
1216	11
1217	12
1218	7
1219	5
1220	11
1221	5
1222	18
1223	7
1224	6
1225	14
1226	12
1227	8
1228	17
1229	20
1230	20
1231	10
1232	7
1233	14
1234	12
1235	19
1236	12
1237	11
1238	13
1239	13
1240	18
1241	14
1242	8
1243	18
1244	5
1245	14
1246	16
1247	21
1248	14
1249	6
1250	11
1251	18
1252	18
1253	16
1254	23
1255	23
1256	16
1257	17
1258	10
1259	17
1260	16
1261	17
1262	21
1263	21
1264	10
1265	19
1266	17
1267	27
1268	13
1269	14
1270	31
1271	16
1272	16
1273	20
1274	15
1275	21
1276	8
1277	18
1278	22
1279	24
1280	7
1281	18
1282	26
1283	23
1284	23
1285	16
1286	24
1287	17
1288	26
1289	23
1290	26
1291	27
1292	20
1293	15
1294	23
1295	23
1296	20
1297	42
1298	24
1299	39
1300	26
1301	18
1302	29
1303	21
1304	23
1305	21
1306	25
1307	34
1308	22
1309	26
1310	21
1311	35
1312	22
1313	28
1314	22
1315	20
1316	31
1317	35
1318	32
1319	30
1320	18
1321	31
1322	14
1323	30
1324	31
1325	41
1326	26
1327	27
1328	32
1329	23
1330	22
1331	46
1332	28
1333	28
1334	38
1335	31
1336	22
1337	36
1338	29
1339	27
1340	21
1341	31
1342	50
1343	62
1344	28
1345	35
1346	29
1347	22
1348	33
1349	20
1350	33
1351	27
1352	36
1353	32
1354	39
1355	33
1356	38
1357	30
1358	43
1359	40
1360	32
1361	36
1362	59
1363	44
1364	45
1365	37
1366	51
1367	42
1368	40
1369	41
1370	31
1371	53
1372	60
1373	37
1374	44
1375	50
1376	30
1377	37
1378	54
1379	42
1380	39
1381	29
1382	36
1383	49
1384	38
1385	59
1386	30
1387	40
1388	58
1389	45
1390	42
1391	44
1392	37
1393	36
1394	54
1395	48
1396	45
1397	40
1398	42
1399	55
1400	45
1401	56
1402	49
1403	63
1404	48
1405	52
1406	44
1407	55
1408	56
1409	47
1410	39
1411	40
1412	61
1413	48
1414	58
1415	36
1416	57
1417	55
1418	44
1419	55
1420	58
1421	59
1422	64
1423	46
1424	48
1425	48
1426	60
1427	74
1428	46
1429	64
1430	64
1431	46
1432	55
1433	65
1434	55
1435	64
1436	68
1437	49
1438	56
1439	79
1440	39
1441	59
1442	59
1443	36
1444	72
1445	46
1446	78
1447	44
1448	54
1449	74
1450	48
1451	42
1452	78
1453	54
1454	69
1455	47
1456	58
1457	70
1458	49
1459	73
1460	68
1461	62
1462	72
1463	57
1464	67
1465	68
1466	64
1467	56
1468	63
1469	58
1470	60
1471	73
1472	55
1473	61
1474	49
1475	64
1476	74
1477	48
1478	71
1479	64
1480	52
1481	72
1482	82
1483	62
1484	55
1485	61
1486	57
1487	72
1488	56
1489	55
1490	64
1491	70
1492	81
1493	43
1494	97
1495	46
1496	59
1497	76
1498	66
1499	64
1500	70
1501	50
1502	74
1503	54
1504	53
1505	68
1506	73
1507	63
1508	52
1509	55
1510	80
1511	68
1512	48
1513	72
1514	56
1515	64
1516	71
1517	58
1518	68
1519	64
1520	55
1521	72
1522	83
1523	67
1524	62
1525	53
1526	75
1527	61
1528	51
1529	84
1530	64
1531	73
1532	71
1533	57
1534	78
1535	79
1536	60
1537	50
1538	56
1539	70
1540	72
1541	47
1542	90
1543	60
1544	57
1545	105
1546	42
1547	60
1548	62
1549	57
1550	77
1551	54
1552	67
1553	81
1554	76
1555	66
1556	84
1557	64
1558	88
1559	50
1560	76
1561	76
1562	60
1563	65
1564	61
1565	74
1566	61
1567	83
1568	63
1569	57
1570	64
1571	59
1572	72
1573	52
1574	68
1575	65
1576	49
1577	93
1578	49
1579	50
1580	49
1581	69
1582	55
1583	65
1584	61
1585	64
1586	70
1587	84
1588	71
1589	51
1590	79
1591	63
1592	45
1593	82
1594	54
1595	71
1596	59
1597	60
1598	61
1599	74
1600	70
1601	71
1602	44
1603	74
1604	59
1605	54
1606	72
1607	58
1608	57
1609	88
1610	62
1611	59
1612	82
1613	63
1614	69
1615	54
1616	43
1617	56
1618	62
1619	51
1620	40
1621	36
1622	58
1623	47
1624	53
1625	53
1626	49
1627	79
1628	52
1629	61
1630	50
1631	58
1632	37
1633	55
1634	53
1635	49
1636	59
1637	51
1638	76
1639	49
1640	53
1641	64
1642	48
1643	40
1644	49
1645	29
1646	55
1647	39
1648	49
1649	61
1650	44
1651	43
1652	48
1653	47
1654	46
1655	30
1656	33
1657	52
1658	36
1659	47
1660	49
1661	38
1662	52
1663	37
1664	30
1665	36
1666	44
1667	43
1668	54
1669	32
1670	49
1671	32
1672	30
1673	50
1674	41
1675	42
1676	47
1677	49
1678	44
1679	27
1680	43
1681	35
1682	47
1683	48
1684	32
1685	25
1686	58
1687	26
1688	30
1689	43
1690	40
1691	47
1692	33
1693	39
1694	28
1695	39
1696	27
1697	44
1698	50
1699	37
1700	43
1701	28
1702	33
1703	21
1704	27
1705	35
1706	18
1707	43
1708	31
1709	26
1710	25
1711	25
1712	29
1713	38
1714	44
1715	37
1716	31
1717	24
1718	33
1719	33
1720	21
1721	40
1722	20
1723	37
1724	28
1725	39
1726	23
1727	25
1728	25
1729	26
1730	28
1731	22
1732	33
1733	20
1734	31
1735	19
1736	25
1737	24
1738	23
1739	21
1740	19
1741	28
1742	25
1743	26
1744	24
1745	27
1746	24
1747	29
1748	28
1749	17
1750	34
1751	15
1752	19
1753	28
1754	24
1755	26
1756	28
1757	22
1758	23
1759	26
1760	17
1761	27
1762	22
1763	19
1764	23
1765	15
1766	19
1767	14
1768	25
1769	27
1770	14
1771	18
1772	24
1773	15
1774	18
1775	22
1776	24
1777	17
1778	26
1779	20
1780	27
1781	12
1782	17
1783	25
1784	10
1785	22
1786	17
1787	21
1788	19
1789	19
1790	18
1791	24
1792	13
1793	15
1794	16
1795	16
1796	19
1797	18
1798	20
1799	12
1800	15
1801	18
1802	11
1803	12
1804	10
1805	9
1806	15
1807	8
1808	11
1809	15
1810	11
1811	13
1812	15
1813	9
1814	21
1815	12
1816	19
1817	13
1818	10
1819	12
1820	17
1821	13
1822	16
1823	16
1824	18
1825	10
1826	20
1827	15
1828	13
1829	7
1830	16
1831	9
1832	6
1833	13
1834	10
1835	7
1836	16
1837	13
1838	8
1839	16
1840	5
1841	8
1842	14
1843	8
1844	10
1845	8
1846	13
1847	10
1848	6
1849	14
1850	6
1851	16
1852	9
1853	7
1854	12
1855	11
1856	10
1857	10
1858	7
1859	7
1860	14
1861	5
1862	11
1863	6
1864	8
1865	8
1866	5
1867	7
1868	10
1869	11
1870	7
1871	8
1872	3
1873	8
1874	10
1875	9
1876	7
1877	8
1878	7
1879	6
1880	7
1881	10
1882	6
1883	10
1884	8
1885	9
1886	10
1887	4
1888	5
1889	6
1890	9
1891	9
1892	7
1893	3
1894	11
1895	3
1896	11
1897	3
1898	8
1899	8
1900	10
1901	13
1902	8
1903	7
1904	1
1905	4
1906	10
1907	8
1908	6
1909	4
1910	5
1911	7
1912	3
1913	8
1914	3
1915	8
1916	6
1917	8
1918	3
1919	3
1920	7
1921	8
1922	5
1923	4
1924	8
1925	8
1926	4
1927	2
1928	3
1929	4
1930	7
1931	3
1932	10
1933	7
1934	4
1935	3
1936	4
1937	4
1938	5
1939	4
1940	7
1941	5
1942	8
1943	2
1944	5
1945	2
1946	2
1947	3
1948	9
1949	3
1950	4
1951	2
1952	3
1953	0
1954	4
1955	1
1956	5
1957	3
1958	3
1959	2
1960	4
1961	4
1962	6
1963	7
1964	4
1965	3
1966	5
1967	0
1968	3
1969	4
1970	6
1971	2
1972	7
1973	4
1974	1
1975	2
1976	4
1977	5
1978	6
1979	1
1980	5
1981	3
1982	3
1983	6
1984	6
1985	2
1986	2
1987	3
1988	3
1989	2
1990	4
1991	1
1992	1
1993	3
1994	3
1995	3
1996	2
1997	4
1998	3
1999	3
2000	1
2001	3
2002	4
2003	2
2004	3
2005	2
2006	4
2007	1
2008	3
2009	2
2010	0
2011	4
2012	2
2013	2
2014	2
2015	2
2016	6
2017	4
2018	3
2019	1
2020	3
2021	1
2022	4
2023	5
2024	1
2025	3
2026	3
2027	1
2028	3
2029	1
2030	3
2031	4
2032	3
2033	1
2034	2
2035	0
2036	6
2037	1
2038	2
2039	1
2040	2
2041	3
2042	1
2043	3
2044	2
2045	0
2046	3
2047	2
2048	3
2049	1
2050	3
2051	1
2052	5
2053	2
2054	5
2055	2
2056	1
2057	2
2058	0
2059	2
2060	1
2061	2
2062	3
2063	1
2064	2
2065	4
2066	0
2067	1
2068	1
2069	3
2070	2
2071	2
2072	1
2073	2
2074	0
2075	1
2076	2
2077	0
2078	1
2079	0
2080	0
2081	0
2082	2
2083	2
2084	1
2085	0
2086	4
2087	2
2088	0
2089	3
2090	1
2091	1
2092	2
2093	0
2094	1
2095	0
2096	4
2097	1
2098	2
2099	0
2100	1
2101	1
2102	1
2103	3
2104	1
2105	3
2106	4
2107	1
2108	2
2109	2
2110	4
2111	3
2112	1
2113	0
2114	3
2115	0
2116	2
2117	1
2118	2
2119	2
2120	1
2121	2
2122	2
2123	1
2124	3
2125	2
2126	1
2127	3
2128	2
2129	1
2130	3
2131	4
2132	0
2133	1
2134	1
2135	2
2136	1
2137	0
2138	1
2139	3
2140	4
2141	0
2142	2
2143	3
2144	0
2145	1
2146	1
2147	1
2148	4
2149	0
2150	4
2151	2
2152	3
2153	1
2154	1
2155	3
2156	2
2157	2
2158	5
2159	3
2160	2
2161	1
2162	1
2163	3
2164	2
2165	3
2166	2
2167	3
2168	0
2169	1
2170	2
2171	1
2172	1
2173	1
2174	0
2175	1
2176	3
2177	4
2178	2
2179	2
2180	1
2181	2
2182	2
2183	1
2184	0
2185	3
2186	1
2187	0
2188	6
2189	1
2190	4
2191	0
2192	3
2193	1
2194	1
2195	0
2196	1
2197	0
2198	3
2199	1
2200	2
2201	2
2202	1
2203	1
2204	2
2205	2
2206	2
2207	0
2208	3
2209	2
2210	2
2211	0
2212	1
2213	3
2214	2
2215	1
2216	0
2217	0
2218	1
2219	2
2220	0
2221	1
2222	3
2223	1
2224	3
2225	3
2226	1
2227	1
2228	0
2229	1
2230	3
2231	0
2232	0
2233	1
2234	1
2235	0
2236	4
2237	3
2238	2
2239	1
2240	2
2241	2
2242	1
2243	1
2244	2
2245	2
2246	4
2247	0
2248	2
2249	0
2250	4
2251	2
2252	2
2253	1
2254	2
2255	0
2256	4
2257	4
2258	0
2259	2
2260	5
2261	2
2262	2
2263	0
2264	2
2265	2
2266	4
2267	5
2268	2
2269	2
2270	0
2271	1
2272	0
2273	5
2274	1
2275	0
2276	2
2277	1
2278	3
2279	1
2280	1
2281	2
2282	1
2283	0
2284	4
2285	3
2286	1
2287	1
2288	3
2289	2
2290	1
2291	0
2292	0
2293	1
2294	1
2295	3
2296	2
2297	0
2298	1
2299	3
2300	0
2301	1
2302	4
2303	0
2304	1
2305	1
2306	2
2307	3
2308	2
2309	0
2310	1
2311	0
2312	3
2313	0
2314	0
2315	0
2316	3
2317	1
2318	0
2319	0
2320	1
2321	1
2322	2
2323	0
2324	5
2325	3
2326	4
2327	1
2328	1
2329	1
2330	0
2331	1
2332	0
2333	6
2334	4
2335	1
2336	3
2337	2
2338	1
2339	3
2340	0
2341	0
2342	0
2343	1
2344	2
2345	4
2346	0
2347	2
2348	0
2349	4
2350	1
2351	0
2352	0
2353	0
2354	3
2355	4
2356	2
2357	0
2358	0
2359	1
2360	1
2361	2
2362	1
2363	2
2364	2
2365	2
2366	2
2367	0
2368	1
2369	4
2370	1
2371	3
2372	6
2373	0
2374	3
2375	0
2376	1
2377	2
2378	0
2379	0
2380	7
2381	2
2382	4
2383	2
2384	0
2385	3
2386	2
2387	5
2388	2
2389	4
2390	2
2391	1
2392	0
2393	1
2394	0
2395	2
2396	1
2397	0
2398	0
2399	1
2400	1
2401	2
2402	1
2403	2
2404	0
2405	2
2406	1
2407	3
2408	2
2409	0
2410	1
2411	0
2412	1
2413	2
2414	0
2415	0
2416	2
2417	0
2418	0
2419	1
2420	0
2421	1
2422	0
2423	3
2424	0
2425	2
2426	1
2427	2
2428	1
2429	3
2430	2
2431	0
2432	1
2433	3
2434	3
2435	0
2436	0
2437	1
2438	1
2439	3
2440	0
2441	2
2442	1
2443	1
2444	4
2445	1
2446	1
2447	0
2448	2
2449	3
2450	2
2451	0
2452	1
2453	0
2454	1
2455	1
2456	1
2457	3
2458	3
2459	3
2460	1
2461	1
2462	4
2463	0
2464	0
2465	1
2466	1
2467	2
2468	1
2469	1
2470	5
2471	2
2472	3
2473	0
2474	4
2475	0
2476	2
2477	0
2478	0
2479	0
2480	0
2481	3
2482	3
2483	2
2484	1
2485	1
2486	4
2487	4
2488	0
2489	1
2490	1
2491	0
2492	3
2493	3
2494	0
2495	0
2496	1
2497	0
2498	1
2499	1
2500	0
2501	0
2502	1
2503	0
2504	1
2505	1
2506	0
2507	2
2508	2
2509	2
2510	2
2511	2
2512	1
2513	5
2514	1
2515	1
2516	2
2517	0
2518	5
2519	0
2520	0
2521	5
2522	3
2523	1
2524	3
2525	2
2526	1
2527	5
2528	1
2529	1
2530	0
2531	1
2532	0
2533	2
2534	3
2535	1
2536	2
2537	0
2538	3
2539	2
2540	3
2541	1
2542	1
2543	2
2544	2
2545	0
2546	1
2547	0
2548	3
2549	0
2550	1
2551	1
2552	1
2553	0
2554	0
2555	3
2556	0
2557	1
2558	2
2559	3
2560	4
2561	1
2562	2
2563	2
2564	1
2565	2
2566	2
2567	0
2568	3
2569	2
2570	1
2571	2
2572	3
2573	1
2574	4
2575	4
2576	1
2577	3
2578	2
2579	2
2580	4
2581	1
2582	2
2583	1
2584	0
2585	0
2586	1
2587	3
2588	0
2589	2
2590	2
2591	0
2592	6
2593	3
2594	3
2595	3
2596	5
2597	4
2598	2
2599	1
2600	1
2601	0
2602	0
2603	3
2604	2
2605	1
2606	0
2607	1
2608	0
2609	1
2610	0
2611	2
2612	1
2613	2
2614	1
2615	1
2616	3
2617	5
2618	1
2619	1
2620	1
2621	1
2622	1
2623	2
2624	0
2625	3
2626	0
2627	2
2628	0
2629	0
2630	0
2631	0
2632	2
2633	1
2634	4
2635	2
2636	0
2637	2
2638	2
2639	0
2640	1
2641	0
2642	2
2643	1
2644	0
2645	0
2646	2
2647	0
2648	1
2649	1
2650	2
2651	4
2652	2
2653	2
2654	2
2655	1
2656	0
2657	1
2658	1
2659	0
2660	2
2661	2
2662	0
2663	1
2664	0
2665	4
2666	1
2667	1
2668	1
2669	1
2670	2
2671	1
2672	1
2673	2
2674	0
2675	2
2676	2
2677	1
2678	2
2679	0
2680	0
2681	1
2682	1
2683	0
2684	2
2685	1
2686	1
2687	0
2688	3
2689	0
2690	1
2691	2
2692	2
2693	5
2694	1
2695	1
2696	1
2697	0
2698	1
2699	1
2700	2
2701	3
2702	2
2703	3
2704	2
2705	6
2706	1
2707	0
2708	1
2709	3
2710	1
2711	0
2712	1
2713	4
2714	2
2715	1
2716	4
2717	0
2718	4
2719	2
2720	3
2721	2
2722	0
2723	4
2724	2
2725	1
2726	0
2727	2
2728	4
2729	1
2730	1
2731	1
2732	4
2733	0
2734	3
2735	2
2736	2
2737	1
2738	5
2739	2
2740	0
2741	0
2742	2
2743	3
2744	2
2745	1
2746	0
2747	3
2748	2
2749	1
2750	2
2751	0
2752	5
2753	1
2754	0
2755	0
2756	1
2757	3
2758	2
2759	1
2760	0
2761	0
2762	1
2763	0
2764	4
2765	1
2766	1
2767	0
2768	2
2769	1
2770	2
2771	2
2772	2
2773	3
2774	0
2775	1
2776	2
2777	3
2778	0
2779	1
2780	2
2781	0
2782	3
2783	1
2784	1
2785	2
2786	4
2787	1
2788	4
2789	0
2790	2
2791	0
2792	0
2793	3
2794	0
2795	1
2796	3
2797	0
2798	2
2799	4
2800	0
2801	2
2802	2
2803	2
2804	1
2805	1
2806	5
2807	2
2808	1
2809	0
2810	1
2811	0
2812	1
2813	2
2814	4
2815	1
2816	4
2817	1
2818	2
2819	0
2820	2
2821	0
2822	3
2823	1
2824	3
2825	2
2826	0
2827	1
2828	2
2829	4
2830	2
2831	1
2832	1
2833	1
2834	3
2835	1
2836	0
2837	3
2838	3
2839	1
2840	2
2841	2
2842	4
2843	1
2844	6
2845	3
2846	0
2847	1
2848	3
2849	0
2850	1
2851	1
2852	4
2853	2
2854	0
2855	3
2856	2
2857	4
2858	0
2859	4
2860	3
2861	2
2862	0
2863	0
2864	1
2865	3
2866	0
2867	5
2868	3
2869	1
2870	1
2871	4
2872	2
2873	2
2874	1
2875	3
2876	2
2877	1
2878	1
2879	1
2880	2
2881	2
2882	1
2883	1
2884	1
2885	3
2886	0
2887	0
2888	1
2889	3
2890	0
2891	0
2892	1
2893	1
2894	2
2895	0
2896	2
2897	2
2898	1
2899	1
2900	1
2901	2
2902	4
2903	0
2904	2
2905	2
2906	0
2907	3
2908	1
2909	2
2910	1
2911	2
2912	2
2913	1
2914	1
2915	3
2916	2
2917	0
2918	3
2919	2
2920	2
2921	1
2922	2
2923	2
2924	3
2925	2
2926	2
2927	2
2928	3
2929	0
2930	1
2931	0
2932	2
2933	0
2934	1
2935	1
2936	3
2937	0
2938	2
2939	1
2940	0
2941	3
2942	4
2943	0
2944	0
2945	1
2946	1
2947	1
2948	3
2949	4
2950	2
2951	2
2952	1
2953	0
2954	3
2955	1
2956	2
2957	1
2958	1
2959	0
2960	1
2961	1
2962	3
2963	3
2964	0
2965	1
2966	1
2967	0
2968	3
2969	1
2970	0
2971	2
2972	1
2973	3
2974	0
2975	2
2976	2
2977	2
2978	1
2979	0
2980	3
2981	1
2982	3
2983	2
2984	1
2985	1
2986	2
2987	3
2988	1
2989	4
2990	2
2991	2
2992	1
2993	2
2994	1
2995	0
2996	2
2997	3
2998	1
2999	1
3000	0
3001	0
3002	1
3003	1
3004	3
3005	2
3006	2
3007	2
3008	0
3009	2
3010	5
3011	1
3012	3
3013	1
3014	6
3015	2
3016	1
3017	2
3018	1
3019	2
3020	3
3021	1
3022	4
3023	1
3024	0
3025	2
3026	2
3027	0
3028	3
3029	3
3030	1
3031	1
3032	1
3033	4
3034	1
3035	4
3036	4
3037	0
3038	1
3039	2
3040	2
3041	1
3042	1
3043	3
3044	5
3045	2
3046	2
3047	2
3048	2
3049	4
3050	2
3051	2
3052	0
3053	0
3054	3
3055	1
3056	4
3057	1
3058	1
3059	4
3060	1
3061	0
3062	2
3063	1
3064	3
3065	6
3066	0
3067	1
3068	0
3069	1
3070	1
3071	0
3072	0
3073	2
3074	0
3075	0
3076	0
3077	1
3078	1
3079	3
3080	1
3081	0
3082	0
3083	3
3084	2
3085	3
3086	1
3087	1
3088	3
3089	0
3090	4
3091	3
3092	1
3093	1
3094	6
3095	2
3096	0
3097	1
3098	3
3099	1
3100	2
3101	0
3102	1
3103	1
3104	2
3105	1
3106	0
3107	3
3108	1
3109	2
3110	1
3111	2
3112	2
3113	0
3114	0
3115	1
3116	1
3117	2
3118	2
3119	0
3120	0
3121	3
3122	3
3123	2
3124	1
3125	2
3126	2
3127	2
3128	2
3129	1
3130	0
3131	0
3132	2
3133	1
3134	3
3135	3
3136	0
3137	4
3138	4
3139	2
3140	1
3141	0
3142	1
3143	0
3144	1
3145	5
3146	0
3147	2
3148	1
3149	0
3150	1
3151	3
3152	0
3153	4
3154	0
3155	2
3156	1
3157	1
3158	2
3159	1
3160	2
3161	1
3162	3
3163	2
3164	0
3165	3
3166	6
3167	4
3168	1
3169	1
3170	2
3171	1
3172	2
3173	0
3174	0
3175	1
3176	2
3177	1
3178	2
3179	0
3180	1
3181	3
3182	3
3183	1
3184	1
3185	6
3186	1
3187	3
3188	1
3189	1
3190	4
3191	1
3192	1
3193	0
3194	1
3195	4
3196	1
3197	1
3198	3
3199	1
3200	3
3201	0
3202	0
3203	1
3204	2
3205	0
3206	1
3207	2
3208	3
3209	0
3210	3
3211	0
3212	1
3213	0
3214	2
3215	0
3216	2
3217	2
3218	0
3219	2
3220	4
3221	2
3222	4
3223	1
3224	5
3225	3
3226	1
3227	1
3228	0
3229	3
3230	1
3231	0
3232	2
3233	0
3234	1
3235	0
3236	4
3237	1
3238	4
3239	1
3240	0
3241	0
3242	2
3243	2
3244	3
3245	0
3246	2
3247	0
3248	2
3249	0
3250	1
3251	2
3252	1
3253	0
3254	3
3255	1
3256	3
3257	2
3258	1
3259	3
3260	4
3261	3
3262	0
3263	2
3264	9
3265	2
3266	3
3267	0
3268	3
3269	3
3270	6
3271	2
3272	0
3273	1
3274	3
3275	1
3276	0
3277	5
3278	2
3279	3
3280	1
3281	4
3282	4
3283	3
3284	2
3285	1
3286	1
3287	2
3288	2
3289	0
3290	0
3291	1
3292	2
3293	1
3294	0
3295	1
3296	2
3297	2
3298	0
3299	0
3300	6
3301	0
3302	2
3303	6
3304	2
3305	2
3306	1
3307	9
3308	4
3309	4
3310	3
3311	0
3312	0
3313	2
3314	4
3315	2
3316	4
3317	3
3318	5
3319	0
3320	1
3321	2
3322	1
3323	3
3324	0
3325	1
3326	2
3327	0
3328	0
3329	2
3330	0
3331	2
3332	2
3333	3
3334	3
3335	2
3336	1
3337	1
3338	6
3339	2
3340	6
3341	2
3342	1
3343	0
3344	3
3345	1
3346	2
3347	3
3348	3
3349	1
3350	2
3351	4
3352	2
3353	1
3354	2
3355	1
3356	3
3357	3
3358	0
3359	1
3360	1
3361	1
3362	0
3363	2
3364	0
3365	1
3366	3
3367	4
3368	1
3369	1
3370	4
3371	1
3372	2
3373	4
3374	5
3375	2
3376	5
3377	1
3378	3
3379	3
3380	2
3381	0
3382	3
3383	1
3384	3
3385	1
3386	3
3387	0
3388	3
3389	0
3390	2
3391	1
3392	3
3393	1
3394	1
3395	3
3396	2
3397	2
3398	2
3399	3
3400	5
3401	2
3402	1
3403	2
3404	2
3405	1
3406	2
3407	1
3408	3
3409	0
3410	0
3411	1
3412	1
3413	2
3414	1
3415	1
3416	3
3417	3
3418	2
3419	2
3420	2
3421	7
3422	1
3423	1
3424	3
3425	1
3426	1
3427	3
3428	1
3429	3
3430	0
3431	2
3432	3
3433	2
3434	3
3435	3
3436	2
3437	3
3438	2
3439	0
3440	2
3441	2
3442	7
3443	4
3444	6
3445	4
3446	1
3447	1
3448	3
3449	2
3450	3
3451	5
3452	4
3453	1
3454	1
3455	2
3456	4
3457	4
3458	2
3459	2
3460	3
3461	2
3462	3
3463	2
3464	1
3465	2
3466	3
3467	3
3468	1
3469	3
3470	4
3471	3
3472	2
3473	0
3474	4
3475	4
3476	0
3477	1
3478	3
3479	0
3480	4
3481	4
3482	0
3483	7
3484	5
3485	2
3486	3
3487	0
3488	4
3489	2
3490	4
3491	1
3492	5
3493	5
3494	2
3495	3
3496	0
3497	3
3498	2
3499	1
3500	8
3501	3
3502	3
3503	0
3504	2
3505	2
3506	5
3507	3
3508	2
3509	1
3510	3
3511	1
3512	1
3513	1
3514	1
3515	3
3516	3
3517	1
3518	0
3519	3
3520	4
3521	4
3522	3
3523	2
3524	4
3525	1
3526	2
3527	2
3528	5
3529	5
3530	1
3531	2
3532	1
3533	2
3534	1
3535	1
3536	2
3537	2
3538	1
3539	1
3540	2
3541	0
3542	3
3543	2
3544	2
3545	4
3546	1
3547	0
3548	0
3549	2
3550	4
3551	2
3552	1
3553	1
3554	6
3555	1
3556	3
3557	1
3558	1
3559	4
3560	5
3561	4
3562	2
3563	3
3564	3
3565	0
3566	2
3567	2
3568	3
3569	3
3570	3
3571	1
3572	3
3573	1
3574	6
3575	1
3576	3
3577	2
3578	2
3579	3
3580	2
3581	2
3582	1
3583	1
3584	6
3585	5
3586	3
3587	1
3588	2
3589	5
3590	1
3591	1
3592	3
3593	6
3594	3
3595	3
3596	8
3597	0
3598	3
3599	3
3600	1
3601	5
3602	5
3603	2
3604	1
3605	1
3606	3
3607	2
3608	1
3609	1
3610	1
3611	1
3612	3
3613	3
3614	1
3615	2
3616	2
3617	3
3618	1
3619	2
3620	4
3621	3
3622	5
3623	1
3624	0
3625	2
3626	2
3627	1
3628	3
3629	1
3630	3
3631	0
3632	1
3633	3
3634	3
3635	3
3636	1
3637	0
3638	0
3639	2
3640	1
3641	5
3642	0
3643	1
3644	0
3645	0
3646	3
3647	0
3648	1
3649	3
3650	2
3651	7
3652	0
3653	3
3654	3
3655	5
3656	3
3657	4
3658	1
3659	3
3660	4
3661	4
3662	3
3663	1
3664	2
3665	2
3666	2
3667	3
3668	3
3669	4
3670	2
3671	3
3672	4
3673	1
3674	2
3675	2
3676	4
3677	4
3678	8
3679	4
3680	3
3681	1
3682	3
3683	4
3684	4
3685	1
3686	3
3687	3
3688	6
3689	1
3690	2
3691	5
3692	2
3693	1
3694	1
3695	0
3696	2
3697	4
3698	2
3699	1
3700	2
3701	0
3702	2
3703	1
3704	5
3705	0
3706	1
3707	2
3708	3
3709	0
3710	0
3711	3
3712	3
3713	2
3714	1
3715	1
3716	4
3717	1
3718	3
3719	2
3720	0
3721	3
3722	1
3723	1
3724	1
3725	4
3726	1
3727	0
3728	4
3729	3
3730	2
3731	1
3732	2
3733	3
3734	1
3735	0
3736	1
3737	7
3738	1
3739	0
3740	2
3741	3
3742	2
3743	1
3744	5
3745	3
3746	3
3747	2
3748	3
3749	0
3750	5
3751	4
3752	2
3753	3
3754	0
3755	2
3756	2
3757	2
3758	3
3759	2
3760	0
3761	1
3762	2
3763	4
3764	2
3765	1
3766	2
3767	1
3768	0
3769	1
3770	2
3771	0
3772	1
3773	2
3774	1
3775	0
3776	4
3777	0
3778	1
3779	1
3780	2
3781	0
3782	2
3783	1
3784	2
3785	3
3786	2
3787	0
3788	5
3789	1
3790	1
3791	1
3792	0
3793	2
3794	1
3795	2
3796	0
3797	0
3798	2
3799	0
3800	0
3801	1
3802	2
3803	1
3804	1
3805	1
3806	0
3807	2
3808	3
3809	3
3810	0
3811	0
3812	0
3813	1
3814	1
3815	0
3816	0
3817	6
3818	1
3819	0
3820	2
3821	1
3822	3
3823	2
3824	3
3825	1
3826	1
3827	2
3828	2
3829	2
3830	1
3831	0
3832	1
3833	1
3834	2
3835	2
3836	2
3837	0
3838	3
3839	0
3840	1
3841	0
3842	0
3843	0
3844	1
3845	1
3846	0
3847	1
3848	4
3849	0
3850	0
3851	0
3852	1
3853	0
3854	2
3855	0
3856	1
3857	4
3858	2
3859	1
3860	2
3861	1
3862	1
3863	0
3864	1
3865	3
3866	0
3867	0
3868	1
3869	3
3870	1
3871	0
3872	1
3873	1
3874	2
3875	1
3876	1
3877	2
3878	2
3879	2
3880	0
3881	0
3882	0
3883	1
3884	0
3885	2
3886	1
3887	0
3888	2
3889	0
3890	1
3891	4
3892	1
3893	2
3894	1
3895	0
3896	2
3897	1
3898	1
3899	1
3900	0
3901	1
3902	2
3903	2
3904	1
3905	0
3906	1
3907	0
3908	2
3909	1
3910	1
3911	0
3912	1
3913	0
3914	2
3915	0
3916	0
3917	0
3918	1
3919	2
3920	2
3921	0
3922	0
3923	3
3924	0
3925	0
3926	1
3927	2
3928	4
3929	0
3930	0
3931	2
3932	1
3933	0
3934	1
3935	1
3936	4
3937	0
3938	2
3939	0
3940	1
3941	0
3942	0
3943	0
3944	0
3945	3
3946	0
3947	2
3948	1
3949	0
3950	0
3951	2
3952	2
3953	1
3954	1
3955	0
3956	1
3957	0
3958	1
3959	0
3960	0
3961	1
3962	3
3963	1
3964	0
3965	1
3966	1
3967	2
3968	2
3969	0
3970	0
3971	2
3972	0
3973	0
3974	1
3975	1
3976	0
3977	1
3978	0
3979	1
3980	1
3981	1
3982	0
3983	0
3984	0
3985	0
3986	0
3987	2
3988	0
3989	2
3990	2
3991	0
3992	0
3993	0
3994	1
3995	0
3996	1
3997	1
3998	0
3999	2
4000	0
